Error on the test set seq only: 62712
Error on the training set: 0.0195927
Number of parameters: 1031

Base Parameters
-1.84207	-0.701919	-0.802698	-0.574475	-5.42795	-1.57663
-0.503278	2.40608	1.77327	-0.60707	0.162207	-0.853658
-0.123501	0.567433	-0.138473	1.87284	-0.847318	0.209575
-0.666343	-0.905257	-0.475374	-0.689311	-1.02213	-0.425083
-0.1601	1.04628	-1.22782	-0.353486	-2.31498	0.76927
-0.0129533	0.0855305	0.878418	0.420768	-0.934724	-0.843708
-0.146795	-0.0148897	-1.80961	3.77554	-1.92705	0.451143
-0.355045	-1.25134	2.41316	0.165517	1.08207	0.526059
-0.338297	-0.354429	-0.063873	-0.191438	-1.08281	3.27679
0.475437	-0.0267417	0.174482	3.23219	-0.877164	-1.04686
-1.07749	0.978742	-1.17784	-0.716842	2.60734	0.0757451
-1.13049	-0.78281	1.46689	-0.718853	-0.673694	-0.330394
-0.212965	4.00653	0.701159	-2.76196	-0.0427003	-1.40203
-0.641772	-0.479147	-0.702305	-0.549101	-0.987526	-0.292939
-0.231626	0.906941	-0.580388	-2.16078	2.26891	-1.58502
-0.281357	-0.517227	-0.43357	-0.250356	-0.312033	-0.198103
0.24153	-2.94935	-1.21167	0.562721	3.43444	1.14881
-0.0213184	0.244001	3.80946	2.3558	-0.917166	-0.333204
0.529316	-1.72748	0.700365	2.97256	-0.413931	-0.676363
-0.519845	0.853626	-0.560587	-1.46964	-0.766039	-0.663514
0.442292	1.72779	-2.90547	-1.937	-3.65928	-0.316192
-0.261979	1.66118	-0.0231189	-1.85584	-2.03743	-0.748276
-0.0987969	0.987354	-0.347702	-2.94042	0.290931	-0.0710968
0.609513	-0.0947645	0.885378	0.499821	-1.53796	0.972142
0.18197	-0.294459	1.28249	1.05126	-1.46479	2.1876
0.464439	-0.403654	-0.882276	2.11728	-1.2864	-0.0646053
0.593505	0.351991	-3.42277	-3.13416	2.21426	-0.407176
-0.406444	-1.33632	-0.174586	-0.25251	-0.395034	-0.0273484
-0.0123624	1.90825	-0.416499	-1.60928	-1.51033	-1.98059
-1.15736	1.57093	1.24041	-1.02644	0.649843	1.76641
1.74776	-1.61654	0.20562	3.1199	-1.58388	1.79566
0.461088	0.173681	-0.273792	-0.513386	0.450588	-2.60844
-0.237118	0.48548	-2.742	-1.95262	2.14039	1.54287
0.347383	-0.115437	-0.310655	1.39867	0.0805764	2.5859
0.0842435	0.539634	-0.487994	1.14409	-1.1428	-1.99467
2.46522	-0.481938	-3.63835	-1.82529	1.78358	-2.52131
0.615375	0.786756	-0.292415	0.329949	0.0649734	0.109904
0.682423	1.78321	0.00933972	-1.13281	-3.14338	-0.849511
1.87065	-0.284709	-0.311519	1.25309	-0.701998	-0.240695
-0.444188	-0.787232	-0.445587	-0.393021	-0.25008	-0.148311
0.495512	-0.831875	0.309641	-0.434683	2.46099	0.499803
-1.72956	-0.736483	0.846318	-0.137968	0.295535	-0.111953
-1.77169	2.33164	1.81677	-1.0039	-0.742482	-0.11908
-0.597434	-1.07327	-0.748475	-0.625126	-0.260152	0.270058
-0.500878	0.870611	0.167381	-0.290885	-0.624479	-1.23874
-0.574129	1.46638	2.70969	0.869081	-0.144389	0.496997
-0.115	-0.304696	0.439234	3.74218	-2.09837	-0.010701
-0.112883	2.50985	2.19036	-1.31626	1.95656	-0.437698
-0.506474	1.35246	0.549158	-0.627372	-1.17693	1.04635
-1.85789	0.996859	2.80804	-1.77791	-1.79064	0.888064
-0.378988	-1.2513	-0.54894	-0.29738	0.540694	-0.164834
0.489104	0.0411711	-0.7326	1.01578	-2.12624	1.19477
-0.472781	-0.482016	-0.520067	-0.448532	-0.807302	-0.805535
-0.420699	-0.713619	-0.3857	-0.60517	0.0406649	-0.359313
0.359661	-0.8331	-0.587192	3.32087	1.68882	2.81085
-0.0763235	2.97717	-1.19075	-2.15645	0.385491	0.141331
2.34757	-0.266012	-1.97391	-1.88824	0.397736	0.650422
0.442985	2.69292	0.479115	-2.69721	-0.700483	1.29112
-0.574403	-1.06052	-0.766957	-0.553757	-0.309312	-0.287601
0.0176374	-0.691343	-0.0287135	-0.492666	1.40823	2.0291
0.00719561	1.39398	-1.37624	2.25013	-2.46876	2.49446
0.0296671	0.428787	-0.384179	0.312694	0.699662	-0.845629
0.341603	-0.404341	0.0706178	0.44925	1.01863	0.67329
-0.149917	-0.287537	-0.510155	0.154607	0.14781	-0.339708
-0.214234	-0.439821	-0.155673	1.8992	1.35363	-1.6602
-0.357071	-0.864343	0.914138	-0.551293	2.58949	0.798321
0.458983	0.436335	-0.102095	-1.03729	-1.37491	1.57095
-0.438483	-0.685925	0.539178	-1.26813	-0.607332	-0.341987
-0.791371	-0.0438336	-0.0403372	-2.14008	2.61494	1.38077
0.0363297	0.313134	-0.118993	-0.495049	0.27007	-1.21662
-0.0427423	-1.20207	0.364753	1.17011	-1.10978	0.91571
0.0569641	0.539339	0.232174	-0.61842	1.24755	1.25595
0.597407	0.189184	-0.0950248	1.58934	0.758927	-2.66746
1.36549	-1.73124	1.84235	-1.55974	-0.0471019	-0.0198147
-0.607891	1.72339	-0.601582	-0.54881	-2.06767	-0.941047
-0.310329	0.417155	-2.85687	-0.84967	1.39371	-0.746172
0.12223	-0.0283725	1.26811	4.47628	-1.34195	0.494451
0.310703	-1.46368	3.86201	-1.04663	3.2878	3.04715
0.628636	-0.631329	2.17569	-0.706076	-1.8301	-0.396541
0.0465849	-0.495491	-1.49807	-1.89591	-0.853732	-1.02564
1.55902	-0.10512	-0.191233	-0.889834	0.499801	0.432524
0.504128	0.319206	-3.99554	-1.36079	1.7795	0.0989549
0.540713	-0.6816	-0.224406	0.0732331	1.77363	0.0805048
0.770831	-0.518182	1.42805	0.773978	-0.68922	2.76283
0.841491	-0.553462	-0.466041	-1.00946	1.43711	-1.09032
-0.553453	1.34539	-1.46455	2.8049	-0.528136	-0.315643
0.405999	0.470599	0.000550622	-3.40047	4.70301	0.92065
1.59054	-0.479999	-0.297481	0.123529	0.603476	-0.736629
-0.0671443	-0.386089	2.84397	2.22025	-0.212214	0.0684823
0.32889	0.456029	1.58181	-1.82959	-0.493831	1.07385
-0.251937	-0.0812972	-0.408539	-0.0681429	0.206348	0.28638
1.37626	0.0167306	-0.0964184	-1.25165	0.663928	1.39254
0.247836	0.904044	-0.796734	-1.07222	-2.58221	0.257952
0.364727	-1.08049	-1.31319	1.88044	1.90589	0.439619
-1.30204	0.336961	-0.207341	-0.792689	-0.345352	-0.808762
0.315049	-1.16673	0.850468	0.964179	1.59941	-1.05106
0.808459	-1.93816	0.937237	1.56529	-0.989969	0.584922
-0.46175	0.347794	-1.35161	0.522442	0.926549	-0.654546
0.0292966	0.703096	-1.86698	-0.873309	0.577896	1.10555
-0.103065	-0.267957	-0.429312	0.408225	-0.0285513	-0.0982989
-0.488762	-1.09477	-0.424937	-0.36785	-0.253188	-0.110494
-0.32743	-1.01361	-0.0558866	0.708232	-0.820608	-0.15384
0.257041	0.170666	1.01259	0.814573	-1.57497	0.275917
-0.425053	-0.766003	-0.598727	-0.118257	-0.143184	-0.336215
0.579219	-0.316599	1.83947	1.46944	-1.4551	-0.5001
0.569009	-0.342817	-0.250854	0.974864	1.48913	0.838591
0.0933607	0.865807	-1.89262	-2.765	0.555589	1.6306
-0.030921	1.70798	-1.58902	0.86177	-0.322259	-0.0583342
-0.226031	-0.431771	-0.97935	0.0534556	-1.05295	1.18323
-0.0790462	-0.102162	-0.493175	0.273536	1.41333	-0.448798
0.276724	-0.137478	-1.32969	1.27605	-2.7251	-0.300084
-0.564467	-0.914489	-0.937648	0.604806	-1.21171	0.0255699
-0.322456	1.36915	-0.605848	-1.71376	-1.77715	-0.170221
-2.84635	1.21038	0.78088	0.412598	0.714043	0.126506
-0.553628	-1.35125	-0.65278	-0.524198	-0.407182	-0.0299352
-0.664703	-0.291744	0.591568	0.753818	-1.46019	-0.295615
0.57931	-0.543876	0.245593	1.30458	-0.261104	3.56081
0.308602	1.11092	0.0213671	-1.90872	-1.09969	-0.652825
-0.533413	-1.50593	-0.568441	-0.55298	-0.143948	-0.0438265
-0.46847	-0.529934	1.17933	2.67504	-0.420887	0.455333
0.237353	-1.01471	5.28104	-0.436105	1.61243	2.22216
-0.815183	-1.09236	-0.270757	0.0889776	-0.429073	0.148782
0.359836	0.00928428	-0.30838	0.263155	0.59053	-0.123219
-0.435479	-0.641303	-0.685448	-0.446632	-0.214357	-0.0999363
0.87972	0.687363	-4.22199	-1.94691	1.41291	-0.412428
-0.0378352	0.100557	0.432188	-1.17009	-0.00129625	-0.245611
-0.784619	0.664732	0.0466455	-1.02266	-2.59776	-0.0756765
-0.327096	0.369856	-0.319415	0.896425	1.00217	1.98761
-0.749634	-1.42784	-0.967377	-0.273492	-0.636681	-0.313687
-0.781183	-0.757465	0.135928	-0.578208	0.0995377	-0.28506
-0.088554	0.470947	0.909433	-3.18436	0.73151	-1.11229
-0.689093	-0.701826	-0.459167	-1.61702	-0.319443	0.170592
-0.0142024	0.728945	-2.16651	0.314793	-3.61208	0.76121
-0.600912	-0.286446	0.0373312	0.691419	-2.16658	0.215536
-0.726751	-0.724079	0.707385	1.27247	-0.925924	-0.122434
-1.06129	-0.81969	-0.710343	-0.134393	-0.366407	0.237694
-0.343504	-0.5107	0.759938	-1.07903	-0.132665	-1.0177
-0.438886	-0.747539	-0.5618	-0.601324	-0.314989	-0.00952195
-0.224536	-1.12214	1.15634	0.697568	-0.677185	-0.566359
-0.180695	0.225114	-1.38864	0.341508	-1.07627	0.948252
1.29098	-2.35909	-0.59072	2.69498	-1.19503	-0.640282
0.209213	-0.217491	0.133947	0.666657	2.11741	-0.634741
1.30256	-0.25739	-0.697055	-2.85527	0.126303	-1.26363
0.569506	-0.317916	-0.0858739	0.732221	0.684923	-0.277192
-0.529652	-0.397826	-0.611827	0.0159211	-0.549983	0.00411914
0.270755	-0.10613	-1.1419	0.989297	0.275428	0.293624
0.138971	1.16559	-1.30838	0.102976	-1.11525	-0.0783726
0.62489	1.34349	-0.862178	0.200089	0.622401	-0.0953092
0.413424	0.882	-0.655364	-1.45016	-1.51548	0.298562
0.405677	0.249815	-0.544252	2.82668	-0.834821	-0.434197
-0.118404	0.268188	0.0238256	1.00239	-1.27414	0.561263
0.123235	0.234757	0.506084	0.0449276	-0.273085	-0.180067
0.0202568	0.190357	0.776657	0.18854	-0.0873773	0.186826
-0.234056	-0.891623	-0.186843	-0.178793	0.328447	-0.0126225
0.737434	0.368038	-0.920126	0.0437546	0.20922	-0.330145
-0.222723	-0.101653	0.458763	0.0484727	-0.708218	-0.749844
0.784818	0.762269	0.685098	-0.421612	-0.986551	-1.31962
-0.410972	-0.845193	-0.492951	-0.570713	0.22688	-0.287113
-0.135146	0.339813	-0.73919	0.171841	-0.132038	-0.00354906
0.908886	0.551038	-1.06229	-1.14643	-0.695378	1.05144
-0.205532	1.63908	-2.32844	0.495484	-3.77318	2.0304
-0.388847	-1.05923	-0.498998	-0.230574	0.167712	-0.154817
-0.340335	0.442063	1.0398	-0.0123059	-2.37518	-0.271254
-0.11036	-0.730025	0.153373	0.188723	-0.139944	-0.0648467
0.528374	-0.242484	-0.15047	-2.84659	0.243347	-0.807869
0.21249	-0.00547405	0.231353	-0.307868	1.33162	0.0436086
0.012607	-0.881629	-0.00651273	0.8354	0.178993	0.0640516
0.110146	0.220545	0.492015	0.387821	-0.212808	-0.0506106
-0.101244	0.543419	-1.5406	1.8713	-0.804818	-0.78202
-1.11569	-0.477649	-0.343019	-0.387051	-0.116226	-0.00386084
-0.510871	3.31924	-0.709822	0.132176	-0.324861	0.0416462
-0.0317089	-0.134812	1.26021	-0.536026	1.99165	1.75041
-0.19973	0.902078	0.0397846	-0.460273	0.939101	-0.0925572
-0.420979	2.23122	-1.03125	0.306292	0.179735	0.259197
-0.21266	-0.278403	0.247197	0.955724	0.174164	0.318645
-0.0434061	-0.208839	0.714703	1.01752	2.70526	-0.450927
-0.530669	0.24324	-1.37359	0.983134	-0.0356019	0.226237
-0.217516	-0.218344	-0.599389	-0.0133613	0.0852767	-0.273669
0.0628733	-1.44649	2.17108	-1.12881	2.8459	0.800043
1.06578	-2.11044	1.03528	-1.42767	2.57671	-0.911237
0.819099	-0.645013	-0.662323	1.60474	-1.43202	1.96036
0.384773	-0.427313	-0.604107	0.310027	1.69752	-0.71272
-1.21733	1.70715	0.356812	0.612654	-0.0656216	0.0164693
-0.289466	-1.34155	-0.0980344	-0.129132	0.0509574	-0.0154955
-0.342897	-1.00503	-0.370918	-0.51054	0.0754415	-0.0831908
0.759501	0.775211	-2.8713	-1.57104	-1.19615	-0.197599
-0.485589	-0.484131	0.0863843	-0.3175	0.0621481	-0.198751
-0.900735	-0.351131	0.536943	1.33169	0.243873	-0.324066
-0.390902	-1.91616	0.0906343	-0.669207	-0.245833	0.0988602
-0.793017	-1.54985	-1.13287	2.49079	2.20182	-0.524558
-0.418583	-0.923078	-0.0197314	0.182987	-0.804618	0.205535
0.348516	-1.19629	0.175819	0.914472	1.29416	0.145983
-0.064363	-0.588511	0.275481	2.09398	1.1159	5.26341
0.0695613	-0.383626	0.262325	0.803605	-0.578458	-0.262925
0.312403	-0.145695	-0.363458	0.582761	-2.13962	0.0157462
-2.01009	-0.969994	0.475754	-2.39907	2.15286	2.61413
0.125701	0.448624	-1.53496	0.402897	0.352893	-0.438969
1.5845	-2.82058	0.342445	-0.947581	-0.597164	0.409345
-0.408824	-0.785373	-0.28002	-0.422578	-0.296229	-0.124721
-0.480012	-1.09233	0.956538	-1.3843	0.238932	-0.0527662
-0.705443	2.01682	-0.536462	0.855787	-0.188365	-0.267982
-0.202871	-1.07111	-0.125029	-0.137141	0.0576387	-0.0290339
0.207636	-0.894173	-1.08228	1.3038	2.37899	-0.0787184
-0.576749	0.823373	-1.32983	-0.522186	-1.19177	0.24932
0.361359	-0.596124	-0.317291	2.36785	-0.00450165	-1.18091
-0.164527	-0.798144	-0.988104	0.649846	0.45318	-0.693736
-1.08687	-0.50954	1.68884	2.04002	1.41787	1.33817
-0.551007	-1.17046	-0.509197	-0.424049	-0.454958	-0.0984408
0.149107	-1.66061	-1.81948	-0.368962	2.42833	1.66563
1.07661	-0.229748	0.686293	-1.85934	-2.13931	-2.87114
1.46752	-1.11676	-0.0585231	0.842908	0.0610549	0.36236
0.160056	0.294282	2.23165	0.0839362	-2.45826	1.52557
-0.518086	-0.667375	-0.197458	-0.697499	-0.71541	-0.0892627
-0.143574	0.113106	-0.790973	2.51311	-0.698466	1.34043
0.318412	1.36523	-1.94542	0.394515	0.202124	0.189291
0.950244	-0.328024	-0.456372	0.973133	0.543865	-0.407831
0.368578	0.128159	0.287308	-0.811762	1.06798	2.38735
-0.365063	-0.984621	-0.551407	0.0167425	-0.221798	0.0237378
-0.343756	-1.07886	-0.405635	-0.167241	0.214579	-0.187559
0.281703	-0.119501	-2.13849	1.06979	0.157743	-0.482271
0.685196	-0.415553	-0.769147	0.111016	1.66799	0.7263
0.262459	0.057571	1.4735	3.73173	-0.125897	-2.30799
-1.09983	-1.1078	-1.09731	-0.213969	-0.259255	0.0843954
0.500296	-0.260348	0.74038	-1.31225	0.956824	0.440919
-0.0741997	0.93844	-0.331485	1.46163	1.57801	-0.434774
-0.293442	-1.26773	-0.306149	-0.173569	0.248386	-0.0458578
-0.105975	0.220967	-0.387412	-0.184973	-0.531858	0.206364
-0.743977	-0.860653	-1.5759	-1.33904	0.0307488	0.55986
1.1864	1.46792	-1.133	-1.30725	-1.30906	0.485789
-0.241745	1.80891	0.344565	0.530338	0.469959	0.533296
0.708367	-0.729144	0.134592	1.15178	1.21755	0.426946
0.526754	-0.153529	0.7071	-0.748411	1.06286	0.433791
-1.79756	1.79961	-0.561812	-2.84047	-1.21753	-0.601438
-0.149843	-0.444347	-0.00681635	-0.46023	-0.00768837	-0.0674884
-0.110388	0.584306	-1.25808	1.05148	-0.315204	0.0857955
0.330601	0.852929	-2.5215	-2.36724	0.0956833	0.0106061
0.920203	-0.447859	0.928292	-0.556076	-3.25041	-0.349982
0.123009	-0.178429	-0.715885	0.655402	0.827219	0.229438
-1.12024	1.5792	1.32839	0.263327	-0.788817	0.521749
0.02163	2.56637	-2.12749	1.21372	3.41772	0.676773
-0.89457	0.106534	-1.02613	-0.830171	2.1584	2.33915
0.149283	0.142581	-0.187107	0.761587	-0.497431	1.34187
0.323828	0.0607264	0.0238233	1.12828	0.305994	-0.903224
-0.475999	-0.0985872	5.64954	0.643841	-0.535496	2.55633
0.566455	-1.15108	2.24737	-0.3845	-1.09051	0.0419906
0.475528	0.247002	-2.43636	-0.8566	1.06364	0.833019
0.485761	0.053888	1.50228	-0.944333	-1.74562	0.233926
-0.0479563	0.84531	0.541389	-0.17562	-0.968739	0.88201
-3.12908	2.06934	0.0228447	1.09905	0.759988	-0.400918
1.03957	-0.670237	0.306498	1.45895	1.23956	1.27888
-0.488258	-1.24931	-0.466748	-0.372245	-0.180332	-0.0329435
-0.311345	-1.39566	2.57555	2.37037	0.984796	0.9711
-0.382503	3.42094	-0.120976	1.63565	1.11996	-0.0250747
0.101407	1.05679	0.34866	-2.91872	-0.116413	-0.294065
-0.108331	0.30311	0.130071	-1.16035	-0.369162	-0.0937071
0.0316109	3.38836	-0.418072	1.66355	1.45178	0.0758581
-0.697567	3.08088	1.08073	0.3818	-1.71773	-1.94145
1.81283	0.722746	-0.264039	-0.0550471	-4.23762	-0.702045
-0.67115	-1.55493	-0.848464	0.0835967	-0.623496	-0.0651954
-0.195633	1.96591	1.58347	-2.03951	3.39544	-0.240253
0.666166	-0.545926	-1.52975	1.46442	2.48806	-2.15407
-0.472254	-0.37538	2.3537	-3.4258	-0.175361	1.61967
0.10553	0.132201	-0.832262	1.574	-2.12836	-0.758824
1.25381	-0.773024	0.910553	0.248374	-1.22354	2.64913
-0.179284	-0.31675	-2.17472	-1.27327	1.65852	0.098331
0.864817	1.40496	-0.401178	0.319401	0.583495	0.120848
0.7143	-0.0739078	-0.755655	0.971601	-1.31286	0.834118
-0.583652	-0.720432	-0.71108	-0.877642	-0.160984	-0.0404325
0.290218	-1.06475	-0.241933	1.33202	3.11174	2.6548
0.793448	-0.821492	0.618169	1.45597	-1.94301	-0.160381
1.05538	0.411651	-3.04886	-0.236864	-0.088414	-0.655869
1.00293	-1.32021	3.10071	-2.29622	-0.525515	-1.62526
1.17433	0.954554	-1.41066	-3.03102	-1.50969	0.216871
1.24639	-0.754742	-0.390616	-2.48037	1.4834	-0.546072
0.97981	-2.48027	-0.053645	0.0593834	1.64302	-1.38217
0.304511	0.193104	-1.33857	3.63988	0.770511	-0.994544
-0.476711	-1.12866	-0.937778	0.183786	0.370369	0.281525
0.0316519	-0.610145	2.26579	-0.163201	3.88173	0.258098
0.431409	0.0828989	-1.23853	0.91687	-1.8639	0.831504
-0.705508	-0.934246	-0.877037	-0.375306	-0.702775	-0.243962
-0.570008	-1.42729	-0.458558	-0.285118	-0.188471	-0.0844279
0.573164	-0.0261501	0.627065	3.30936	-1.42762	-1.25436
-0.734235	1.03882	0.0653095	2.294	1.24285	0.408677
1.29612	0.0250832	-0.360473	0.144664	0.265215	1.99406
-0.224999	0.302535	0.258814	-0.698922	-1.08263	-0.613175
-0.328843	-0.896415	-0.560636	-0.172109	-0.239181	0.356947
-1.21291	-1.59245	0.824349	-0.658021	0.162985	-0.358225
-0.358204	-0.197108	-0.713866	0.21158	-0.767467	-0.513146
-0.590426	-0.431014	0.555144	0.866046	3.58902	0.129186
-0.06213	0.874773	-1.54952	2.66888	-0.754671	0.042267
0.124764	-0.0287729	-0.339467	2.00454	-0.734166	-0.787414
1.18084	-1.36574	1.45021	-0.364776	1.03051	1.17626
0.859916	-0.238765	-1.46706	2.20271	0.278457	1.40733
-0.0360779	-0.626871	1.35499	0.259629	0.0430214	-0.390656
-0.205607	-0.120519	0.077153	-0.0192666	-0.0159345	-0.00414183
-0.380739	-0.986816	0.484964	0.0614332	-0.654132	-0.218482
0.359193	0.756764	2.61396	-0.686907	-2.18409	-0.56786
0.456634	0.68235	0.388945	-0.581376	0.222965	-0.0742794
0.0126499	0.886319	-1.77344	0.645057	1.46268	-0.173346
-2.2018	1.16619	-0.839543	0.545305	-0.166317	-0.195578
-0.185937	2.57442	1.62148	1.05622	-0.422113	0.673354
0.233056	1.5561	-1.59538	-0.674025	-3.13892	-1.85059
0.458483	-0.342913	3.99276	2.23253	0.581657	0.103667
0.793081	-0.423544	-0.329832	2.36434	-0.320857	-0.159106
-0.765129	1.87328	-0.455683	0.66513	1.38617	1.47272
-0.593279	2.27644	-1.86722	0.646068	-2.08459	-0.224565
0.452201	1.18385	-1.29194	1.24772	-0.384894	0.646971
-0.150669	0.568901	-0.764241	3.3116	-2.34262	-1.86515
-0.310326	-2.46456	2.71123	0.0123559	-0.667637	-0.0593993
-0.372919	2.42696	-1.07475	0.466467	-0.629349	-1.00583
0.899007	-0.434441	1.01856	-1.48621	2.60063	1.42374
0.567923	-0.554752	2.92345	-1.02164	-1.88808	0.261252
-0.938614	1.14097	1.47528	-0.832883	-0.893477	-0.870366
-0.00848548	0.176116	-0.0842707	-0.0957501	-0.0872471	0.227426
0.349482	0.448435	2.19966	0.482864	0.227725	-2.14345
0.0234831	-1.06942	0.520937	-0.212713	-1.21776	-0.196489
-0.0381148	-0.433918	0.888121	-0.548668	0.974042	-0.760179
0.726266	-0.0575569	-1.85345	-0.723759	3.73927	3.50538
-0.068263	0.819336	-2.67216	0.972361	-1.32258	1.56969
1.03945	0.140437	-0.403317	2.79427	-0.961935	-2.64265
0.76371	-0.402944	-0.379247	0.516128	1.43396	1.16185
0.0835281	0.804128	1.42317	-0.0683839	-1.82482	0.6823
0.203223	1.04417	-0.133451	-2.01081	0.330122	-0.401961
-0.388892	-0.906093	-0.41073	0.027537	-0.530729	0.111131
0.61565	1.23289	0.300474	-1.15879	-2.0062	-0.697212
-2.16778	-1.61951	-1.72122	1.5179	2.91967	0.586422
0.0147941	2.2614	-1.37248	-3.63535	-2.32082	0.916538
0.225261	0.3996	-0.612181	1.00855	0.21951	0.643621
-1.14639	0.721528	0.430387	0.983183	-0.361366	1.92752
-0.320076	0.377721	-1.17661	-0.248684	-0.949247	-0.106519
-0.193563	-0.463613	0.878235	0.652955	0.236622	-0.23862
-0.405393	0.256775	-0.605869	-0.608917	0.937451	-0.406446
-0.615529	-1.44707	-0.336687	-0.137377	-0.213451	0.24941
0.509706	0.731725	-1.99853	-0.0834316	-0.816445	-1.4345
-0.475978	-0.535485	-0.48147	-0.36111	-0.549657	-0.120976
0.125258	-2.27565	1.96899	-0.482104	0.369913	0.540279
-1.23216	-1.1319	1.84395	-0.389951	-1.80263	1.05165
-0.418986	-0.172223	2.5229	1.86184	-0.425428	1.34802
-0.528062	0.100713	0.2292	-0.670829	-1.55837	0.0909413
-0.264164	-0.50813	-0.73203	0.230698	-0.163713	-0.080582
0.14518	-1.27551	0.617697	0.164776	-0.817623	0.681476
-0.672125	-0.113279	0.405878	3.16543	0.177398	-0.136783
-0.598987	2.00388	-0.397339	1.26569	0.469514	-0.194051
0.190017	0.504557	0.514948	0.563007	0.468052	-2.19198
-0.520865	1.32633	-1.60717	-1.02093	-0.186002	-0.0392077
-0.213429	0.0831947	-0.574679	0.0384046	-0.197185	-0.0390036
-0.711681	0.580139	-0.90826	-1.13789	1.01452	0.121811
-0.366631	-0.10107	-0.571828	-0.0848297	-0.124579	-0.0900892
0.54104	0.213225	-0.845886	0.383746	-1.16506	-1.60989
-0.225251	-0.682072	0.0461979	0.303205	-0.707809	-0.193924
-0.330957	-0.306206	-0.68151	-1.08942	0.506999	-0.0542636
-0.670841	-1.50836	-0.0971259	0.181667	-0.658021	0.22817
0.514416	-0.344944	1.54162	1.09618	-0.754519	2.8475
-0.898783	-0.464643	-0.125303	-0.00422922	-1.04529	0.0412995
0.527547	0.381681	-1.23744	0.276149	1.33583	-0.164906
1.34967	-1.539	1.33604	3.4948	1.01135	-0.812972
0.328396	-0.561044	-1.40763	2.18725	1.24169	0.359036
0.157005	-0.159445	0.155664	0.626273	1.40618	0.043384
-0.369736	-0.967121	-0.654155	-0.0286727	-0.100938	0.0297954
0.195268	-0.19763	1.82124	0.65294	0.513928	0.358255
-0.403404	-0.342092	-0.138854	0.0853641	0.0306862	0.0561882
0.186922	0.449862	-0.0241979	-0.552677	-0.963516	0.230354
0.0305881	2.23885	-0.0328075	0.237119	0.0297867	0.0576986
0.259743	-0.219459	-0.569652	0.94904	0.623397	-0.170474
-0.433535	-1.58284	0.0576433	-0.50674	-0.15293	-0.0448202
0.224396	0.434022	1.37681	-1.08943	-0.253681	0.321417
1.76552	-0.524791	-0.24501	1.21601	1.97349	-1.09691
-0.189108	0.83519	-1.3189	-1.08246	0.0133866	-0.582383
-0.260012	-0.353463	-0.969624	0.597641	-0.369265	-0.315823
0.515873	0.257556	-1.74623	-1.68518	-0.343015	0.823728
-0.783453	0.130028	2.02601	-0.331056	-0.915146	0.46742
0.552495	0.0146372	-2.12687	0.802373	-0.289717	-1.26076
1.33745	-0.657354	0.403456	0.794585	-1.46986	-0.893134
0.550901	0.102908	0.213419	0.635389	-0.371512	-1.93398
0.148629	-0.169276	1.12879	-0.475495	-0.564492	0.416018
-0.118279	0.015312	-0.15117	1.27105	0.931169	-0.729634
0.757753	-1.48586	1.47463	-0.373809	-0.316581	-0.20695
1.22618	-1.36697	1.19895	-0.181089	-0.0554209	0.096732
0.342229	0.952131	-0.822492	-0.999827	-2.29701	-0.690098
1.36911	0.642685	-1.15923	-2.96097	-0.143825	-2.27632
-0.343998	-0.240965	-0.748145	-0.343622	-0.0713619	-0.0976167
-0.702362	1.94335	0.0992353	1.42435	-2.04836	-0.0293613
-0.075191	-0.350454	0.633539	0.54947	-0.327688	-0.804217
0.350495	1.10511	-1.23058	4.6881	-3.14615	-0.936142
0.0551439	0.571382	0.433367	-0.203233	-2.70702	1.45705
-0.191887	-1.77765	0.139786	0.0154213	0.117813	0.836196
-0.838536	-0.291184	-0.539311	-0.119812	-0.0312545	0.0343528
0.381218	-0.307464	0.106582	0.375924	0.582059	0.991483
-0.261096	-1.29749	1.24406	-0.11441	-0.0726917	-0.605854
0.145101	-0.493342	1.09153	0.578895	-0.0437106	-1.02489
-2.54733	1.71151	-0.0509532	0.195803	0.231097	-0.00349121
-0.439563	-0.0469738	0.520993	0.246741	0.387231	0.978785
-0.334369	1.3713	1.27766	0.542264	0.0182481	-0.0595054
0.783154	0.430732	0.670183	-1.19663	-1.58751	0.416985
-1.04075	0.382184	-1.15961	0.338279	-0.772259	0.0461694
-0.0240655	-0.139551	-0.152848	0.789198	1.92743	0.664955
0.392304	0.43388	1.72641	0.163762	0.487114	0.0217379
-0.000469117	-1.34423	0.183624	1.11077	-0.0902939	0.00108733
-0.164186	0.437942	-0.383476	-0.156157	-1.17577	0.340377
0.394746	-0.456088	2.21318	0.96576	-0.439879	-0.651355
0.0684058	-0.192943	1.51625	-0.992655	-2.21559	-0.386937
-0.374548	-0.774726	0.0378174	-0.416605	-0.727128	-0.0380992
0.15784	-0.225213	-0.517921	0.370927	1.4176	-0.272346
-0.364488	-1.01483	-0.137459	-0.365009	-0.231951	-0.00999428
0.668729	-0.434354	-0.0497577	1.61848	1.33921	0.300996
0.00889939	-0.366401	0.128686	0.747311	-0.342514	-0.140722
-3.35193	0.261686	0.0587344	-0.0141724	0.225705	-0.0334571
-0.371407	1.10362	-0.261223	0.714519	-0.213705	0.679534
-0.756738	-0.648451	0.559667	0.308485	0.0786479	-0.00776155
-0.748417	0.658848	1.1681	-0.544409	0.27797	0.16156
-0.138467	1.78804	-0.866192	0.523034	-0.787829	0.268993
-0.369748	-1.12309	-0.198757	-0.345615	0.0275527	0.0180996
-0.0394111	-0.931431	1.67587	-0.295939	0.811996	-0.0681712
1.06974	0.300403	-0.743439	0.903094	-1.71923	-0.0962173
-0.174144	-0.183319	1.95629	0.0539346	-0.169707	0.359686
-0.0685324	-0.727856	0.0377309	0.674663	0.461589	-0.262604
-0.209806	2.68491	-2.22742	-2.04488	-1.14518	-0.154493
-0.396825	-1.42426	-0.480719	-0.127087	-0.0928947	-0.0435965
-0.913331	1.36607	0.737106	-0.822407	0.217378	0.569242
-0.389803	-0.812409	0.202275	-0.105518	-0.713382	-0.218946
-0.0928289	0.555574	-1.09993	0.576975	-0.87473	0.954025
0.220061	0.370208	-0.842752	1.3401	0.0976575	0.04113
-1.94748	-0.225598	-0.311394	-0.306578	-0.249514	0.180579
-0.628532	-0.476641	0.466225	-0.443509	-0.693434	-0.258695
-0.098508	-0.501225	0.574805	-0.120147	-0.156017	0.0468327
-0.249983	0.169025	-1.38368	0.516584	0.429794	-0.149303
-1.61984	1.64862	0.418383	0.32927	0.0112097	0.0454196
-0.312724	-0.0704544	-0.792386	1.24694	0.665184	0.165878
-2.1734	0.0526039	0.321672	0.832826	0.66019	0.00303037
-0.921815	0.724128	-0.0361753	0.242834	2.34236	-0.333295
-2.24341	1.54995	0.347919	0.274902	-0.0803592	-0.00159831
-0.400755	-1.08356	-0.520444	-0.117951	-0.164835	-0.0660837
0.837582	-0.284749	0.330603	-0.0647336	-0.973733	0.33546
-0.341618	0.810814	-1.9692	-1.6204	-1.09342	0.878988
-1.16404	-0.599692	-0.211837	-0.614245	0.122476	0.0680712
0.491832	-0.187233	1.33684	-0.822934	-1.2901	2.15287
2.33076	-3.58261	0.484018	0.993935	0.774039	0.0371493
-0.587131	1.15853	0.436658	-1.9293	-0.0407953	-1.19366
-0.673027	1.44903	0.457272	0.457757	-0.656332	0.0490616
0.173585	-0.72032	-0.736489	1.60707	-0.51192	0.058868
0.814863	-1.26243	1.82714	2.48109	-0.981869	1.64334
-0.0919708	-0.179009	1.19703	-0.496818	-0.517756	-0.154198
-0.692777	0.46734	-1.02942	-0.192929	0.585783	-0.028689
0.955754	-0.338071	0.591528	-0.326369	2.81035	-0.477215
0.327924	-0.227066	0.5691	1.08042	-0.289478	2.60582
0.149537	0.178226	-0.0848245	1.64702	-1.53163	-0.86948
-0.737784	-0.0289542	0.344943	0.115213	0.125168	-0.0479593
0.00834209	0.950123	-3.52998	1.33425	1.81878	-0.32931
0.280281	0.200594	2.33836	1.62622	-2.38539	-0.898305
-0.400576	-0.671639	-0.173676	-0.156978	-0.589379	-0.33402
-0.223609	2.92503	-1.29248	0.723117	0.706091	0.944821
-0.641225	-1.12756	-0.723174	-0.490084	-0.536915	-0.143146
-0.75083	0.246398	1.93328	1.72464	-1.72044	2.23241
0.0231892	0.960744	-0.347319	-1.4269	2.09628	-1.54158
0.0562205	-1.03923	-0.0574062	-0.270005	1.2954	-0.0158985
-0.564884	1.96625	0.866201	0.605233	1.15354	0.239098
0.296381	-0.364626	0.697464	-0.330088	0.123089	1.57107
0.837062	0.14807	-2.0665	1.33209	0.355458	-0.310022
0.508176	-0.19747	-1.12905	1.01083	0.00810724	1.08314
-0.472114	-1.2959	-0.360007	-0.398249	-0.316344	-0.087572
-1.0054	1.94158	-0.26088	-1.12715	-0.486875	0.215525
0.256868	-1.06385	1.3132	1.09086	0.0955677	0.999064
2.03825	-0.108572	-0.641495	-0.46867	-1.12787	1.66057
0.582351	-0.643273	2.38293	1.78101	-0.53723	-2.42886
-0.484812	-0.967727	-0.0366027	-0.688506	0.0765367	-0.1475
0.35204	0.196007	-2.58432	-0.148941	1.30676	0.179759
1.17284	-0.66448	-0.468789	-0.413144	2.38389	-0.854218
0.0995478	0.840534	-0.61502	-0.70723	-0.465518	-0.213933
0.17576	-0.674774	-0.623811	0.734413	2.76115	0.242002
0.0543745	-0.25965	4.69202	2.77986	-0.38923	-0.0116781
0.207349	-0.231366	0.368104	0.93819	-0.894378	-0.376912
0.312827	0.113474	1.00595	-1.09121	0.966832	0.722573
0.0755031	1.48108	-0.287125	-3.1175	0.0999932	0.613211
-0.269257	-0.833484	-0.10245	0.0441188	-0.27156	-0.0224282
-0.516887	0.975034	1.47554	-0.330624	-0.0232335	1.29566
0.113461	-0.438138	0.445476	0.568528	-0.296298	0.28693
0.578713	-0.707634	0.495509	0.0454159	1.91325	1.62374
-0.438622	1.13848	0.168673	-2.9896	0.648619	-3.06011
-0.60012	-1.8802	-0.560365	-0.464454	-0.219495	-0.0730972
0.231954	-1.35248	-0.639609	1.08331	1.35834	-1.70034
0.491312	0.0459328	1.15365	-0.683557	-0.498799	0.395259
-0.262309	1.71469	-0.65123	0.544002	0.588619	-0.524225
0.134241	0.557817	-0.296456	-0.99228	0.22909	1.09177
0.367874	-1.31237	2.40871	1.59925	2.10725	0.782335
0.772643	0.468179	1.64293	-0.240516	-0.0794657	0.251206
0.149524	0.950675	-0.1405	-2.05788	0.705265	0.323101
-0.218921	-0.836481	-0.288995	-0.0265204	-0.131377	0.168408
0.490301	0.403777	-1.75062	-1.04332	3.49096	1.07293
0.306778	-1.25513	0.709249	1.72571	0.820186	-0.474204
0.391258	0.269096	-1.63333	0.238555	0.0538629	-0.186735
0.432558	0.36054	-0.357439	2.79692	0.215817	-0.366692
-0.170809	-0.870293	0.433444	-0.107057	0.0460187	-0.0315447
-0.864348	0.476804	-1.72062	-0.024415	0.256907	-0.483458
0.606527	0.501722	0.714975	-0.357597	-3.20589	-0.0139958
0.0601755	-0.610717	-2.23204	2.25529	1.61774	-1.15781
-0.514517	-0.735034	-0.820435	-0.745103	0.00185768	-0.0124294
-0.853536	1.48456	-1.5137	0.846934	-1.45648	-0.96761
0.0124206	0.231012	3.2852	-1.74155	-2.94982	0.232056
0.685699	0.246772	0.0650834	-0.441393	1.70003	-1.99432
-0.119546	1.01088	-0.0478016	-1.91147	2.48002	0.0622266
-0.196045	0.489625	-1.2272	1.502	2.7881	0.513082
-0.373417	1.37522	1.40345	0.974712	0.104509	0.192424
-0.856715	0.3891	-1.05633	-0.0760539	1.04608	0.0954986
0.164183	0.343068	6.12495	-1.02158	-0.541533	0.106536
0.125944	-0.264867	-0.105309	1.0102	-0.703246	-0.182845
1.01967	0.434494	-3.01466	0.866241	0.0400355	-0.494186
0.133685	0.918487	-1.87004	-1.48963	-0.48135	-0.528445
-0.084904	0.699916	-0.845509	-0.510149	-1.07558	-0.996042
-1.43959	1.31577	-1.02432	0.76957	0.0228642	0.247996
-0.499517	1.52022	0.592835	-2.18202	-0.350462	0.137483
0.864585	-1.19349	2.51384	-3.29626	2.93198	-2.91992
1.74483	-0.554061	-0.0553363	0.0367559	0.0229667	-0.464324
-0.271871	-0.11551	2.26515	-0.266649	1.41798	-0.907258
1.30682	-0.239471	0.0983728	0.151943	-0.0917063	-0.176398
0.799709	-0.0938565	-0.0377331	0.22665	0.148086	2.60573
0.347542	-1.03383	1.5023	2.19125	-1.21432	-0.383197
2.20317	-2.45432	0.290203	-0.579376	0.537575	3.18956
0.403315	0.76719	-1.04347	-0.417395	-0.96709	1.44378
-0.188574	1.44955	-2.34953	-0.774651	0.821643	1.20518
-0.110597	0.99706	0.391844	0.198406	0.766337	-1.74054
-0.462198	0.850771	-1.33315	-1.88413	1.35578	0.424507
0.689753	0.35099	-0.707673	-0.265987	-2.46137	-0.619788
-0.720739	1.42879	-0.545514	-1.72053	0.857091	0.332382
-0.341962	-0.474973	4.62112	0.512769	1.03617	0.117041
0.667863	-0.638629	-0.388352	2.18104	-0.246001	-0.42092
-0.0601267	0.080525	-1.69738	0.675932	2.72936	1.18555
-0.237954	-0.803342	-0.516774	-0.209109	0.0535198	-0.00974815
-0.497271	-0.436535	1.35095	0.71969	-0.844222	-0.870239
0.560166	0.191299	-0.0559088	0.308776	0.418422	0.150677
1.27456	-0.216007	0.132051	-0.205785	0.442535	1.69674
0.64154	1.5621	-0.529868	-5.8739	-1.02485	-1.56578
-0.0523509	1.47429	-1.7014	-1.04138	-2.07599	-1.7886
2.40201	-0.686141	-0.282052	-1.0808	0.814976	1.69912
0.292557	0.641185	-0.656071	1.22962	-3.43213	-0.00495533
0.157361	1.51029	-1.34466	-2.27681	-1.17977	-2.8519
1.64735	-0.1612	-2.37564	0.511195	0.0648959	1.01796
0.308519	1.2802	2.25776	-2.33907	-1.48038	0.436014
1.02825	-0.414828	3.0329	2.71277	0.372175	-0.0906206
-1.20531	2.78831	-0.213285	0.689456	0.358618	0.123333
0.0891798	0.421551	0.257462	4.80131	1.05387	1.78978
0.104636	0.678303	3.0477	0.114819	-0.163286	-0.387135
-0.460212	3.94118	-0.310022	-1.34216	-0.843731	0.838874
2.11012	-0.393959	-1.55016	0.930288	-1.29977	-0.288603
0.150698	1.65189	-0.384479	0.52948	-3.33549	2.06017
0.337022	-0.565768	1.3783	0.842427	0.69928	3.02553
-0.472195	1.15246	-2.34776	-0.998832	-3.07033	0.630287
-0.309687	1.00319	1.7786	0.209224	-1.34472	-1.49462
0.189403	0.337852	0.128504	0.011089	-0.620101	-2.2602
-0.00938224	-0.0754538	-0.522198	0.877093	-0.28535	-0.09421
2.81248	0.410358	-1.35579	-3.50006	-3.00149	-0.531211
-2.30038	-0.0364324	0.281332	-0.567398	-0.0411168	-0.0936969
-0.241607	-0.278163	-0.295336	-0.360521	-0.0404639	-0.00566051
-0.420413	-0.824124	-0.365398	-0.442214	-0.387635	-0.306835
-0.183941	0.523369	-2.52083	-0.198708	0.150441	-0.69973
-2.87098	1.66097	-1.18981	-0.0215997	-0.241556	0.0273592
-0.926273	1.78454	1.95582	-0.823925	0.15288	0.233096
0.160298	0.507232	0.966166	2.23941	-1.31322	0.320284
0.105837	0.397971	2.86335	-1.63719	0.114452	0.638042
-0.251797	0.411378	1.01057	0.131847	0.248392	0.14062
2.88161	-0.569607	-1.26995	-0.295068	-0.0175859	3.28181
-0.397147	-1.45106	0.454089	-0.658039	-0.94499	-0.663861
-0.197291	-0.423544	-0.0721579	0.201302	-0.434539	-0.32368
-0.550123	1.87899	0.8442	1.01769	0.80659	0.159553
0.045275	0.178987	-0.37723	0.258504	0.359072	-0.559164
-0.885162	0.854781	0.00348308	-1.03871	-0.542348	0.0799858
-0.291362	-0.784064	-0.300047	-0.0838027	-0.342234	-0.0856689
-0.119247	0.202038	0.0638702	-0.829213	0.500515	-0.179211
0.356283	-0.531632	-0.286443	1.79873	2.05418	0.753312
-0.920121	0.786651	-0.404667	-1.72533	1.04221	1.20498
-0.2441	-0.534843	0.430994	-0.651443	-0.344657	0.0997678
0.775441	0.0276571	0.800853	-0.263642	-0.10582	-0.928749
-0.167868	1.64188	-1.5421	3.04557	-0.888038	0.0218205
0.584798	-0.131675	0.256147	0.334041	-0.354554	2.97202
-0.165353	-0.112971	2.64595	-0.952423	0.575559	-0.628615
0.230354	-0.931678	0.72994	1.12949	0.805807	-0.459718
-0.901889	2.10579	-0.617278	1.03571	-0.0303056	0.509183
1.14522	-0.957286	0.341496	2.85096	0.722052	-0.642212
0.184781	0.16055	-0.377923	-0.659008	-1.34982	1.50094
-0.263614	-0.758849	-0.401508	-0.398481	1.31023	-0.0338293
-0.284076	-1.30742	0.150712	-0.324507	0.0769685	-0.0359531
1.05028	-0.873823	1.48138	-1.0012	-0.508288	0.0133734
-0.293902	0.172511	-1.34023	-0.661428	1.17534	0.282983
0.152933	0.109582	-1.19711	2.46915	-0.335835	0.227705
0.146004	0.0550279	0.648775	0.314803	-0.541962	-0.10924
-0.508129	-0.249331	-1.49893	-0.0825583	0.0527297	-0.512698
0.342256	-0.193829	0.428346	1.24788	0.130357	-0.0353352
-1.30236	-0.263847	1.18063	0.202504	-0.0666587	-0.0395156
0.500726	1.54038	-1.62512	-0.656171	-1.23491	0.584087
0.397576	-0.147697	-1.03573	0.451015	-0.728756	-0.405661
0.179502	-1.80185	1.3926	-0.518842	0.194622	0.00229671
1.80585	-0.0421504	-0.48272	-0.282354	0.684211	-0.533481
-0.316716	1.02629	-0.564398	0.649992	1.52697	0.119787
1.00432	-1.41168	0.220293	2.46197	0.872079	3.33833
0.31863	-0.551758	-0.175903	-0.363841	1.49337	-0.267834
-0.0899616	0.120764	0.317536	0.745104	-1.47069	-0.597641
-0.318586	-1.31652	-0.85119	-0.258761	0.477465	0.00313133
0.987332	-0.269691	0.755158	0.323872	0.404275	-1.01594
0.56681	0.201053	-1.79351	1.17712	-0.224067	-0.157187
-1.29896	0.966621	0.0189277	0.638473	0.67868	0.21664
-0.471703	-0.971297	-0.504935	-0.305473	-0.271256	0.00249261
-0.916556	-1.09306	-0.0998702	0.102495	-0.0271829	-0.203408
-0.408653	0.559489	-1.27178	1.72798	0.463056	0.11195
1.10293	0.276377	-1.03632	-1.32913	-0.74963	0.359613
-0.872558	1.6111	0.788083	0.431764	0.0765134	0.00966457
1.17169	0.206846	-0.78561	-0.70073	1.50316	1.23859
-0.0241449	-0.644064	1.02965	0.295382	-0.279501	-0.509964
0.763958	-0.758263	0.628316	1.5791	0.942208	0.821741
1.07998	0.56217	-2.30258	-0.117853	0.438764	-0.486616
-0.110826	1.02439	3.00869	-0.936343	-1.64283	2.22123
-2.84026	0.242554	-0.0851742	0.136431	0.332804	0.113387
0.0364498	1.17747	-1.02131	-1.38006	-0.62617	0.359668
0.319783	0.88732	-0.705498	-0.555952	-0.15171	0.0207275
1.67351	0.21684	-1.64995	0.235151	-2.93133	0.56583
-0.206584	-0.893113	0.0961769	-0.100825	-0.128492	0.035345
0.0914078	-0.152442	-0.516257	1.57051	-0.123106	0.0182536
0.761204	0.106618	-0.687943	-1.15236	0.847672	0.012126
-0.312039	-0.924358	-0.491506	-0.230485	-0.0553333	-0.0364229
-0.433928	1.27226	0.370729	-0.127392	-0.156315	0.0370158
0.429329	0.410045	-1.82127	0.330387	0.388381	0.0101673
0.138392	1.91036	1.09937	0.83397	0.102204	-0.0223079
0.524624	-0.206463	1.66705	-0.373259	-0.545771	-0.00199459
-0.735191	-0.909059	-0.113454	-0.27048	0.0486442	0.0113686
1.05152	-0.314524	-0.153289	-1.35807	3.5145	0.730594
-0.0142558	0.485912	-0.775784	0.653706	-1.01281	-1.29186
1.49967	0.219922	0.574663	-0.258296	0.277417	0.208297
1.0386	0.900831	0.23974	-0.569944	-1.98174	-0.542079
0.307397	1.19806	1.2704	-0.301494	0.633926	0.0469031
-0.172294	-1.53004	0.0639403	-0.575995	-0.243242	-0.0207611
0.764987	0.118208	1.49345	0.825902	0.7499	-0.0471117
0.372158	0.397448	0.543549	0.0720012	-2.06046	-0.194818
0.952398	0.459259	0.568655	-0.826423	-0.76431	-0.192678
0.467815	1.04284	-1.83041	-0.863823	-0.397484	-0.914219
2.19148	-0.994533	0.227831	1.30152	1.15877	-0.774772
0.484864	-0.07068	0.457453	-1.07834	0.654364	0.770827
0.951152	-0.114578	-2.3182	0.55469	1.50381	-0.0918006
-0.167882	-0.38274	-0.563749	0.194936	0.0300886	0.166691
0.459487	-0.172583	0.405684	1.1018	0.576672	-0.388015
0.27057	-0.0816128	1.05753	-1.04223	0.54288	-0.010143
-1.33675	-0.0339252	-0.142039	-0.015917	0.409077	0.0889572
0.604023	0.0817916	0.944382	1.93479	-0.293151	0.961471
-0.583874	2.3566	-3.33356	-0.955894	-0.076674	-0.76243
0.3499	-1.27792	2.26291	1.30426	0.767737	0.16867
-0.945011	2.92879	-2.56554	-1.19711	-1.44526	-0.620719
0.103726	-0.451753	0.21146	2.32524	-0.254861	-0.861658
-0.0776131	-0.933013	-0.444095	0.587757	1.79318	0.0986851
-0.295082	-1.01719	-0.320382	0.0415505	-0.08927	-0.137207
-1.26179	-0.8606	0.0451817	-0.524511	0.240577	-0.399295
0.0310202	-0.122926	0.208088	-0.255978	0.364108	0.0436763
-0.224041	1.0363	-0.935884	-2.47921	-0.502024	0.445147
0.317837	-0.315245	0.0848379	0.588089	0.287894	1.09637
-0.0482716	1.77455	1.64474	-2.35506	-0.437116	-0.235315
-0.100912	0.385888	-0.0511425	-0.971604	0.295433	0.0668876
0.250553	-0.171013	1.70114	1.07371	0.0568037	0.0899605
0.667994	0.413606	0.133679	-1.8931	-1.99661	0.36159
-0.557951	-1.20833	-0.258487	-0.51733	-0.514657	-0.132572
0.257505	0.913854	-0.0778366	2.51476	-2.98227	0.946734
1.03895	-0.0200819	1.1616	-1.75938	1.01784	0.440329
-0.192212	0.409254	-0.120658	0.809834	-0.431388	-0.578737
0.241938	0.364494	-0.157013	-0.62405	-0.146024	0.038642
0.39402	0.289688	-0.128629	1.12905	1.19416	-0.448573
-0.473087	-0.95357	0.727688	-0.384251	0.734396	-0.191861
-0.137035	-0.365121	-0.131888	-0.200294	0.0335677	-0.139336
-2.78453	0.908331	0.343882	0.187224	0.0623705	0.0183555
-0.644951	1.46904	0.0406825	-0.216689	1.25048	0.396535
-0.471632	1.24139	-1.36271	-0.528114	-0.0722441	0.154451
-0.0911131	0.638915	0.727194	1.05263	-0.900325	0.105061
-0.238157	-0.937436	-0.27552	-0.109516	-0.0731733	0.000895441
1.9456	-1.38354	2.07953	0.195923	1.76144	1.66367
-0.181438	-0.380994	0.259491	-0.105427	-0.478825	-0.0639397
-0.286833	-0.36657	0.250605	-0.207726	-0.50728	-0.198627
0.278478	0.341622	-0.931798	1.67815	-0.264868	0.514589
2.26437	0.421374	-0.55122	-3.77051	-1.7296	-1.18597
-0.0909417	-0.497473	-0.0848508	0.249555	-0.0483503	-0.175245
-0.79686	-1.05069	0.376113	-0.417152	-1.19768	-0.0313907
-0.185195	0.284886	-1.89588	-1.3626	1.19238	0.0389909
-0.298906	-0.296033	0.433147	-0.0502553	-1.03283	-0.355709
0.208881	0.180613	0.0880754	-0.576354	1.02297	0.139595
-0.99805	0.525072	1.50699	-0.39443	-0.0277213	-0.12119
-0.585143	0.577241	-1.09348	-0.478359	-0.10714	0.0866415
-0.597667	-0.425472	-1.384	0.0437433	-0.512118	-0.0495071
-0.238196	0.0759813	-0.686548	-0.442854	-0.831127	0.337718
-1.20154	1.69837	0.959421	0.30794	0.177479	0.0111969
-0.712358	1.98865	0.365009	0.419878	0.041497	0.0540205
-1.06377	3.01991	-0.25284	0.455806	0.142841	0.0637348
-0.616519	0.12274	2.14738	-0.368174	-2.05404	-1.1773
0.2091	-1.05926	1.50438	0.0132502	0.658309	-0.0101136
-0.813243	1.12991	-1.70147	0.733393	-0.016475	0.0391257
0.0596914	-0.313401	-1.1504	2.221	-0.668494	2.37172
0.368225	1.5477	-1.40303	0.761166	-2.37695	-2.62476
-0.410849	0.0873968	0.129863	0.707795	-0.663818	-0.359416
-3.24224	0.968588	0.416706	0.823033	0.244884	0.179971
-0.529247	1.1778	-2.10321	0.69702	0.1095	0.656975
0.620342	0.15364	0.0391998	-0.700232	-0.122545	-0.569729
0.0821627	0.626823	-1.91522	-1.49545	0.681566	-0.54752
-0.290193	-1.05041	-0.0463641	-0.342318	-0.0599742	-0.0289028
1.04509	-0.134991	-1.71028	0.278682	-1.40798	2.5443
-0.0351357	-0.018947	2.72594	2.175	-1.07197	2.21262
-0.118586	0.236984	-2.06816	-0.13982	0.235616	0.223747
-2.18473	2.126	-0.346006	0.392016	0.0445437	0.0555314
0.240798	-0.773126	3.83765	0.359405	0.17102	-1.43411
0.168914	-0.775611	2.52878	1.96206	-1.92253	0.630885
-0.196651	-0.213666	-0.592755	-0.347991	0.448068	-0.0500515
-0.674539	0.414123	-0.180547	1.98045	-0.470391	0.386876
1.40614	-1.14908	0.846809	0.0332682	0.857477	-0.5159
0.0174389	0.617982	0.288607	2.27075	0.361126	-0.137508
0.36734	-0.00285749	4.4823	-0.491441	0.950054	-0.0785972
0.484721	-0.70233	0.579045	-1.02037	-0.607157	-0.744081
-0.0429357	0.949835	-1.05881	-0.328295	-0.679393	0.514065
-0.126124	0.779435	-0.427816	0.369269	2.70541	-1.35808
-0.364041	-0.347759	-1.11197	2.25246	0.202396	-0.267466
-1.15764	1.12019	-1.24071	-1.07046	0.0981041	0.361203
-0.665677	-1.02981	-0.926294	-0.583967	-0.341876	0.216309
0.867053	-0.331841	-0.277624	1.43509	-1.39183	-0.0657789
1.52989	-0.55087	-0.435052	1.17093	0.990224	1.31565
0.035263	1.47093	-1.46162	-1.56031	-1.63551	1.67543
0.207841	0.271145	-1.38508	2.22886	3.51377	0.812257
0.932088	0.160385	-0.438077	-0.323467	0.0313596	1.10094
0.928124	-0.497055	1.70424	-1.38913	0.851178	-1.4785
-0.570814	0.197423	-1.04836	1.18705	0.981923	-1.73578
-0.0526333	1.43871	-0.654239	-0.662531	-2.26986	2.80644
1.04548	-1.18368	-0.992957	0.20896	3.81862	0.582231
0.32373	0.36267	0.685404	-1.28963	-1.73598	1.27685
1.11554	-0.0194734	-0.0530342	0.310706	-1.66983	-0.363925
-1.3879	1.5572	-0.0283151	1.75068	-0.525559	0.25003
-0.934632	1.41518	1.00076	0.292723	-0.617678	-1.29268
-0.453112	0.385293	2.58543	-1.14763	0.130163	-0.225781
-0.180792	0.196493	0.788551	0.83743	1.23617	0.0886555
-1.03853	1.33967	-0.172627	-0.884733	-2.14364	-2.80394
-0.602879	2.2141	-1.36222	0.843292	0.144362	0.134365
-0.302046	0.0803136	-0.313768	2.76371	-1.80282	0.173521
-0.539664	-1.43398	-0.114972	-0.0931238	-0.298462	-0.0665393
-1.11676	-0.271683	-0.489961	-1.44299	0.00782203	0.255389
-0.454879	-1.50587	0.224877	-0.908935	-0.311918	-0.122809
-0.379846	-0.800998	-0.228846	-0.558969	0.0360707	-0.0176598
-0.390163	0.246634	-1.04276	1.23446	-1.15031	-0.0387545
1.74512	-1.22233	-0.479996	1.10588	0.0699382	-1.35423
-0.109265	-0.357101	-0.927834	-0.357827	0.58401	0.34125
-0.744042	0.118502	-0.218566	-0.760051	1.49308	1.85691
0.490286	0.925883	-0.694283	-2.65977	-2.65688	1.17331
-0.226159	-0.289709	-0.352757	-0.280341	-0.145595	0.0137951
-0.00375947	2.39444	-1.07781	-1.20208	-0.171473	-0.135345
-1.4	-1.08791	0.0352865	0.0431846	-0.50988	-0.323593
0.95972	0.293844	0.539462	-0.836758	0.338227	0.265396
-0.0380207	0.464453	-1.01555	0.321329	-0.0610087	0.0787195
-0.96245	0.488893	-1.23197	-0.679688	2.18019	0.752234
-0.696062	-0.876556	0.135531	0.00444301	0.093791	-0.0288278
-0.67725	1.10252	-0.544499	-0.301349	0.369309	0.22538
-0.0843517	-0.123509	-1.17775	2.75738	0.410028	1.7007
-0.405852	-1.25507	-0.03007	-0.50349	0.0304032	-0.168545
0.0397871	0.188731	0.296794	4.25364	0.336427	1.33819
0.504977	-1.51246	-0.101901	1.90731	-0.745005	-0.867102
-0.604143	-0.709058	-0.559698	-0.848148	-0.0895795	-0.0718827
1.14047	-0.0641656	0.423436	-0.257644	-2.22651	1.68752
0.0183769	-2.09943	-0.156697	-0.455989	0.30157	0.997685
-0.116902	2.19924	-2.61918	-0.728631	-3.33036	-1.49136
-0.0927352	0.952042	-0.268734	0.698291	-1.03359	0.24508
0.123218	-0.163188	-1.5967	2.27846	0.00178312	-0.428337
-0.0155021	0.365272	1.74801	0.0312252	1.29957	-0.0775205
-0.655457	0.533186	-0.19602	-0.0448061	0.353413	-0.320415
-0.487755	-1.43966	0.229575	1.23486	1.11782	0.615486
0.539709	0.0363193	0.78316	-0.665728	1.71477	0.231989
0.110352	1.36868	2.15093	-0.476543	-0.406309	0.14121
1.41287	-1.74839	1.2211	2.00972	0.815194	0.265643
-0.387649	0.224348	-0.990884	0.508774	-0.561002	-0.245871
-0.272548	2.19386	0.928503	-3.46102	-1.31205	0.353689
0.215153	0.163574	4.5529	-1.22254	0.517755	-0.0916951
1.28177	-1.4084	-3.13927	1.26879	1.19569	3.66908
-0.750329	-1.62676	-0.602153	-0.5677	-0.837333	-0.215134
-0.716873	-1.11057	-0.508431	-0.561402	-1.10103	-0.468232
-1.67288	-1.30121	1.10696	-0.600933	1.19044	1.95431
-0.653062	1.10639	0.575178	-1.52158	-0.499351	-0.235475
-0.284385	-0.654709	0.315333	-0.569511	-0.563894	0.567979
0.702365	-0.13369	-0.652122	1.1378	-1.71531	-1.6674
1.77707	-0.333448	-1.69839	-2.41703	1.36912	-3.63311
0.352235	0.119275	0.385999	-0.73455	-1.18359	0.483135
0.656891	-0.395732	-1.59657	1.21765	-0.194226	-1.61766
-0.152164	2.79934	-0.752836	-3.45727	-0.0901842	1.74652
-0.836255	-0.454981	-0.590997	0.115712	-0.41774	-0.376021
0.321942	0.291539	1.33213	-2.83825	2.67661	2.80096
0.880045	-0.171511	-0.696524	1.25676	-0.379052	-1.51829
-0.182073	0.23765	-0.868866	-0.614853	-0.228087	0.388756
0.216405	2.21957	1.07659	-2.66602	0.262371	-2.08951
0.842982	-1.34692	1.00725	-0.521226	-0.32036	2.94074
1.1587	-0.445546	0.0101472	0.229063	-2.05507	3.34794
0.225765	0.897263	-2.56921	0.560987	-0.517409	1.17122
-0.149719	-0.349672	-0.689807	3.4073	-0.361277	0.413461
-0.989867	0.981725	0.224261	-2.04151	1.63682	0.695788
0.537872	-2.21792	0.449843	0.741778	-1.79158	0.347083
2.09135	-0.493403	-2.01907	-0.0251801	-0.419969	2.70646
1.30583	-1.86426	-1.25697	2.26588	0.663119	-1.28478
-0.0513643	0.122464	-0.00703794	3.24335	0.586355	0.436945
-0.237458	1.25895	-0.922631	0.786463	-3.29058	-1.39271
1.3264	0.152877	0.225446	-0.424244	-2.31371	-0.53377
-0.468887	-0.849685	-0.400343	-0.178694	-0.383519	-0.313031
-0.0438182	-0.00491585	0.273613	-0.363882	0.0827789	0.128038
0.170698	0.694526	-2.91842	-0.143147	1.51546	1.50076
0.193839	1.46571	0.697976	0.615752	1.24756	0.863615
0.105724	-1.87718	1.68726	-0.0454285	1.25751	0.738282
0.606633	-1.08543	-0.830467	2.85155	-1.25563	0.921614
0.44395	0.220053	0.23493	0.844342	-0.336598	4.00244
-0.323226	-0.547377	0.559778	-0.382445	-0.591787	-0.117976
-0.630364	-1.33906	-0.422495	-0.357995	-0.58327	-0.0764245
0.47101	0.166309	-3.60201	1.1166	3.09633	0.946206
0.787691	0.302053	-0.112162	-2.21278	-3.00454	-1.56091
1.18106	-1.40591	-2.07977	1.81501	-0.0526537	0.313704
-0.466077	-0.637012	-0.664856	-0.0764923	-0.216983	-0.187719
-0.307656	0.144048	-0.265888	-0.367988	-0.304146	-0.158793
0.519549	-0.844005	1.53476	0.198999	-0.792746	-0.238837
0.685998	-0.981814	2.96707	0.370226	0.081728	0.0836133
0.648671	-0.464883	0.21035	-0.204022	1.98413	0.191737
-0.251183	-0.786796	-0.75828	-0.169474	0.158237	0.0366409
0.858019	-0.890951	0.163338	1.26662	-0.390723	0.657643
0.548483	-0.807689	-2.36677	2.02232	0.414447	-1.37985
0.702153	-1.82487	-0.840982	1.30257	1.28282	0.498551
-0.0859997	0.368346	1.12557	-0.368268	1.41201	0.427693
-0.157213	-0.409148	0.098474	-0.22054	0.4962	-0.0938487
-0.166618	0.968936	1.54099	-1.02509	-1.46675	1.52745
0.501502	-0.218638	0.0244377	-1.19058	3.26732	0.193139
-0.225784	1.56587	-2.93924	0.287409	-1.00444	0.200868
-0.332183	-0.388694	-0.44793	-0.764992	0.0877338	-0.119876
0.758923	-0.382679	-0.965585	1.17328	-1.58808	0.503547
-0.367793	0.363465	-1.07027	1.16808	0.946783	0.128463
-0.185052	-0.273272	-1.9676	-1.47982	2.98883	-1.27248
-0.387756	1.49171	1.3744	1.27702	0.369067	-0.0475403
0.43544	-0.00698051	0.0227508	1.29304	0.834883	-2.53201
-1.17009	-1.03707	1.41091	-0.140709	-1.76907	0.0248151
1.97738	-0.651494	1.00455	-0.0871981	0.886603	0.462216
-0.446372	0.289088	-0.372955	0.474278	1.61381	-0.642895
0.900524	-1.3994	0.426582	0.454534	0.265125	2.74444
-0.395255	0.209948	-2.40655	-0.169713	0.666644	-0.19775
1.14004	-0.199177	-0.0933981	0.693216	-0.219202	1.10184
-0.58348	-1.04719	-0.590989	-0.611074	-0.729336	0.0206593
-0.224269	-0.0980761	-0.0921537	-0.232342	1.23139	1.71185
-0.0849453	-0.0154985	0.454082	2.92094	-1.41286	-1.14575
0.304461	0.176465	-0.955728	1.99068	1.94926	0.693486
-0.989513	0.242009	-0.749069	2.27019	1.48927	-1.25232
1.12749	0.883702	0.010768	0.407524	-2.94187	-3.13446
-0.378397	0.387523	0.0685925	-0.65496	-0.58319	0.351883
-0.365157	-1.47273	-0.32246	-0.192028	-0.0793444	-0.0603696
-0.0210901	-1.83268	1.50386	-0.366631	0.443538	0.226446
0.0533277	-1.04764	2.82191	-0.405082	-0.804779	0.662507
0.423225	1.43262	-0.136011	-1.17568	-0.545625	-0.645813
-0.458865	-1.44712	-0.235678	-0.0353189	-0.305555	-0.0752614
-0.618163	-0.153804	-1.15947	1.34363	2.58055	-1.99369
0.120779	-0.22789	-0.394927	1.81017	-1.52829	0.469788
0.472348	-0.17362	0.535793	2.83764	-0.425549	-1.53527
-0.114204	0.221901	-0.76346	1.59422	0.0141266	0.39283
0.2027	-1.70208	-0.910999	1.28154	0.0737188	1.1114
-0.363695	1.1672	0.26713	0.618025	-0.0668263	-0.336039
-0.0942771	0.558307	2.23119	-0.747518	-0.930432	-1.15516
-0.35458	-0.638499	2.28442	2.49271	0.179783	1.174
0.840821	0.747327	-3.02372	-1.29277	-1.37127	0.134907
0.103879	0.0875127	0.252939	0.358296	-1.12715	0.717713
0.728214	-1.91306	0.552197	-0.839574	-0.929231	-0.68488
-0.741523	0.726931	-0.754766	-0.662855	1.46293	-0.073227
-0.597528	-1.25867	-0.602638	-0.372239	-0.496331	-0.145896
-0.252315	-1.16759	-0.23522	0.179903	-0.274612	-0.00386487
-0.222192	-0.034168	0.342492	-1.05274	-0.138262	0.136584
-1.46022	1.70969	0.582714	0.786014	0.47908	0.0239649
-0.540694	-1.55269	-0.56532	-0.314322	-0.367701	-0.0881755
0.199324	-0.067466	-2.03845	1.46929	0.524249	0.258738
-0.41271	0.406745	-0.230651	-0.436311	-1.00647	-0.695571
-0.703035	-1.28797	0.0237524	-0.422209	-0.944078	-0.176166
0.518669	0.0312735	-2.13334	-1.23137	-1.59655	-1.4279
-0.575711	0.561868	2.31692	-0.610752	-2.26253	0.834571
-1.46412	0.619015	-0.665721	-0.492733	-0.0571655	-0.320772
0.816208	-0.0267062	1.2625	-0.156971	-0.855655	0.471684
-0.386863	-0.213452	-1.19597	-0.974144	0.074605	0.462281
0.0895407	-0.272645	0.38868	1.1113	-0.63552	0.0665316
-0.146423	1.1519	-1.48131	-0.580915	-1.00541	-0.125635
0.46352	0.131812	-2.05491	-1.25257	1.70921	0.0855529
-0.417582	-1.11993	0.0625504	0.391354	-0.193785	-0.0322238
1.81475	-0.667155	-1.64886	1.3636	1.4058	-0.112978
1.25792	0.658833	-1.60023	-1.56875	-2.91987	-0.506936
-0.0525291	0.420675	2.01125	0.354477	-0.31575	-1.06
0.331509	-0.00162162	-0.0805941	-0.0305752	0.714967	0.803728
1.71828	0.0319972	-0.88767	0.231824	-3.32073	-1.08266
-0.0482114	0.0965017	1.10953	1.16136	0.580598	0.0953909
0.413532	0.408609	3.69051	-0.75491	-1.41484	0.495897
0.132001	-0.73124	-0.507684	-0.436808	0.84756	0.940009
0.0653481	0.0396524	-0.201629	0.03033	0.0811192	0.417357
-0.328581	0.416232	1.07735	0.957987	-0.458847	0.736073
-0.054176	1.00443	-0.553147	-1.47151	-0.0235635	0.165155
-0.653227	-0.926323	0.194	-1.22312	0.678743	0.230687
0.28879	-1.00067	-1.02729	0.0855751	2.93696	0.428322
0.351635	-0.739365	-1.33108	-0.745419	1.707	0.31521
0.125666	0.100942	0.0679865	0.810266	0.687524	-1.44877
-0.10174	1.34795	-1.04991	-1.88815	-0.542899	0.271437
-0.201385	0.933454	-0.0512266	2.64654	-1.72612	3.68486
-0.138172	-0.179915	-0.439591	-0.0594895	-0.182249	0.082346
-0.349607	-1.13733	-0.0672393	-0.223809	-0.0665647	-0.0580471
0.0781314	1.80851	-1.5631	-1.80168	0.431604	-0.476826
-0.919842	1.45768	0.91943	-1.02043	0.594891	0.217504
-1.3875	2.64538	-1.54305	1.16684	-0.615449	0.433282
-0.299949	-1.27877	-0.170919	-0.275901	0.0387618	0.0464555
0.316098	0.716046	-0.383538	1.37996	0.251793	-0.885053
-0.555672	1.17924	-0.948805	-0.914992	0.345198	-0.451264
-0.533586	-1.10014	-0.87866	-0.633095	-0.348774	0.06719
0.190704	0.32375	-1.39144	0.208717	-2.22174	-0.275571
-0.138031	-0.298221	-0.36289	0.37696	0.225689	-0.385596
-0.0775218	0.212909	0.804413	-0.322672	-0.616036	-0.448194
0.279914	-0.542746	2.04963	-0.775103	2.36552	0.217155
0.927173	-0.272494	-1.67513	0.747761	0.146533	1.3079
-0.565349	-0.854118	-0.726635	-0.485259	-0.192499	-0.135477
0.242807	0.344873	-0.322915	-0.145823	0.60215	-0.055431
0.239584	-0.722714	0.402563	-0.073901	3.29757	-0.67437
0.924244	0.149477	0.468961	-1.00986	-0.248693	4.55159
0.74764	-0.261146	0.83452	0.712094	-1.11652	-0.639304
-0.243598	-0.796778	-0.210802	-0.211458	0.066897	-0.133508
0.587411	0.723492	-1.72132	-1.9484	-1.19778	0.182947
0.701477	0.302232	-0.54923	-0.976859	2.49439	0.701494
0.214368	2.67739	-0.304639	-2.24786	-2.7789	-1.0079
-0.253296	-0.0491978	0.0667992	-0.0912823	-0.915281	0.0251629
-0.564179	1.46783	-0.553702	-1.82948	-0.423077	0.392185
-0.519346	-0.992683	-0.416014	-0.499359	-0.41128	-0.16083
0.60742	-0.719415	1.10232	-0.0560046	1.01449	-0.0203176
0.417477	0.135309	0.504016	-0.605211	0.766302	1.12763
0.406561	-0.586154	-1.67928	3.64191	-0.953144	-0.958369
0.750916	0.705818	1.46307	-1.28534	0.182819	-4.23235
-0.330712	-1.18256	-0.931255	0.314442	0.406357	0.224805
-0.295868	-1.02639	-0.290953	-0.348403	-0.243705	0.419891
0.0282832	0.45206	0.533045	-0.233226	0.0515325	0.0403919
0.616798	0.339735	-2.5888	-0.237406	0.682314	0.351942
-0.236239	-0.677595	-0.246355	0.112424	-0.0244776	-0.034078
-0.245717	-0.949435	-0.375159	-0.556967	-0.0263146	0.0893375
0.680238	-0.216422	1.50288	-0.0671813	-0.706438	0.499648
0.28768	0.86284	-1.51987	0.810501	1.94207	0.582223
0.995429	-1.48075	0.662839	1.05158	-0.696802	0.0131061
-0.244299	1.35012	2.48431	-0.741468	-2.02304	-2.45775
0.766296	0.076649	-1.39776	-0.353698	1.90405	-0.420919
-0.328848	-0.879606	-0.364609	-0.444202	-0.125547	-0.0862915
-0.389494	-1.39665	-0.467162	0.195888	-0.368813	0.0435808
0.443826	0.390176	1.1207	-0.145559	-0.23018	-0.297404
0.568143	-0.333916	2.06343	1.11617	0.414231	-0.12087
-0.0132642	-0.0216111	0.258756	-0.397418	0.307572	-0.0582874
-0.553573	-1.00278	-0.289455	-0.0457441	-0.217587	-0.196308
0.161153	0.311227	2.26461	-1.88801	0.642334	-1.60742
-0.0669737	0.33207	0.539421	-0.971662	-0.0488697	-0.0483879
1.04522	-1.45282	2.03003	2.57153	0.52605	1.18592
0.251055	-0.307279	2.6146	-0.0697174	0.379685	-1.3902
-0.459005	-1.02195	0.417281	-0.431179	-0.117174	-0.0538416
-0.395296	1.95298	-9.53424e-05	-2.32238	-0.0570764	0.778723
0.214116	0.533369	0.410334	-2.10021	3.00423	0.238725
0.472747	-0.370255	0.727792	-0.833922	-0.562211	1.51736
-0.42472	-1.23471	-0.172306	-0.167182	-0.193064	-0.181765
-0.159762	-0.827141	-0.105045	-0.076393	1.18695	0.169219
0.518335	-0.404262	4.05609	-0.686408	1.54692	0.0578163
0.200508	1.94204	0.793761	-3.01403	-4.28053	-1.98191
0.033586	-1.36763	-1.27284	-0.34709	-1.66944	0.221887
0.33388	-0.916305	-1.16261	1.5388	0.741746	0.252733
-1.2248	0.849819	-0.558267	-1.64603	0.303412	0.405274
-0.585445	-1.93961	-0.322918	-0.454699	-0.172693	-0.108002
-0.52644	-1.4457	-0.33273	-0.328005	-0.148795	-0.0783904
1.23908	-1.48827	-0.366894	2.63551	0.362963	1.52695
0.277356	0.0485638	1.86278	0.210617	0.611673	-0.191306
-0.0731918	-0.008738	-0.443646	0.291383	2.90825	-1.44949
-0.305253	0.10839	-3.07734	2.05021	-0.122608	-1.4935
0.306724	-0.941841	2.52032	0.244931	4.4142	-0.512088
-0.359261	-1.18556	-0.104931	-0.209803	-0.316775	0.0215375
-1.18165	-2.78292	-0.594554	-1.0507	-0.937931	-0.295845
-0.0331252	1.23289	-0.198122	-1.59546	2.97071	-0.443325
0.495537	-1.22355	-1.25596	1.02556	2.69454	-0.882859
-1.08597	0.021216	-1.85643	2.27019	-0.727897	0.553109
0.625332	-0.82465	-0.870956	1.16483	-0.613852	0.0584398
-0.155984	0.375253	0.7203	1.37225	-1.34124	2.15692
-0.153009	0.470608	2.69574	0.145047	-1.91721	0.633527
0.106729	-0.118952	0.309841	-0.495648	3.10388	1.36685
0.290648	0.134696	-0.377413	-1.27732	1.05541	0.574627
-0.231567	0.17324	0.443301	0.230737	-1.90822	-1.46553
-0.622669	-1.06428	-0.530992	-0.53402	-0.496277	-0.241195
1.18332	-0.260992	-0.465662	-0.684128	0.591807	3.09574
0.0163884	0.372906	-0.100466	-0.647506	1.06268	-0.832611
-0.414963	0.683084	-0.843345	-1.28244	-1.68317	-0.154508
0.196247	-1.99236	0.782065	-0.00321988	1.39863	4.02959
-0.512198	-1.34677	-0.584902	-0.396825	-0.360418	-0.0689925
-1.02781	1.00121	0.178656	-2.08217	0.723442	1.21435
-0.80119	2.30894	-0.474938	0.758609	0.769109	-1.37065
0.230561	0.0244738	-0.189053	0.446196	1.28279	-1.77498
0.131891	0.308589	-1.4342	0.775644	-0.143494	-1.51606
-1.36375	-1.06628	-0.801452	-0.867452	-0.200143	0.158741
-1.09625	1.13836	0.986072	1.43156	0.24058	-0.475235
0.443768	-1.13817	0.0612565	-1.42932	-2.02136	1.74991
-0.508219	-1.26337	-0.55695	-0.449587	-0.246958	0.0146827
0.132006	2.6844	0.561257	-1.90303	-4.29887	-1.02568
-0.302452	-0.638823	0.175409	-0.865308	0.00527053	0.0690978
-0.465623	0.269556	0.687576	-0.320189	0.155956	-0.31512
0.450185	0.449688	-2.85648	-1.58808	0.784688	0.676974
-1.48003	1.5181	0.306699	-1.27483	-0.770822	-0.293084
-0.124466	2.00207	-0.377936	-0.845507	2.05444	1.07781
0.343956	1.38994	-0.206967	-1.97263	-4.87331	0.776228
0.0972938	-0.267153	0.0458401	0.522353	0.146007	-0.106634
1.02708	-1.19298	0.314011	0.421239	0.125983	1.21154
0.625437	0.687511	-1.48007	-0.422573	-0.966567	2.19937
0.0741661	0.162907	-0.858593	1.39696	-1.18453	-0.709544
-0.308392	-0.543749	-0.085163	-0.491648	0.038394	-0.145642
-0.00604271	-0.138993	4.53706	0.295385	-0.958855	-1.32701
-0.556239	-0.867108	-0.442274	0.0490798	-0.442961	-0.0851204
-0.519459	-1.1354	-0.210414	-0.300795	0.432243	-0.297777
-0.369475	-1.06855	0.0592996	-0.469108	-0.125456	0.031066
1.19679	-0.619539	1.71941	-0.777242	1.69185	0.296026
-0.308264	-0.861974	-0.38388	-0.324382	-0.0916865	0.0260359
-0.148375	0.619377	-0.101671	0.233312	-0.450625	0.133201
0.519311	-0.17953	-0.465989	1.70508	3.89313	-0.603317
-0.033737	-0.714913	0.896963	-0.0456667	-0.256539	0.0369286
0.0958308	-0.625277	4.0556	0.677832	0.742523	0.116692
0.112775	1.60179	-0.178664	-2.45093	1.60347	0.986939
0.458421	-0.223922	0.249145	0.515335	-0.183627	1.18634
-0.797137	-2.17275	-0.494887	-0.6463	-0.650538	-0.244865
-0.0415956	0.43318	0.357662	-0.998134	0.34077	0.221731
-0.518596	-0.763543	-0.597653	-0.280292	-0.563364	-0.109822
-0.655906	-0.580666	-0.50551	-0.425591	-2.00916	-0.609426
-0.48731	1.38773	-0.36031	1.2918	-2.23055	1.20322
0.358346	-0.537458	-0.825548	-1.13929	0.581323	0.142079
-0.707276	-0.828358	-0.58661	-0.963334	-0.715075	-0.0221676
0.745088	-1.72812	3.54139	2.87473	0.101652	0.72392
-0.70879	-1.08903	-0.886946	-0.77287	-0.707136	-0.164409
0.43976	-0.798189	2.64185	0.834447	-1.86496	1.40832
1.01602	-0.775403	1.07843	-0.152356	1.77595	0.766215
-0.0685124	0.317503	0.409962	-0.377527	-0.240404	0.357008
-0.750711	-1.89626	-0.529027	-0.569003	-0.574888	-0.242823
-0.803057	-1.36248	-0.982843	-0.386641	-1.27781	-0.0955847
-0.353783	2.35126	-0.906675	-0.575215	4.18388	0.355556
-0.28961	-0.805454	-0.303465	-0.147942	-0.351411	0.00711596
-2.39668	-2.56742	-2.10594	-1.31749	-4.89857	-1.37333

Annot Parameters for each context in the alphabet: PHIME
P	-0.701919
H	-0.802698
I	-0.574475
M	-5.42795
E	-1.57663


Beta_s (bias in sequence model) : -8.02332
Beta_p (bias in structure context model) : -1.54607
alpha (scaling factor) : 1340.51
b (bias in least squares error model) : 0.357413

Top 20 kmers: 	 sequence number 	 kmer number
           CCAAU            670             10
           AGUAA           1852             28
           UUGAG            594             12
           UUGAG           1274             18
           CCGAG             87             24
           GUAUC           2093              1
           UAGAA            816             30
           AGUCG             76             21
           CGUGU            805             14
           CACAC            209             31
           ACCAU           1650             33
           UCAAC           1271             19
           GGUUG           1153             16
           UUCGG            582              0
           AGUAA            933              0
           ACGUA            758              0
           CAAAC            699             26
           GGUAU           2016             25
           GACUC            457              1
           AACAC            519             19

Averaged annotation profiles of the top 20 kmers
P	0.574395	0.472255	0.406215	0.422775	0.521365	
H	0.133835	0.118225	0.116995	0.11704	0.074935	
I	0.101575	0.17136	0.14748	0.12791	0.099875	
M	0.102745	0.148395	0.22757	0.226255	0.206275	
E	0.08745	0.089765	0.10174	0.10602	0.09755	
