Motif width 5
Base parameters 
AAAAA	5.05443	-0.701919	-0.802698	-0.574475	-5.42795	-1.57663
CAAAA	1.38094	2.40608	1.77327	-0.60707	0.162207	-0.853658
GAAAA	0.338872	0.567433	-0.138473	1.87284	-0.847318	0.209575
UAAAA	1.82837	-0.905257	-0.475374	-0.689311	-1.02213	-0.425083
ACAAA	0.439298	1.04628	-1.22782	-0.353486	-2.31498	0.76927
CCAAA	0.0355425	0.0855305	0.878418	0.420768	-0.934724	-0.843708
GCAAA	0.402788	-0.0148897	-1.80961	3.77554	-1.92705	0.451143
UCAAA	0.974206	-1.25134	2.41316	0.165517	1.08207	0.526059
AGAAA	0.92825	-0.354429	-0.063873	-0.191438	-1.08281	3.27679
CGAAA	-1.30455	-0.0267417	0.174482	3.23219	-0.877164	-1.04686
GGAAA	2.9565	0.978742	-1.17784	-0.716842	2.60734	0.0757451
UGAAA	3.10193	-0.78281	1.46689	-0.718853	-0.673694	-0.330394
AUAAA	0.584354	4.00653	0.701159	-2.76196	-0.0427003	-1.40203
CUAAA	1.76095	-0.479147	-0.702305	-0.549101	-0.987526	-0.292939
GUAAA	0.635555	0.906941	-0.580388	-2.16078	2.26891	-1.58502
UUAAA	0.772012	-0.517227	-0.43357	-0.250356	-0.312033	-0.198103
AACAA	-0.662732	-2.94935	-1.21167	0.562721	3.43444	1.14881
CACAA	0.0584955	0.244001	3.80946	2.3558	-0.917166	-0.333204
GACAA	-1.45238	-1.72748	0.700365	2.97256	-0.413931	-0.676363
UACAA	1.4264	0.853626	-0.560587	-1.46964	-0.766039	-0.663514
ACCAA	-1.2136	1.72779	-2.90547	-1.937	-3.65928	-0.316192
CCCAA	0.718843	1.66118	-0.0231189	-1.85584	-2.03743	-0.748276
GCCAA	0.271088	0.987354	-0.347702	-2.94042	0.290931	-0.0710968
UCCAA	-1.67244	-0.0947645	0.885378	0.499821	-1.53796	0.972142
AGCAA	-0.499305	-0.294459	1.28249	1.05126	-1.46479	2.1876
CGCAA	-1.27437	-0.403654	-0.882276	2.11728	-1.2864	-0.0646053
GGCAA	-1.62851	0.351991	-3.42277	-3.13416	2.21426	-0.407176
UGCAA	1.11524	-1.33632	-0.174586	-0.25251	-0.395034	-0.0273484
AUCAA	0.033921	1.90825	-0.416499	-1.60928	-1.51033	-1.98059
CUCAA	3.17566	1.57093	1.24041	-1.02644	0.649843	1.76641
GUCAA	-4.79567	-1.61654	0.20562	3.1199	-1.58388	1.79566
UUCAA	-1.26517	0.173681	-0.273792	-0.513386	0.450588	-2.60844
AAGAA	0.650625	0.48548	-2.742	-1.95262	2.14039	1.54287
CAGAA	-0.95318	-0.115437	-0.310655	1.39867	0.0805764	2.5859
GAGAA	-0.231155	0.539634	-0.487994	1.14409	-1.1428	-1.99467
UAGAA	-6.76429	-0.481938	-3.63835	-1.82529	1.78358	-2.52131
ACGAA	-1.68852	0.786756	-0.292415	0.329949	0.0649734	0.109904
CCGAA	-1.87249	1.78321	0.00933972	-1.13281	-3.14338	-0.849511
GCGAA	-5.13286	-0.284709	-0.311519	1.25309	-0.701998	-0.240695
UCGAA	1.2188	-0.787232	-0.445587	-0.393021	-0.25008	-0.148311
AGGAA	-1.35963	-0.831875	0.309641	-0.434683	2.46099	0.499803
CGGAA	4.74572	-0.736483	0.846318	-0.137968	0.295535	-0.111953
GGGAA	4.86131	2.33164	1.81677	-1.0039	-0.742482	-0.11908
UGGAA	1.63929	-1.07327	-0.748475	-0.625126	-0.260152	0.270058
AUGAA	1.37436	0.870611	0.167381	-0.290885	-0.624479	-1.23874
CUGAA	1.57535	1.46638	2.70969	0.869081	-0.144389	0.496997
GUGAA	0.315548	-0.304696	0.439234	3.74218	-2.09837	-0.010701
UUGAA	0.309738	2.50985	2.19036	-1.31626	1.95656	-0.437698
AAUAA	1.38971	1.35246	0.549158	-0.627372	-1.17693	1.04635
CAUAA	5.09784	0.996859	2.80804	-1.77791	-1.79064	0.888064
GAUAA	1.0399	-1.2513	-0.54894	-0.29738	0.540694	-0.164834
UAUAA	-1.34205	0.0411711	-0.7326	1.01578	-2.12624	1.19477
ACUAA	1.29726	-0.482016	-0.520067	-0.448532	-0.807302	-0.805535
CCUAA	1.15435	-0.713619	-0.3857	-0.60517	0.0406649	-0.359313
GCUAA	-0.986869	-0.8331	-0.587192	3.32087	1.68882	2.81085
UCUAA	0.209423	2.97717	-1.19075	-2.15645	0.385491	0.141331
AGUAA	-6.44147	-0.266012	-1.97391	-1.88824	0.397736	0.650422
CGUAA	-1.2155	2.69292	0.479115	-2.69721	-0.700483	1.29112
GGUAA	1.5761	-1.06052	-0.766957	-0.553757	-0.309312	-0.287601
UGUAA	-0.048395	-0.691343	-0.0287135	-0.492666	1.40823	2.0291
AUUAA	-0.019744	1.39398	-1.37624	2.25013	-2.46876	2.49446
CUUAA	-0.0814032	0.428787	-0.384179	0.312694	0.699662	-0.845629
GUUAA	-0.93732	-0.404341	0.0706178	0.44925	1.01863	0.67329
UUUAA	0.411357	-0.287537	-0.510155	0.154607	0.14781	-0.339708
AAACA	0.587834	-0.439821	-0.155673	1.8992	1.35363	-1.6602
CAACA	0.979763	-0.864343	0.914138	-0.551293	2.58949	0.798321
GAACA	-1.2594	0.436335	-0.102095	-1.03729	-1.37491	1.57095
UAACA	1.20315	-0.685925	0.539178	-1.26813	-0.607332	-0.341987
ACACA	2.17143	-0.0438336	-0.0403372	-2.14008	2.61494	1.38077
CCACA	-0.0996846	0.313134	-0.118993	-0.495049	0.27007	-1.21662
GCACA	0.11728	-1.20207	0.364753	1.17011	-1.10978	0.91571
UCACA	-0.156303	0.539339	0.232174	-0.61842	1.24755	1.25595
AGACA	-1.63922	0.189184	-0.0950248	1.58934	0.758927	-2.66746
CGACA	-3.74676	-1.73124	1.84235	-1.55974	-0.0471019	-0.0198147
GGACA	1.66799	1.72339	-0.601582	-0.54881	-2.06767	-0.941047
UGACA	0.851508	0.417155	-2.85687	-0.84967	1.39371	-0.746172
AUACA	-0.335385	-0.0283725	1.26811	4.47628	-1.34195	0.494451
CUACA	-0.852534	-1.46368	3.86201	-1.04663	3.2878	3.04715
GUACA	-1.72491	-0.631329	2.17569	-0.706076	-1.8301	-0.396541
UUACA	-0.127824	-0.495491	-1.49807	-1.89591	-0.853732	-1.02564
AACCA	-4.27778	-0.10512	-0.191233	-0.889834	0.499801	0.432524
CACCA	-1.38327	0.319206	-3.99554	-1.36079	1.7795	0.0989549
GACCA	-1.48366	-0.6816	-0.224406	0.0732331	1.77363	0.0805048
UACCA	-2.11508	-0.518182	1.42805	0.773978	-0.68922	2.76283
ACCCA	-2.30896	-0.553462	-0.466041	-1.00946	1.43711	-1.09032
CCCCA	1.51862	1.34539	-1.46455	2.8049	-0.528136	-0.315643
GCCCA	-1.11402	0.470599	0.000550622	-3.40047	4.70301	0.92065
UCCCA	-4.36428	-0.479999	-0.297481	0.123529	0.603476	-0.736629
AGCCA	0.184237	-0.386089	2.84397	2.22025	-0.212214	0.0684823
CGCCA	-0.902439	0.456029	1.58181	-1.82959	-0.493831	1.07385
GGCCA	0.691287	-0.0812972	-0.408539	-0.0681429	0.206348	0.28638
UGCCA	-3.7763	0.0167306	-0.0964184	-1.25165	0.663928	1.39254
AUCCA	-0.680035	0.904044	-0.796734	-1.07222	-2.58221	0.257952
CUCCA	-1.00077	-1.08049	-1.31319	1.88044	1.90589	0.439619
GUCCA	3.57266	0.336961	-0.207341	-0.792689	-0.345352	-0.808762
UUCCA	-0.864461	-1.16673	0.850468	0.964179	1.59941	-1.05106
AAGCA	-2.21832	-1.93816	0.937237	1.56529	-0.989969	0.584922
CAGCA	1.26699	0.347794	-1.35161	0.522442	0.926549	-0.654546
GAGCA	-0.0803867	0.703096	-1.86698	-0.873309	0.577896	1.10555
UAGCA	0.2828	-0.267957	-0.429312	0.408225	-0.0285513	-0.0982989
ACGCA	1.34111	-1.09477	-0.424937	-0.36785	-0.253188	-0.110494
CCGCA	0.898431	-1.01361	-0.0558866	0.708232	-0.820608	-0.15384
GCGCA	-0.705294	0.170666	1.01259	0.814573	-1.57497	0.275917
UCGCA	1.1663	-0.766003	-0.598727	-0.118257	-0.143184	-0.336215
AGGCA	-1.58931	-0.316599	1.83947	1.46944	-1.4551	-0.5001
CGGCA	-1.5613	-0.342817	-0.250854	0.974864	1.48913	0.838591
GGGCA	-0.256172	0.865807	-1.89262	-2.765	0.555589	1.6306
UGGCA	0.084844	1.70798	-1.58902	0.86177	-0.322259	-0.0583342
AUGCA	0.620203	-0.431771	-0.97935	0.0534556	-1.05295	1.18323
CUGCA	0.216894	-0.102162	-0.493175	0.273536	1.41333	-0.448798
GUGCA	-0.759301	-0.137478	-1.32969	1.27605	-2.7251	-0.300084
UUGCA	1.54884	-0.914489	-0.937648	0.604806	-1.21171	0.0255699
AAUCA	0.884783	1.36915	-0.605848	-1.71376	-1.77715	-0.170221
CAUCA	7.81007	1.21038	0.78088	0.412598	0.714043	0.126506
GAUCA	1.51909	-1.35125	-0.65278	-0.524198	-0.407182	-0.0299352
UAUCA	1.82387	-0.291744	0.591568	0.753818	-1.46019	-0.295615
ACUCA	-1.58956	-0.543876	0.245593	1.30458	-0.261104	3.56081
CCUCA	-0.84677	1.11092	0.0213671	-1.90872	-1.09969	-0.652825
GCUCA	1.46363	-1.50593	-0.568441	-0.55298	-0.143948	-0.0438265
UCUCA	1.28543	-0.529934	1.17933	2.67504	-0.420887	0.455333
AGUCA	-0.651272	-1.01471	5.28104	-0.436105	1.61243	2.22216
CGUCA	2.23677	-1.09236	-0.270757	0.0889776	-0.429073	0.148782
GGUCA	-0.98735	0.00928428	-0.30838	0.263155	0.59053	-0.123219
UGUCA	1.19491	-0.641303	-0.685448	-0.446632	-0.214357	-0.0999363
AUUCA	-2.41386	0.687363	-4.22199	-1.94691	1.41291	-0.412428
CUUCA	0.103816	0.100557	0.432188	-1.17009	-0.00129625	-0.245611
GUUCA	2.15291	0.664732	0.0466455	-1.02266	-2.59776	-0.0756765
UUUCA	0.897515	0.369856	-0.319415	0.896425	1.00217	1.98761
AAAGA	2.05691	-1.42784	-0.967377	-0.273492	-0.636681	-0.313687
CAAGA	2.14348	-0.757465	0.135928	-0.578208	0.0995377	-0.28506
GAAGA	0.242982	0.470947	0.909433	-3.18436	0.73151	-1.11229
UAAGA	1.8908	-0.701826	-0.459167	-1.61702	-0.319443	0.170592
ACAGA	0.03897	0.728945	-2.16651	0.314793	-3.61208	0.76121
CCAGA	1.64884	-0.286446	0.0373312	0.691419	-2.16658	0.215536
GCAGA	1.99413	-0.724079	0.707385	1.27247	-0.925924	-0.122434
UCAGA	2.91206	-0.81969	-0.710343	-0.134393	-0.366407	0.237694
AGAGA	0.942538	-0.5107	0.759938	-1.07903	-0.132665	-1.0177
CGAGA	1.20425	-0.747539	-0.5618	-0.601324	-0.314989	-0.00952195
GGAGA	0.616102	-1.12214	1.15634	0.697568	-0.677185	-0.566359
UGAGA	0.495806	0.225114	-1.38864	0.341508	-1.07627	0.948252
AUAGA	-3.54232	-2.35909	-0.59072	2.69498	-1.19503	-0.640282
CUAGA	-0.574057	-0.217491	0.133947	0.666657	2.11741	-0.634741
GUAGA	-3.57409	-0.25739	-0.697055	-2.85527	0.126303	-1.26363
UUAGA	-1.56266	-0.317916	-0.0858739	0.732221	0.684923	-0.277192
AACGA	1.45331	-0.397826	-0.611827	0.0159211	-0.549983	0.00411914
CACGA	-0.742923	-0.10613	-1.1419	0.989297	0.275428	0.293624
GACGA	-0.38132	1.16559	-1.30838	0.102976	-1.11525	-0.0783726
UACGA	-1.71463	1.34349	-0.862178	0.200089	0.622401	-0.0953092
ACCGA	-1.13439	0.882	-0.655364	-1.45016	-1.51548	0.298562
CCCGA	-1.11313	0.249815	-0.544252	2.82668	-0.834821	-0.434197
GCCGA	0.324887	0.268188	0.0238256	1.00239	-1.27414	0.561263
UCCGA	-0.338143	0.234757	0.506084	0.0449276	-0.273085	-0.180067
AGCGA	-0.0555824	0.190357	0.776657	0.18854	-0.0873773	0.186826
CGCGA	0.642225	-0.891623	-0.186843	-0.178793	0.328447	-0.0126225
GGCGA	-2.02344	0.368038	-0.920126	0.0437546	0.20922	-0.330145
UGCGA	0.611127	-0.101653	0.458763	0.0484727	-0.708218	-0.749844
AUCGA	-2.15346	0.762269	0.685098	-0.421612	-0.986551	-1.31962
CUCGA	1.12766	-0.845193	-0.492951	-0.570713	0.22688	-0.287113
GUCGA	0.370826	0.339813	-0.73919	0.171841	-0.132038	-0.00354906
UUCGA	-2.49388	0.551038	-1.06229	-1.14643	-0.695378	1.05144
AAGGA	0.563958	1.63908	-2.32844	0.495484	-3.77318	2.0304
CAGGA	1.06695	-1.05923	-0.498998	-0.230574	0.167712	-0.154817
GAGGA	0.933843	0.442063	1.0398	-0.0123059	-2.37518	-0.271254
UAGGA	0.302815	-0.730025	0.153373	0.188723	-0.139944	-0.0648467
ACGGA	-1.4498	-0.242484	-0.15047	-2.84659	0.243347	-0.807869
CCGGA	-0.583049	-0.00547405	0.231353	-0.307868	1.33162	0.0436086
GCGGA	-0.0345924	-0.881629	-0.00651273	0.8354	0.178993	0.0640516
UCGGA	-0.302229	0.220545	0.492015	0.387821	-0.212808	-0.0506106
AGGGA	0.277802	0.543419	-1.5406	1.8713	-0.804818	-0.78202
CGGGA	3.06133	-0.477649	-0.343019	-0.387051	-0.116226	-0.00386084
GGGGA	1.40177	3.31924	-0.709822	0.132176	-0.324861	0.0416462
UGGGA	0.0870057	-0.134812	1.26021	-0.536026	1.99165	1.75041
AUGGA	0.548037	0.902078	0.0397846	-0.460273	0.939101	-0.0925572
CUGGA	1.15512	2.23122	-1.03125	0.306292	0.179735	0.259197
GUGGA	0.583516	-0.278403	0.247197	0.955724	0.174164	0.318645
UUGGA	0.119102	-0.208839	0.714703	1.01752	2.70526	-0.450927
AAUGA	1.4561	0.24324	-1.37359	0.983134	-0.0356019	0.226237
CAUGA	0.596839	-0.218344	-0.599389	-0.0133613	0.0852767	-0.273669
GAUGA	-0.172517	-1.44649	2.17108	-1.12881	2.8459	0.800043
UAUGA	-2.92439	-2.11044	1.03528	-1.42767	2.57671	-0.911237
ACUGA	-2.24752	-0.645013	-0.662323	1.60474	-1.43202	1.96036
CCUGA	-1.05578	-0.427313	-0.604107	0.310027	1.69752	-0.71272
GCUGA	3.34021	1.70715	0.356812	0.612654	-0.0656216	0.0164693
UCUGA	0.794264	-1.34155	-0.0980344	-0.129132	0.0509574	-0.0154955
AGUGA	0.940871	-1.00503	-0.370918	-0.51054	0.0754415	-0.0831908
CGUGA	-2.08399	0.775211	-2.8713	-1.57104	-1.19615	-0.197599
GGUGA	1.3324	-0.484131	0.0863843	-0.3175	0.0621481	-0.198751
UGUGA	2.47152	-0.351131	0.536943	1.33169	0.243873	-0.324066
AUUGA	1.07259	-1.91616	0.0906343	-0.669207	-0.245833	0.0988602
CUUGA	2.17595	-1.54985	-1.13287	2.49079	2.20182	-0.524558
GUUGA	1.14854	-0.923078	-0.0197314	0.182987	-0.804618	0.205535
UUUGA	-0.956289	-1.19629	0.175819	0.914472	1.29416	0.145983
AAAUA	0.176605	-0.588511	0.275481	2.09398	1.1159	5.26341
CAAUA	-0.190869	-0.383626	0.262325	0.803605	-0.578458	-0.262925
GAAUA	-0.857201	-0.145695	-0.363458	0.582761	-2.13962	0.0157462
UAAUA	5.51547	-0.969994	0.475754	-2.39907	2.15286	2.61413
ACAUA	-0.34491	0.448624	-1.53496	0.402897	0.352893	-0.438969
CCAUA	-4.34771	-2.82058	0.342445	-0.947581	-0.597164	0.409345
GCAUA	1.12177	-0.785373	-0.28002	-0.422578	-0.296229	-0.124721
UCAUA	1.3171	-1.09233	0.956538	-1.3843	0.238932	-0.0527662
AGAUA	1.93566	2.01682	-0.536462	0.855787	-0.188365	-0.267982
CGAUA	0.556655	-1.07111	-0.125029	-0.137141	0.0576387	-0.0290339
GGAUA	-0.569731	-0.894173	-1.08228	1.3038	2.37899	-0.0787184
UGAUA	1.58254	0.823373	-1.32983	-0.522186	-1.19177	0.24932
AUAUA	-0.991528	-0.596124	-0.317291	2.36785	-0.00450165	-1.18091
CUAUA	0.451444	-0.798144	-0.988104	0.649846	0.45318	-0.693736
GUAUA	2.98226	-0.50954	1.68884	2.04002	1.41787	1.33817
UUAUA	1.5119	-1.17046	-0.509197	-0.424049	-0.454958	-0.0984408
AACUA	-0.409135	-1.66061	-1.81948	-0.368962	2.42833	1.66563
CACUA	-2.95409	-0.229748	0.686293	-1.85934	-2.13931	-2.87114
GACUA	-4.02672	-1.11676	-0.0585231	0.842908	0.0610549	0.36236
UACUA	-0.439176	0.294282	2.23165	0.0839362	-2.45826	1.52557
ACCUA	1.42157	-0.667375	-0.197458	-0.697499	-0.71541	-0.0892627
CCCUA	0.393951	0.113106	-0.790973	2.51311	-0.698466	1.34043
GCCUA	-0.873687	1.36523	-1.94542	0.394515	0.202124	0.189291
UCCUA	-2.60736	-0.328024	-0.456372	0.973133	0.543865	-0.407831
AGCUA	-1.01134	0.128159	0.287308	-0.811762	1.06798	2.38735
CGCUA	1.00169	-0.984621	-0.551407	0.0167425	-0.221798	0.0237378
GGCUA	0.943229	-1.07886	-0.405635	-0.167241	0.214579	-0.187559
UGCUA	-0.772961	-0.119501	-2.13849	1.06979	0.157743	-0.482271
AUCUA	-1.8801	-0.415553	-0.769147	0.111016	1.66799	0.7263
CUCUA	-0.72016	0.057571	1.4735	3.73173	-0.125897	-2.30799
GUCUA	3.01781	-1.1078	-1.09731	-0.213969	-0.259255	0.0843954
UUCUA	-1.37276	-0.260348	0.74038	-1.31225	0.956824	0.440919
AAGUA	0.203596	0.93844	-0.331485	1.46163	1.57801	-0.434774
CAGUA	0.805172	-1.26773	-0.306149	-0.173569	0.248386	-0.0458578
GAGUA	0.290784	0.220967	-0.387412	-0.184973	-0.531858	0.206364
UAGUA	2.04139	-0.860653	-1.5759	-1.33904	0.0307488	0.55986
ACGUA	-3.25535	1.46792	-1.133	-1.30725	-1.30906	0.485789
CCGUA	0.663322	1.80891	0.344565	0.530338	0.469959	0.533296
GCGUA	-1.94368	-0.729144	0.134592	1.15178	1.21755	0.426946
UCGUA	-1.44536	-0.153529	0.7071	-0.748411	1.06286	0.433791
AGGUA	4.9323	1.79961	-0.561812	-2.84047	-1.21753	-0.601438
CGGUA	0.411152	-0.444347	-0.00681635	-0.46023	-0.00768837	-0.0674884
GGGUA	0.302891	0.584306	-1.25808	1.05148	-0.315204	0.0857955
UGGUA	-0.907132	0.852929	-2.5215	-2.36724	0.0956833	0.0106061
AUGUA	-2.52494	-0.447859	0.928292	-0.556076	-3.25041	-0.349982
CUGUA	-0.337524	-0.178429	-0.715885	0.655402	0.827219	0.229438
GUGUA	3.07382	1.5792	1.32839	0.263327	-0.788817	0.521749
UUGUA	-0.0593505	2.56637	-2.12749	1.21372	3.41772	0.676773
AAUUA	2.4546	0.106534	-1.02613	-0.830171	2.1584	2.33915
CAUUA	-0.409617	0.142581	-0.187107	0.761587	-0.497431	1.34187
GAUUA	-0.888549	0.0607264	0.0238233	1.12828	0.305994	-0.903224
UAUUA	1.30609	-0.0985872	5.64954	0.643841	-0.535496	2.55633
ACUUA	-1.55429	-1.15108	2.24737	-0.3845	-1.09051	0.0419906
CCUUA	-1.3048	0.247002	-2.43636	-0.8566	1.06364	0.833019
GCUUA	-1.33287	0.053888	1.50228	-0.944333	-1.74562	0.233926
UCUUA	0.131587	0.84531	0.541389	-0.17562	-0.968739	0.88201
AGUUA	8.58585	2.06934	0.0228447	1.09905	0.759988	-0.400918
CGUUA	-2.85246	-0.670237	0.306498	1.45895	1.23956	1.27888
GGUUA	1.33973	-1.24931	-0.466748	-0.372245	-0.180332	-0.0329435
UGUUA	0.854297	-1.39566	2.57555	2.37037	0.984796	0.9711
AUUUA	1.04955	3.42094	-0.120976	1.63565	1.11996	-0.0250747
CUUUA	-0.27825	1.05679	0.34866	-2.91872	-0.116413	-0.294065
GUUUA	0.29725	0.30311	0.130071	-1.16035	-0.369162	-0.0937071
UUUUA	-0.0867369	3.38836	-0.418072	1.66355	1.45178	0.0758581
AAAAC	1.91405	3.08088	1.08073	0.3818	-1.71773	-1.94145
CAAAC	-4.9742	0.722746	-0.264039	-0.0550471	-4.23762	-0.702045
GAAAC	1.84156	-1.55493	-0.848464	0.0835967	-0.623496	-0.0651954
UAAAC	0.536795	1.96591	1.58347	-2.03951	3.39544	-0.240253
ACAAC	-1.82789	-0.545926	-1.52975	1.46442	2.48806	-2.15407
CCAAC	1.29581	-0.37538	2.3537	-3.4258	-0.175361	1.61967
GCAAC	-0.289562	0.132201	-0.832262	1.574	-2.12836	-0.758824
UCAAC	-3.44031	-0.773024	0.910553	0.248374	-1.22354	2.64913
AGAAC	0.491936	-0.31675	-2.17472	-1.27327	1.65852	0.098331
CGAAC	-2.37296	1.40496	-0.401178	0.319401	0.583495	0.120848
GGAAC	-1.95996	-0.0739078	-0.755655	0.971601	-1.31286	0.834118
UGAAC	1.60148	-0.720432	-0.71108	-0.877642	-0.160984	-0.0404325
AUAAC	-0.796327	-1.06475	-0.241933	1.33202	3.11174	2.6548
CUAAC	-2.17713	-0.821492	0.618169	1.45597	-1.94301	-0.160381
GUAAC	-2.89586	0.411651	-3.04886	-0.236864	-0.088414	-0.655869
UUAAC	-2.75192	-1.32021	3.10071	-2.29622	-0.525515	-1.62526
AACAC	-3.22222	0.954554	-1.41066	-3.03102	-1.50969	0.216871
CACAC	-3.41997	-0.754742	-0.390616	-2.48037	1.4834	-0.546072
GACAC	-2.68849	-2.48027	-0.053645	0.0593834	1.64302	-1.38217
UACAC	-0.835544	0.193104	-1.33857	3.63988	0.770511	-0.994544
ACCAC	1.30804	-1.12866	-0.937778	0.183786	0.370369	0.281525
CCCAC	-0.0868495	-0.610145	2.26579	-0.163201	3.88173	0.258098
GCCAC	-1.18374	0.0828989	-1.23853	0.91687	-1.8639	0.831504
UCCAC	1.93584	-0.934246	-0.877037	-0.375306	-0.702775	-0.243962
AGCAC	1.56404	-1.42729	-0.458558	-0.285118	-0.188471	-0.0844279
CGCAC	-1.5727	-0.0261501	0.627065	3.30936	-1.42762	-1.25436
GGCAC	2.01466	1.03882	0.0653095	2.294	1.24285	0.408677
UGCAC	-3.55641	0.0250832	-0.360473	0.144664	0.265215	1.99406
AUCAC	0.617373	0.302535	0.258814	-0.698922	-1.08263	-0.613175
CUCAC	0.902308	-0.896415	-0.560636	-0.172109	-0.239181	0.356947
GUCAC	3.32809	-1.59245	0.824349	-0.658021	0.162985	-0.358225
UUCAC	0.982871	-0.197108	-0.713866	0.21158	-0.767467	-0.513146
AAGAC	1.62006	-0.431014	0.555144	0.866046	3.58902	0.129186
CAGAC	0.170478	0.874773	-1.54952	2.66888	-0.754671	0.042267
GAGAC	-0.342339	-0.0287729	-0.339467	2.00454	-0.734166	-0.787414
UAGAC	-3.24009	-1.36574	1.45021	-0.364776	1.03051	1.17626
ACGAC	-2.35952	-0.238765	-1.46706	2.20271	0.278457	1.40733
CCGAC	0.0989938	-0.626871	1.35499	0.259629	0.0430214	-0.390656
GCGAC	0.564162	-0.120519	0.077153	-0.0192666	-0.0159345	-0.00414183
UCGAC	1.04471	-0.986816	0.484964	0.0614332	-0.654132	-0.218482
AGGAC	-0.985587	0.756764	2.61396	-0.686907	-2.18409	-0.56786
CGGAC	-1.25295	0.68235	0.388945	-0.581376	0.222965	-0.0742794
GGGAC	-0.03471	0.886319	-1.77344	0.645057	1.46268	-0.173346
UGGAC	6.04149	1.16619	-0.839543	0.545305	-0.166317	-0.195578
AUGAC	0.510191	2.57442	1.62148	1.05622	-0.422113	0.673354
CUGAC	-0.639481	1.5561	-1.59538	-0.674025	-3.13892	-1.85059
GUGAC	-1.25803	-0.342913	3.99276	2.23253	0.581657	0.103667
UUGAC	-2.17613	-0.423544	-0.329832	2.36434	-0.320857	-0.159106
AAUAC	2.09943	1.87328	-0.455683	0.66513	1.38617	1.47272
CAUAC	1.62789	2.27644	-1.86722	0.646068	-2.08459	-0.224565
GAUAC	-1.24079	1.18385	-1.29194	1.24772	-0.384894	0.646971
UAUAC	0.413419	0.568901	-0.764241	3.3116	-2.34262	-1.86515
ACUAC	0.851501	-2.46456	2.71123	0.0123559	-0.667637	-0.0593993
CCUAC	1.02325	2.42696	-1.07475	0.466467	-0.629349	-1.00583
GCUAC	-2.46678	-0.434441	1.01856	-1.48621	2.60063	1.42374
UCUAC	-1.55832	-0.554752	2.92345	-1.02164	-1.88808	0.261252
AGUAC	2.57545	1.14097	1.47528	-0.832883	-0.893477	-0.870366
CGUAC	0.0232832	0.176116	-0.0842707	-0.0957501	-0.0872471	0.227426
GGUAC	-0.958941	0.448435	2.19966	0.482864	0.227725	-2.14345
UGUAC	-0.0644351	-1.06942	0.520937	-0.212713	-1.21776	-0.196489
AUUAC	0.104583	-0.433918	0.888121	-0.548668	0.974042	-0.760179
CUUAC	-1.99279	-0.0575569	-1.85345	-0.723759	3.73927	3.50538
GUUAC	0.187306	0.819336	-2.67216	0.972361	-1.32258	1.56969
UUUAC	-2.85215	0.140437	-0.403317	2.79427	-0.961935	-2.64265
AAACC	-2.09554	-0.402944	-0.379247	0.516128	1.43396	1.16185
CAACC	-0.229192	0.804128	1.42317	-0.0683839	-1.82482	0.6823
GAACC	-0.557621	1.04417	-0.133451	-2.01081	0.330122	-0.401961
UAACC	1.06708	-0.906093	-0.41073	0.027537	-0.530729	0.111131
ACACC	-1.68928	1.23289	0.300474	-1.15879	-2.0062	-0.697212
CCACC	5.94814	-1.61951	-1.72122	1.5179	2.91967	0.586422
GCACC	-0.0405934	2.2614	-1.37248	-3.63535	-2.32082	0.916538
UCACC	-0.618092	0.3996	-0.612181	1.00855	0.21951	0.643621
AGACC	3.14556	0.721528	0.430387	0.983183	-0.361366	1.92752
CGACC	0.878252	0.377721	-1.17661	-0.248684	-0.949247	-0.106519
GGACC	0.531116	-0.463613	0.878235	0.652955	0.236622	-0.23862
UGACC	1.11235	0.256775	-0.605869	-0.608917	0.937451	-0.406446
AUACC	1.68894	-1.44707	-0.336687	-0.137377	-0.213451	0.24941
CUACC	-1.39858	0.731725	-1.99853	-0.0834316	-0.816445	-1.4345
GUACC	1.30603	-0.535485	-0.48147	-0.36111	-0.549657	-0.120976
UUACC	-0.343695	-2.27565	1.96899	-0.482104	0.369913	0.540279
AACCC	3.38091	-1.1319	1.84395	-0.389951	-1.80263	1.05165
CACCC	1.14965	-0.172223	2.5229	1.86184	-0.425428	1.34802
GACCC	1.44894	0.100713	0.2292	-0.670829	-1.55837	0.0909413
UACCC	0.724837	-0.50813	-0.73203	0.230698	-0.163713	-0.080582
ACCCC	-0.398359	-1.27551	0.617697	0.164776	-0.817623	0.681476
CCCCC	1.84424	-0.113279	0.405878	3.16543	0.177398	-0.136783
GCCCC	1.64355	2.00388	-0.397339	1.26569	0.469514	-0.194051
UCCCC	-0.521387	0.504557	0.514948	0.563007	0.468052	-2.19198
AGCCC	1.4292	1.32633	-1.60717	-1.02093	-0.186002	-0.0392077
CGCCC	0.585625	0.0831947	-0.574679	0.0384046	-0.197185	-0.0390036
GGCCC	1.95278	0.580139	-0.90826	-1.13789	1.01452	0.121811
UGCCC	1.00599	-0.10107	-0.571828	-0.0848297	-0.124579	-0.0900892
AUCCC	-1.48456	0.213225	-0.845886	0.383746	-1.16506	-1.60989
CUCCC	0.618063	-0.682072	0.0461979	0.303205	-0.707809	-0.193924
GUCCC	0.90811	-0.306206	-0.68151	-1.08942	0.506999	-0.0542636
UUCCC	1.84071	-1.50836	-0.0971259	0.181667	-0.658021	0.22817
AAGCC	-1.4115	-0.344944	1.54162	1.09618	-0.754519	2.8475
CAGCC	2.46616	-0.464643	-0.125303	-0.00422922	-1.04529	0.0412995
GAGCC	-1.44753	0.381681	-1.23744	0.276149	1.33583	-0.164906
UAGCC	-3.70334	-1.539	1.33604	3.4948	1.01135	-0.812972
ACGCC	-0.901082	-0.561044	-1.40763	2.18725	1.24169	0.359036
CCGCC	-0.430804	-0.159445	0.155664	0.626273	1.40618	0.043384
GCGCC	1.01451	-0.967121	-0.654155	-0.0286727	-0.100938	0.0297954
UCGCC	-0.535795	-0.19763	1.82124	0.65294	0.513928	0.358255
AGGCC	1.1069	-0.342092	-0.138854	0.0853641	0.0306862	0.0561882
CGGCC	-0.512894	0.449862	-0.0241979	-0.552677	-0.963516	0.230354
GGGCC	-0.0839304	2.23885	-0.0328075	0.237119	0.0297867	0.0576986
UGGCC	-0.712707	-0.219459	-0.569652	0.94904	0.623397	-0.170474
AUGCC	1.18957	-1.58284	0.0576433	-0.50674	-0.15293	-0.0448202
CUGCC	-0.615717	0.434022	1.37681	-1.08943	-0.253681	0.321417
GUGCC	-4.84438	-0.524791	-0.24501	1.21601	1.97349	-1.09691
UUGCC	0.518892	0.83519	-1.3189	-1.08246	0.0133866	-0.582383
AAUCC	0.713445	-0.353463	-0.969624	0.597641	-0.369265	-0.315823
CAUCC	-1.4155	0.257556	-1.74623	-1.68518	-0.343015	0.823728
GAUCC	2.14971	0.130028	2.02601	-0.331056	-0.915146	0.46742
UAUCC	-1.51599	0.0146372	-2.12687	0.802373	-0.289717	-1.26076
ACUCC	-3.6698	-0.657354	0.403456	0.794585	-1.46986	-0.893134
CCUCC	-1.51161	0.102908	0.213419	0.635389	-0.371512	-1.93398
GCUCC	-0.407821	-0.169276	1.12879	-0.475495	-0.564492	0.416018
UCUCC	0.324543	0.015312	-0.15117	1.27105	0.931169	-0.729634
AGUCC	-2.07919	-1.48586	1.47463	-0.373809	-0.316581	-0.20695
CGUCC	-3.3645	-1.36697	1.19895	-0.181089	-0.0554209	0.096732
GGUCC	-0.939038	0.952131	-0.822492	-0.999827	-2.29701	-0.690098
UGUCC	-3.75668	0.642685	-1.15923	-2.96097	-0.143825	-2.27632
AUUCC	0.943894	-0.240965	-0.748145	-0.343622	-0.0713619	-0.0976167
CUUCC	1.9272	1.94335	0.0992353	1.42435	-2.04836	-0.0293613
GUUCC	0.206316	-0.350454	0.633539	0.54947	-0.327688	-0.804217
UUUCC	-0.961721	1.10511	-1.23058	4.6881	-3.14615	-0.936142
AAAGC	-0.151309	0.571382	0.433367	-0.203233	-2.70702	1.45705
CAAGC	0.526517	-1.77765	0.139786	0.0154213	0.117813	0.836196
GAAGC	2.30085	-0.291184	-0.539311	-0.119812	-0.0312545	0.0343528
UAAGC	-1.04602	-0.307464	0.106582	0.375924	0.582059	0.991483
ACAGC	0.716418	-1.29749	1.24406	-0.11441	-0.0726917	-0.605854
CCAGC	-0.398142	-0.493342	1.09153	0.578895	-0.0437106	-1.02489
GCAGC	6.98959	1.71151	-0.0509532	0.195803	0.231097	-0.00349121
UCAGC	1.20611	-0.0469738	0.520993	0.246741	0.387231	0.978785
AGAGC	0.917472	1.3713	1.27766	0.542264	0.0182481	-0.0595054
CGAGC	-2.14889	0.430732	0.670183	-1.19663	-1.58751	0.416985
GGAGC	2.8557	0.382184	-1.15961	0.338279	-0.772259	0.0461694
UGAGC	0.066033	-0.139551	-0.152848	0.789198	1.92743	0.664955
AUAGC	-1.07644	0.43388	1.72641	0.163762	0.487114	0.0217379
CUAGC	0.00128721	-1.34423	0.183624	1.11077	-0.0902939	0.00108733
GUAGC	0.450509	0.437942	-0.383476	-0.156157	-1.17577	0.340377
UUAGC	-1.08314	-0.456088	2.21318	0.96576	-0.439879	-0.651355
AACGC	-0.187698	-0.192943	1.51625	-0.992655	-2.21559	-0.386937
CACGC	1.02772	-0.774726	0.0378174	-0.416605	-0.727128	-0.0380992
GACGC	-0.433096	-0.225213	-0.517921	0.370927	1.4176	-0.272346
UACGC	1.00012	-1.01483	-0.137459	-0.365009	-0.231951	-0.00999428
ACCGC	-1.83492	-0.434354	-0.0497577	1.61848	1.33921	0.300996
CCCGC	-0.024419	-0.366401	0.128686	0.747311	-0.342514	-0.140722
GCCGC	9.19733	0.261686	0.0587344	-0.0141724	0.225705	-0.0334571
UCCGC	1.0191	1.10362	-0.261223	0.714519	-0.213705	0.679534
AGCGC	2.07641	-0.648451	0.559667	0.308485	0.0786479	-0.00776155
CGCGC	2.05357	0.658848	1.1681	-0.544409	0.27797	0.16156
GGCGC	0.379938	1.78804	-0.866192	0.523034	-0.787829	0.268993
UGCGC	1.01455	-1.12309	-0.198757	-0.345615	0.0275527	0.0180996
AUCGC	0.10814	-0.931431	1.67587	-0.295939	0.811996	-0.0681712
CUCGC	-2.93526	0.300403	-0.743439	0.903094	-1.71923	-0.0962173
GUCGC	0.477832	-0.183319	1.95629	0.0539346	-0.169707	0.359686
UUCGC	0.188045	-0.727856	0.0377309	0.674663	0.461589	-0.262604
AAGGC	0.575683	2.68491	-2.22742	-2.04488	-1.14518	-0.154493
CAGGC	1.08885	-1.42426	-0.480719	-0.127087	-0.0928947	-0.0435965
GAGGC	2.50608	1.36607	0.737106	-0.822407	0.217378	0.569242
UAGGC	1.06958	-0.812409	0.202275	-0.105518	-0.713382	-0.218946
ACGGC	0.254712	0.555574	-1.09993	0.576975	-0.87473	0.954025
CCGGC	-0.603824	0.370208	-0.842752	1.3401	0.0976575	0.04113
GCGGC	5.34366	-0.225598	-0.311394	-0.306578	-0.249514	0.180579
UCGGC	1.72462	-0.476641	0.466225	-0.443509	-0.693434	-0.258695
AGGGC	0.270295	-0.501225	0.574805	-0.120147	-0.156017	0.0468327
CGGGC	0.685927	0.169025	-1.38368	0.516584	0.429794	-0.149303
GGGGC	4.44467	1.64862	0.418383	0.32927	0.0112097	0.0454196
UGGGC	0.85808	-0.0704544	-0.792386	1.24694	0.665184	0.165878
AUGGC	5.96358	0.0526039	0.321672	0.832826	0.66019	0.00303037
CUGGC	2.52936	0.724128	-0.0361753	0.242834	2.34236	-0.333295
GUGGC	6.15568	1.54995	0.347919	0.274902	-0.0803592	-0.00159831
UUGGC	1.09963	-1.08356	-0.520444	-0.117951	-0.164835	-0.0660837
AAUGC	-2.29823	-0.284749	0.330603	-0.0647336	-0.973733	0.33546
CAUGC	0.937362	0.810814	-1.9692	-1.6204	-1.09342	0.878988
GAUGC	3.19399	-0.599692	-0.211837	-0.614245	0.122476	0.0680712
UAUGC	-1.34953	-0.187233	1.33684	-0.822934	-1.2901	2.15287
ACUGC	-6.39534	-3.58261	0.484018	0.993935	0.774039	0.0371493
CCUGC	1.61102	1.15853	0.436658	-1.9293	-0.0407953	-1.19366
GCUGC	1.84671	1.44903	0.457272	0.457757	-0.656332	0.0490616
UCUGC	-0.476297	-0.72032	-0.736489	1.60707	-0.51192	0.058868
AGUGC	-2.23589	-1.26243	1.82714	2.48109	-0.981869	1.64334
CGUGC	0.252358	-0.179009	1.19703	-0.496818	-0.517756	-0.154198
GGUGC	1.9009	0.46734	-1.02942	-0.192929	0.585783	-0.028689
UGUGC	-2.62249	-0.338071	0.591528	-0.326369	2.81035	-0.477215
AUUGC	-0.899788	-0.227066	0.5691	1.08042	-0.289478	2.60582
CUUGC	-0.410313	0.178226	-0.0848245	1.64702	-1.53163	-0.86948
GUUGC	2.0244	-0.0289542	0.344943	0.115213	0.125168	-0.0479593
UUUGC	-0.0228898	0.950123	-3.52998	1.33425	1.81878	-0.32931
AAAUC	-0.769061	0.200594	2.33836	1.62622	-2.38539	-0.898305
CAAUC	1.09914	-0.671639	-0.173676	-0.156978	-0.589379	-0.33402
GAAUC	0.61356	2.92503	-1.29248	0.723117	0.706091	0.944821
UAAUC	1.75945	-1.12756	-0.723174	-0.490084	-0.536915	-0.143146
ACAUC	2.0602	0.246398	1.93328	1.72464	-1.72044	2.23241
CCAUC	-0.0636285	0.960744	-0.347319	-1.4269	2.09628	-1.54158
GCAUC	-0.154263	-1.03923	-0.0574062	-0.270005	1.2954	-0.0158985
UCAUC	1.54998	1.96625	0.866201	0.605233	1.15354	0.239098
AGAUC	-0.813237	-0.364626	0.697464	-0.330088	0.123089	1.57107
CGAUC	-2.29681	0.14807	-2.0665	1.33209	0.355458	-0.310022
GGAUC	-1.39438	-0.19747	-1.12905	1.01083	0.00810724	1.08314
UGAUC	1.29543	-1.2959	-0.360007	-0.398249	-0.316344	-0.087572
AUAUC	2.7587	1.94158	-0.26088	-1.12715	-0.486875	0.215525
CUAUC	-0.704819	-1.06385	1.3132	1.09086	0.0955677	0.999064
GUAUC	-5.59274	-0.108572	-0.641495	-0.46867	-1.12787	1.66057
UUAUC	-1.59791	-0.643273	2.38293	1.78101	-0.53723	-2.42886
AACUC	1.33027	-0.967727	-0.0366027	-0.688506	0.0765367	-0.1475
CACUC	-0.965958	0.196007	-2.58432	-0.148941	1.30676	0.179759
GACUC	-3.21814	-0.66448	-0.468789	-0.413144	2.38389	-0.854218
UACUC	-0.273148	0.840534	-0.61502	-0.70723	-0.465518	-0.213933
ACCUC	-0.482266	-0.674774	-0.623811	0.734413	2.76115	0.242002
CCCUC	-0.149198	-0.25965	4.69202	2.77986	-0.38923	-0.0116781
GCCUC	-0.568943	-0.231366	0.368104	0.93819	-0.894378	-0.376912
UCCUC	-0.858362	0.113474	1.00595	-1.09121	0.966832	0.722573
AGCUC	-0.207172	1.48108	-0.287125	-3.1175	0.0999932	0.613211
CGCUC	0.738811	-0.833484	-0.10245	0.0441188	-0.27156	-0.0224282
GGCUC	1.41828	0.975034	1.47554	-0.330624	-0.0232335	1.29566
UGCUC	-0.311323	-0.438138	0.445476	0.568528	-0.296298	0.28693
AUCUC	-1.58793	-0.707634	0.495509	0.0454159	1.91325	1.62374
CUCUC	1.20353	1.13848	0.168673	-2.9896	0.648619	-3.06011
GUCUC	1.64666	-1.8802	-0.560365	-0.464454	-0.219495	-0.0730972
UUCUC	-0.636456	-1.35248	-0.639609	1.08331	1.35834	-1.70034
AAGUC	-1.34811	0.0459328	1.15365	-0.683557	-0.498799	0.395259
CAGUC	0.719748	1.71469	-0.65123	0.544002	0.588619	-0.524225
GAGUC	-0.368342	0.557817	-0.296456	-0.99228	0.22909	1.09177
UAGUC	-1.0094	-1.31237	2.40871	1.59925	2.10725	0.782335
ACGUC	-2.12005	0.468179	1.64293	-0.240516	-0.0794657	0.251206
CCGUC	-0.410277	0.950675	-0.1405	-2.05788	0.705265	0.323101
GCGUC	0.600696	-0.836481	-0.288995	-0.0265204	-0.131377	0.168408
UCGUC	-1.34533	0.403777	-1.75062	-1.04332	3.49096	1.07293
AGGUC	-0.841766	-1.25513	0.709249	1.72571	0.820186	-0.474204
CGGUC	-1.07357	0.269096	-1.63333	0.238555	0.0538629	-0.186735
GGGUC	-1.18689	0.36054	-0.357439	2.79692	0.215817	-0.366692
UGGUC	0.468682	-0.870293	0.433444	-0.107057	0.0460187	-0.0315447
AUGUC	2.37168	0.476804	-1.72062	-0.024415	0.256907	-0.483458
CUGUC	-1.66424	0.501722	0.714975	-0.357597	-3.20589	-0.0139958
GUGUC	-0.165115	-0.610717	-2.23204	2.25529	1.61774	-1.15781
UUGUC	1.41178	-0.735034	-0.820435	-0.745103	0.00185768	-0.0124294
AAUUC	2.34201	1.48456	-1.5137	0.846934	-1.45648	-0.96761
CAUUC	-0.0340807	0.231012	3.2852	-1.74155	-2.94982	0.232056
GAUUC	-1.88148	0.246772	0.0650834	-0.441393	1.70003	-1.99432
UAUUC	0.328021	1.01088	-0.0478016	-1.91147	2.48002	0.0622266
ACUUC	0.537927	0.489625	-1.2272	1.502	2.7881	0.513082
CCUUC	1.02462	1.37522	1.40345	0.974712	0.104509	0.192424
GCUUC	2.35073	0.3891	-1.05633	-0.0760539	1.04608	0.0954986
UCUUC	-0.4505	0.343068	6.12495	-1.02158	-0.541533	0.106536
AGUUC	-0.345577	-0.264867	-0.105309	1.0102	-0.703246	-0.182845
CGUUC	-2.79787	0.434494	-3.01466	0.866241	0.0400355	-0.494186
GGUUC	-0.366816	0.918487	-1.87004	-1.48963	-0.48135	-0.528445
UGUUC	0.232967	0.699916	-0.845509	-0.510149	-1.07558	-0.996042
AUUUC	3.95006	1.31577	-1.02432	0.76957	0.0228642	0.247996
CUUUC	1.37062	1.52022	0.592835	-2.18202	-0.350462	0.137483
GUUUC	-2.37233	-1.19349	2.51384	-3.29626	2.93198	-2.91992
UUUUC	-4.78763	-0.554061	-0.0553363	0.0367559	0.0229667	-0.464324
AAAAG	0.745985	-0.11551	2.26515	-0.266649	1.41798	-0.907258
CAAAG	-3.58577	-0.239471	0.0983728	0.151943	-0.0917063	-0.176398
GAAAG	-2.19431	-0.0938565	-0.0377331	0.22665	0.148086	2.60573
UAAAG	-0.953617	-1.03383	1.5023	2.19125	-1.21432	-0.383197
ACAAG	-6.04527	-2.45432	0.290203	-0.579376	0.537575	3.18956
CCAAG	-1.10665	0.76719	-1.04347	-0.417395	-0.96709	1.44378
GCAAG	0.517425	1.44955	-2.34953	-0.774651	0.821643	1.20518
UCAAG	0.303466	0.99706	0.391844	0.198406	0.766337	-1.74054
AGAAG	1.26822	0.850771	-1.33315	-1.88413	1.35578	0.424507
CGAAG	-1.89261	0.35099	-0.707673	-0.265987	-2.46137	-0.619788
GGAAG	1.97763	1.42879	-0.545514	-1.72053	0.857091	0.332382
UGAAG	0.938306	-0.474973	4.62112	0.512769	1.03617	0.117041
AUAAG	-1.83254	-0.638629	-0.388352	2.18104	-0.246001	-0.42092
CUAAG	0.164981	0.080525	-1.69738	0.675932	2.72936	1.18555
GUAAG	0.652921	-0.803342	-0.516774	-0.209109	0.0535198	-0.00974815
UUAAG	1.36446	-0.436535	1.35095	0.71969	-0.844222	-0.870239
AACAG	-1.53703	0.191299	-0.0559088	0.308776	0.418422	0.150677
CACAG	-3.49725	-0.216007	0.132051	-0.205785	0.442535	1.69674
GACAG	-1.76031	1.5621	-0.529868	-5.8739	-1.02485	-1.56578
UACAG	0.143645	1.47429	-1.7014	-1.04138	-2.07599	-1.7886
ACCAG	-6.59086	-0.686141	-0.282052	-1.0808	0.814976	1.69912
CCCAG	-0.802744	0.641185	-0.656071	1.22962	-3.43213	-0.00495533
GCCAG	-0.431781	1.51029	-1.34466	-2.27681	-1.17977	-2.8519
UCCAG	-4.52016	-0.1612	-2.37564	0.511195	0.0648959	1.01796
AGCAG	-0.846543	1.2802	2.25776	-2.33907	-1.48038	0.436014
CGCAG	-2.8214	-0.414828	3.0329	2.71277	0.372175	-0.0906206
GGCAG	3.30725	2.78831	-0.213285	0.689456	0.358618	0.123333
UGCAG	-0.2447	0.421551	0.257462	4.80131	1.05387	1.78978
AUCAG	-0.287109	0.678303	3.0477	0.114819	-0.163286	-0.387135
CUCAG	1.26277	3.94118	-0.310022	-1.34216	-0.843731	0.838874
GUCAG	-5.78995	-0.393959	-1.55016	0.930288	-1.29977	-0.288603
UUCAG	-0.413498	1.65189	-0.384479	0.52948	-3.33549	2.06017
AAGAG	-0.924752	-0.565768	1.3783	0.842427	0.69928	3.02553
CAGAG	1.29565	1.15246	-2.34776	-0.998832	-3.07033	0.630287
GAGAG	0.849747	1.00319	1.7786	0.209224	-1.34472	-1.49462
UAGAG	-0.519701	0.337852	0.128504	0.011089	-0.620101	-2.2602
ACGAG	0.0257438	-0.0754538	-0.522198	0.877093	-0.28535	-0.09421
CCGAG	-7.71713	0.410358	-1.35579	-3.50006	-3.00149	-0.531211
GCGAG	6.312	-0.0364324	0.281332	-0.567398	-0.0411168	-0.0936969
UCGAG	0.662944	-0.278163	-0.295336	-0.360521	-0.0404639	-0.00566051
AGGAG	1.15357	-0.824124	-0.365398	-0.442214	-0.387635	-0.306835
CGGAG	0.504714	0.523369	-2.52083	-0.198708	0.150441	-0.69973
GGGAG	7.87764	1.66097	-1.18981	-0.0215997	-0.241556	0.0273592
UGGAG	2.54159	1.78454	1.95582	-0.823925	0.15288	0.233096
AUGAG	-0.439839	0.507232	0.966166	2.23941	-1.31322	0.320284
CUGAG	-0.290405	0.397971	2.86335	-1.63719	0.114452	0.638042
GUGAG	0.690904	0.411378	1.01057	0.131847	0.248392	0.14062
UUGAG	-7.90682	-0.569607	-1.26995	-0.295068	-0.0175859	3.28181
AAUAG	1.08973	-1.45106	0.454089	-0.658039	-0.94499	-0.663861
CAUAG	0.541346	-0.423544	-0.0721579	0.201302	-0.434539	-0.32368
GAUAG	1.50948	1.87899	0.8442	1.01769	0.80659	0.159553
UAUAG	-0.12423	0.178987	-0.37723	0.258504	0.359072	-0.559164
ACUAG	2.42879	0.854781	0.00348308	-1.03871	-0.542348	0.0799858
CCUAG	0.799464	-0.784064	-0.300047	-0.0838027	-0.342234	-0.0856689
GCUAG	0.327202	0.202038	0.0638702	-0.829213	0.500515	-0.179211
UCUAG	-0.977601	-0.531632	-0.286443	1.79873	2.05418	0.753312
AGUAG	2.52471	0.786651	-0.404667	-1.72533	1.04221	1.20498
CGUAG	0.669783	-0.534843	0.430994	-0.651443	-0.344657	0.0997678
GGUAG	-2.12772	0.0276571	0.800853	-0.263642	-0.10582	-0.928749
UGUAG	0.460613	1.64188	-1.5421	3.04557	-0.888038	0.0218205
AUUAG	-1.60462	-0.131675	0.256147	0.334041	-0.354554	2.97202
CUUAG	0.453712	-0.112971	2.64595	-0.952423	0.575559	-0.628615
GUUAG	-0.632067	-0.931678	0.72994	1.12949	0.805807	-0.459718
UUUAG	2.47469	2.10579	-0.617278	1.03571	-0.0303056	0.509183
AAACG	-3.14236	-0.957286	0.341496	2.85096	0.722052	-0.642212
CAACG	-0.507017	0.16055	-0.377923	-0.659008	-1.34982	1.50094
GAACG	0.723328	-0.758849	-0.401508	-0.398481	1.31023	-0.0338293
UAACG	0.779474	-1.30742	0.150712	-0.324507	0.0769685	-0.0359531
ACACG	-2.88187	-0.873823	1.48138	-1.0012	-0.508288	0.0133734
CCACG	0.806434	0.172511	-1.34023	-0.661428	1.17534	0.282983
GCACG	-0.419631	0.109582	-1.19711	2.46915	-0.335835	0.227705
UCACG	-0.40062	0.0550279	0.648775	0.314803	-0.541962	-0.10924
AGACG	1.39425	-0.249331	-1.49893	-0.0825583	0.0527297	-0.512698
CGACG	-0.939114	-0.193829	0.428346	1.24788	0.130357	-0.0353352
GGACG	3.57352	-0.263847	1.18063	0.202504	-0.0666587	-0.0395156
UGACG	-1.37394	1.54038	-1.62512	-0.656171	-1.23491	0.584087
AUACG	-1.09091	-0.147697	-1.03573	0.451015	-0.728756	-0.405661
CUACG	-0.492533	-1.80185	1.3926	-0.518842	0.194622	0.00229671
GUACG	-4.95505	-0.0421504	-0.48272	-0.282354	0.684211	-0.533481
UUACG	0.869035	1.02629	-0.564398	0.649992	1.52697	0.119787
AACCG	-2.75575	-1.41168	0.220293	2.46197	0.872079	3.33833
CACCG	-0.874285	-0.551758	-0.175903	-0.363841	1.49337	-0.267834
GACCG	0.246845	0.120764	0.317536	0.745104	-1.47069	-0.597641
UACCG	0.874166	-1.31652	-0.85119	-0.258761	0.477465	0.00313133
ACCCG	-2.70913	-0.269691	0.755158	0.323872	0.404275	-1.01594
CCCCG	-1.55527	0.201053	-1.79351	1.17712	-0.224067	-0.157187
GCCCG	3.56421	0.966621	0.0189277	0.638473	0.67868	0.21664
UCCCG	1.2943	-0.971297	-0.504935	-0.305473	-0.271256	0.00249261
AGCCG	2.51493	-1.09306	-0.0998702	0.102495	-0.0271829	-0.203408
CGCCG	1.1213	0.559489	-1.27178	1.72798	0.463056	0.11195
GGCCG	-3.02633	0.276377	-1.03632	-1.32913	-0.74963	0.359613
UGCCG	2.3942	1.6111	0.788083	0.431764	0.0765134	0.00966457
AUCCG	-3.21499	0.206846	-0.78561	-0.70073	1.50316	1.23859
CUCCG	0.0662509	-0.644064	1.02965	0.295382	-0.279501	-0.509964
GUCCG	-2.09622	-0.758263	0.628316	1.5791	0.942208	0.821741
UUCCG	-2.96334	0.56217	-2.30258	-0.117853	0.438764	-0.486616
AAGCG	0.304095	1.02439	3.00869	-0.936343	-1.64283	2.22123
CAGCG	7.79336	0.242554	-0.0851742	0.136431	0.332804	0.113387
GAGCG	-0.100014	1.17747	-1.02131	-1.38006	-0.62617	0.359668
UAGCG	-0.877449	0.88732	-0.705498	-0.555952	-0.15171	0.0207275
ACGCG	-4.59192	0.21684	-1.64995	0.235151	-2.93133	0.56583
CCGCG	0.566845	-0.893113	0.0961769	-0.100825	-0.128492	0.035345
GCGCG	-0.250813	-0.152442	-0.516257	1.57051	-0.123106	0.0182536
UCGCG	-2.08866	0.106618	-0.687943	-1.15236	0.847672	0.012126
AGGCG	0.856202	-0.924358	-0.491506	-0.230485	-0.0553333	-0.0364229
CGGCG	1.19065	1.27226	0.370729	-0.127392	-0.156315	0.0370158
GGGCG	-1.17803	0.410045	-1.82127	0.330387	0.388381	0.0101673
UGGCG	-0.379733	1.91036	1.09937	0.83397	0.102204	-0.0223079
AUGCG	-1.43951	-0.206463	1.66705	-0.373259	-0.545771	-0.00199459
CUGCG	2.01728	-0.909059	-0.113454	-0.27048	0.0486442	0.0113686
GUGCG	-2.88525	-0.314524	-0.153289	-1.35807	3.5145	0.730594
UUGCG	0.0391163	0.485912	-0.775784	0.653706	-1.01281	-1.29186
AAUCG	-4.11494	0.219922	0.574663	-0.258296	0.277417	0.208297
CAUCG	-2.84979	0.900831	0.23974	-0.569944	-1.98174	-0.542079
GAUCG	-0.843463	1.19806	1.2704	-0.301494	0.633926	0.0469031
UAUCG	0.472755	-1.53004	0.0639403	-0.575995	-0.243242	-0.0207611
ACUCG	-2.09904	0.118208	1.49345	0.825902	0.7499	-0.0471117
CCUCG	-1.02116	0.397448	0.543549	0.0720012	-2.06046	-0.194818
GCUCG	-2.61328	0.459259	0.568655	-0.826423	-0.76431	-0.192678
UCUCG	-1.28363	1.04284	-1.83041	-0.863823	-0.397484	-0.914219
AGUCG	-6.01317	-0.994533	0.227831	1.30152	1.15877	-0.774772
CGUCG	-1.33041	-0.07068	0.457453	-1.07834	0.654364	0.770827
GGUCG	-2.60986	-0.114578	-2.3182	0.55469	1.50381	-0.0918006
UGUCG	0.460651	-0.38274	-0.563749	0.194936	0.0300886	0.166691
AUUCG	-1.26078	-0.172583	0.405684	1.1018	0.576672	-0.388015
CUUCG	-0.742414	-0.0816128	1.05753	-1.04223	0.54288	-0.010143
GUUCG	3.66789	-0.0339252	-0.142039	-0.015917	0.409077	0.0889572
UUUCG	-1.65737	0.0817916	0.944382	1.93479	-0.293151	0.961471
AAAGG	1.60209	2.3566	-3.33356	-0.955894	-0.076674	-0.76243
CAAGG	-0.960086	-1.27792	2.26291	1.30426	0.767737	0.16867
GAAGG	2.59301	2.92879	-2.56554	-1.19711	-1.44526	-0.620719
UAAGG	-0.284612	-0.451753	0.21146	2.32524	-0.254861	-0.861658
ACAGG	0.212962	-0.933013	-0.444095	0.587757	1.79318	0.0986851
CCAGG	0.809672	-1.01719	-0.320382	0.0415505	-0.08927	-0.137207
GCAGG	3.46221	-0.8606	0.0451817	-0.524511	0.240577	-0.399295
UCAGG	-0.0851161	-0.122926	0.208088	-0.255978	0.364108	0.0436763
AGAGG	0.614744	1.0363	-0.935884	-2.47921	-0.502024	0.445147
CGAGG	-0.87211	-0.315245	0.0848379	0.588089	0.287894	1.09637
GGAGG	0.132452	1.77455	1.64474	-2.35506	-0.437116	-0.235315
UGAGG	0.276892	0.385888	-0.0511425	-0.971604	0.295433	0.0668876
AUAGG	-0.68749	-0.171013	1.70114	1.07371	0.0568037	0.0899605
CUAGG	-1.8329	0.413606	0.133679	-1.8931	-1.99661	0.36159
GUAGG	1.53096	-1.20833	-0.258487	-0.51733	-0.514657	-0.132572
UUAGG	-0.706566	0.913854	-0.0778366	2.51476	-2.98227	0.946734
AACGG	-2.85077	-0.0200819	1.1616	-1.75938	1.01784	0.440329
CACGG	0.527408	0.409254	-0.120658	0.809834	-0.431388	-0.578737
GACGG	-0.663852	0.364494	-0.157013	-0.62405	-0.146024	0.038642
UACGG	-1.08115	0.289688	-0.128629	1.12905	1.19416	-0.448573
ACCGG	1.2981	-0.95357	0.727688	-0.384251	0.734396	-0.191861
CCCGG	0.376008	-0.365121	-0.131888	-0.200294	0.0335677	-0.139336
GCCGG	7.64045	0.908331	0.343882	0.187224	0.0623705	0.0183555
UCCGG	1.76968	1.46904	0.0406825	-0.216689	1.25048	0.396535
AGCGG	1.29411	1.24139	-1.36271	-0.528114	-0.0722441	0.154451
CGCGG	0.250004	0.638915	0.727194	1.05263	-0.900325	0.105061
GGCGG	0.653478	-0.937436	-0.27552	-0.109516	-0.0731733	0.000895441
UGCGG	-5.33852	-1.38354	2.07953	0.195923	1.76144	1.66367
AUCGG	0.497845	-0.380994	0.259491	-0.105427	-0.478825	-0.0639397
CUCGG	0.787037	-0.36657	0.250605	-0.207726	-0.50728	-0.198627
GUCGG	-0.764114	0.341622	-0.931798	1.67815	-0.264868	0.514589
UUCGG	-6.21318	0.421374	-0.55122	-3.77051	-1.7296	-1.18597
AAGGG	0.249534	-0.497473	-0.0848508	0.249555	-0.0483503	-0.175245
CAGGG	2.1865	-1.05069	0.376113	-0.417152	-1.19768	-0.0313907
GAGGG	0.508154	0.284886	-1.89588	-1.3626	1.19238	0.0389909
UAGGG	0.820166	-0.296033	0.433147	-0.0502553	-1.03283	-0.355709
ACGGG	-0.573147	0.180613	0.0880754	-0.576354	1.02297	0.139595
CCGGG	2.73854	0.525072	1.50699	-0.39443	-0.0277213	-0.12119
GCGGG	1.60557	0.577241	-1.09348	-0.478359	-0.10714	0.0866415
UCGGG	1.63993	-0.425472	-1.384	0.0437433	-0.512118	-0.0495071
AGGGG	0.653584	0.0759813	-0.686548	-0.442854	-0.831127	0.337718
CGGGG	3.29689	1.69837	0.959421	0.30794	0.177479	0.0111969
GGGGG	1.95463	1.98865	0.365009	0.419878	0.041497	0.0540205
UGGGG	2.91888	3.01991	-0.25284	0.455806	0.142841	0.0637348
AUGGG	1.69166	0.12274	2.14738	-0.368174	-2.05404	-1.1773
CUGGG	-0.573747	-1.05926	1.50438	0.0132502	0.658309	-0.0101136
GUGGG	2.23145	1.12991	-1.70147	0.733393	-0.016475	0.0391257
UUGGG	-0.163787	-0.313401	-1.1504	2.221	-0.668494	2.37172
AAUGG	-1.01037	1.5477	-1.40303	0.761166	-2.37695	-2.62476
CAUGG	1.12733	0.0873968	0.129863	0.707795	-0.663818	-0.359416
GAUGG	8.89635	0.968588	0.416706	0.823033	0.244884	0.179971
UAUGG	1.45219	1.1778	-2.10321	0.69702	0.1095	0.656975
ACUGG	-1.70215	0.15364	0.0391998	-0.700232	-0.122545	-0.569729
CCUGG	-0.225445	0.626823	-1.91522	-1.49545	0.681566	-0.54752
GCUGG	0.796257	-1.05041	-0.0463641	-0.342318	-0.0599742	-0.0289028
UCUGG	-2.86761	-0.134991	-1.71028	0.278682	-1.40798	2.5443
AGUGG	0.0964085	-0.018947	2.72594	2.175	-1.07197	2.21262
CGUGG	0.325386	0.236984	-2.06816	-0.13982	0.235616	0.223747
GGUGG	5.99467	2.126	-0.346006	0.392016	0.0445437	0.0555314
UGUGG	-0.660724	-0.773126	3.83765	0.359405	0.17102	-1.43411
AUUGG	-0.463482	-0.775611	2.52878	1.96206	-1.92253	0.630885
CUUGG	0.539589	-0.213666	-0.592755	-0.347991	0.448068	-0.0500515
GUUGG	1.85086	0.414123	-0.180547	1.98045	-0.470391	0.386876
UUUGG	-3.85831	-1.14908	0.846809	0.0332682	0.857477	-0.5159
AAAUG	-0.0478504	0.617982	0.288607	2.27075	0.361126	-0.137508
CAAUG	-1.00794	-0.00285749	4.4823	-0.491441	0.950054	-0.0785972
GAAUG	-1.33002	-0.70233	0.579045	-1.02037	-0.607157	-0.744081
UAAUG	0.117811	0.949835	-1.05881	-0.328295	-0.679393	0.514065
ACAUG	0.346072	0.779435	-0.427816	0.369269	2.70541	-1.35808
CCAUG	0.998887	-0.347759	-1.11197	2.25246	0.202396	-0.267466
GCAUG	3.17645	1.12019	-1.24071	-1.07046	0.0981041	0.361203
UCAUG	1.82654	-1.02981	-0.926294	-0.583967	-0.341876	0.216309
AGAUG	-2.3791	-0.331841	-0.277624	1.43509	-1.39183	-0.0657789
CGAUG	-4.19785	-0.55087	-0.435052	1.17093	0.990224	1.31565
GGAUG	-0.0967577	1.47093	-1.46162	-1.56031	-1.63551	1.67543
UGAUG	-0.570293	0.271145	-1.38508	2.22886	3.51377	0.812257
AUAUG	-2.55755	0.160385	-0.438077	-0.323467	0.0313596	1.10094
CUAUG	-2.54667	-0.497055	1.70424	-1.38913	0.851178	-1.4785
GUAUG	1.56625	0.197423	-1.04836	1.18705	0.981923	-1.73578
UUAUG	0.14442	1.43871	-0.654239	-0.662531	-2.26986	2.80644
AACUG	-2.86868	-1.18368	-0.992957	0.20896	3.81862	0.582231
CACUG	-0.88828	0.36267	0.685404	-1.28963	-1.73598	1.27685
GACUG	-3.06093	-0.0194734	-0.0530342	0.310706	-1.66983	-0.363925
UACUG	3.80826	1.5572	-0.0283151	1.75068	-0.525559	0.25003
ACCUG	2.56453	1.41518	1.00076	0.292723	-0.617678	-1.29268
CCCUG	1.24329	0.385293	2.58543	-1.14763	0.130163	-0.225781
GCCUG	0.496073	0.196493	0.788551	0.83743	1.23617	0.0886555
UCCUG	2.8496	1.33967	-0.172627	-0.884733	-2.14364	-2.80394
AGCUG	1.65423	2.2141	-1.36222	0.843292	0.144362	0.134365
CGCUG	0.828781	0.0803136	-0.313768	2.76371	-1.80282	0.173521
GGCUG	1.48078	-1.43398	-0.114972	-0.0931238	-0.298462	-0.0665393
UGCUG	3.06426	-0.271683	-0.489961	-1.44299	0.00782203	0.255389
AUCUG	1.24814	-1.50587	0.224877	-0.908935	-0.311918	-0.122809
CUCUG	1.04226	-0.800998	-0.228846	-0.558969	0.0360707	-0.0176598
GUCUG	1.07056	0.246634	-1.04276	1.23446	-1.15031	-0.0387545
UUCUG	-4.78841	-1.22233	-0.479996	1.10588	0.0699382	-1.35423
AAGUG	0.299811	-0.357101	-0.927834	-0.357827	0.58401	0.34125
CAGUG	2.04157	0.118502	-0.218566	-0.760051	1.49308	1.85691
GAGUG	-1.34529	0.925883	-0.694283	-2.65977	-2.65688	1.17331
UAGUG	0.620555	-0.289709	-0.352757	-0.280341	-0.145595	0.0137951
ACGUG	0.0103156	2.39444	-1.07781	-1.20208	-0.171473	-0.135345
CCGUG	3.84144	-1.08791	0.0352865	0.0431846	-0.50988	-0.323593
GCGUG	-2.63337	0.293844	0.539462	-0.836758	0.338227	0.265396
UCGUG	0.104325	0.464453	-1.01555	0.321329	-0.0610087	0.0787195
AGGUG	2.64086	0.488893	-1.23197	-0.679688	2.18019	0.752234
CGGUG	1.90992	-0.876556	0.135531	0.00444301	0.093791	-0.0288278
GGGUG	1.8583	1.10252	-0.544499	-0.301349	0.369309	0.22538
UGGUG	0.231452	-0.123509	-1.17775	2.75738	0.410028	1.7007
AUGUG	1.11361	-1.25507	-0.03007	-0.50349	0.0304032	-0.168545
CUGUG	-0.109171	0.188731	0.296794	4.25364	0.336427	1.33819
GUGUG	-1.3856	-1.51246	-0.101901	1.90731	-0.745005	-0.867102
UUGUG	1.6577	-0.709058	-0.559698	-0.848148	-0.0895795	-0.0718827
AAUUG	-3.12934	-0.0641656	0.423436	-0.257644	-2.22651	1.68752
CAUUG	-0.0504243	-2.09943	-0.156697	-0.455989	0.30157	0.997685
GAUUG	0.320766	2.19924	-2.61918	-0.728631	-3.33036	-1.49136
UAUUG	0.254455	0.952042	-0.268734	0.698291	-1.03359	0.24508
ACUUG	-0.338096	-0.163188	-1.5967	2.27846	0.00178312	-0.428337
CCUUG	0.042536	0.365272	1.74801	0.0312252	1.29957	-0.0775205
GCUUG	1.7985	0.533186	-0.19602	-0.0448061	0.353413	-0.320415
UCUUG	1.33835	-1.43966	0.229575	1.23486	1.11782	0.615486
AGUUG	-1.4809	0.0363193	0.78316	-0.665728	1.71477	0.231989
CGUUG	-0.302793	1.36868	2.15093	-0.476543	-0.406309	0.14121
GGUUG	-3.87676	-1.74839	1.2211	2.00972	0.815194	0.265643
UGUUG	1.06367	0.224348	-0.990884	0.508774	-0.561002	-0.245871
AUUUG	0.747843	2.19386	0.928503	-3.46102	-1.31205	0.353689
CUUUG	-0.590355	0.163574	4.5529	-1.22254	0.517755	-0.0916951
GUUUG	-3.51703	-1.4084	-3.13927	1.26879	1.19569	3.66908
UUUUG	2.05882	-1.62676	-0.602153	-0.5677	-0.837333	-0.215134
AAAAU	1.96702	-1.11057	-0.508431	-0.561402	-1.10103	-0.468232
CAAAU	4.5902	-1.30121	1.10696	-0.600933	1.19044	1.95431
GAAAU	1.79193	1.10639	0.575178	-1.52158	-0.499351	-0.235475
UAAAU	0.78032	-0.654709	0.315333	-0.569511	-0.563894	0.567979
ACAAU	-1.92721	-0.13369	-0.652122	1.1378	-1.71531	-1.6674
CCAAU	-4.87608	-0.333448	-1.69839	-2.41703	1.36912	-3.63311
GCAAU	-0.966493	0.119275	0.385999	-0.73455	-1.18359	0.483135
UCAAU	-1.80244	-0.395732	-1.59657	1.21765	-0.194226	-1.61766
AGAAU	0.41752	2.79934	-0.752836	-3.45727	-0.0901842	1.74652
CGAAU	2.29459	-0.454981	-0.590997	0.115712	-0.41774	-0.376021
GGAAU	-0.883373	0.291539	1.33213	-2.83825	2.67661	2.80096
UGAAU	-2.41475	-0.171511	-0.696524	1.25676	-0.379052	-1.51829
AUAAU	0.499588	0.23765	-0.868866	-0.614853	-0.228087	0.388756
CUAAU	-0.593791	2.21957	1.07659	-2.66602	0.262371	-2.08951
GUAAU	-2.31305	-1.34692	1.00725	-0.521226	-0.32036	2.94074
UUAAU	-3.17934	-0.445546	0.0101472	0.229063	-2.05507	3.34794
AACAU	-0.619475	0.897263	-2.56921	0.560987	-0.517409	1.17122
CACAU	0.410812	-0.349672	-0.689807	3.4073	-0.361277	0.413461
GACAU	2.71609	0.981725	0.224261	-2.04151	1.63682	0.695788
UACAU	-1.47586	-2.21792	0.449843	0.741778	-1.79158	0.347083
ACCAU	-5.73845	-0.493403	-2.01907	-0.0251801	-0.419969	2.70646
CCCAU	-3.58305	-1.86426	-1.25697	2.26588	0.663119	-1.28478
GCCAU	0.140938	0.122464	-0.00703794	3.24335	0.586355	0.436945
UCCAU	0.651558	1.25895	-0.922631	0.786463	-3.29058	-1.39271
AGCAU	-3.63948	0.152877	0.225446	-0.424244	-2.31371	-0.53377
CGCAU	1.28658	-0.849685	-0.400343	-0.178694	-0.383519	-0.313031
GGCAU	0.120232	-0.00491585	0.273613	-0.363882	0.0827789	0.128038
UGCAU	-0.468376	0.694526	-2.91842	-0.143147	1.51546	1.50076
AUCAU	-0.531873	1.46571	0.697976	0.615752	1.24756	0.863615
CUCAU	-0.290094	-1.87718	1.68726	-0.0454285	1.25751	0.738282
GUCAU	-1.66453	-1.08543	-0.830467	2.85155	-1.25563	0.921614
UUCAU	-1.21815	0.220053	0.23493	0.844342	-0.336598	4.00244
AAGAU	0.886896	-0.547377	0.559778	-0.382445	-0.591787	-0.117976
CAGAU	1.72965	-1.33906	-0.422495	-0.357995	-0.58327	-0.0764245
GAGAU	-1.2924	0.166309	-3.60201	1.1166	3.09633	0.946206
UAGAU	-2.16134	0.302053	-0.112162	-2.21278	-3.00454	-1.56091
ACGAU	-3.24069	-1.40591	-2.07977	1.81501	-0.0526537	0.313704
CCGAU	1.27886	-0.637012	-0.664856	-0.0764923	-0.216983	-0.187719
GCGAU	0.844173	0.144048	-0.265888	-0.367988	-0.304146	-0.158793
UCGAU	-1.42559	-0.844005	1.53476	0.198999	-0.792746	-0.238837
AGGAU	-1.8823	-0.981814	2.96707	0.370226	0.081728	0.0836133
CGGAU	-1.77988	-0.464883	0.21035	-0.204022	1.98413	0.191737
GGGAU	0.689219	-0.786796	-0.75828	-0.169474	0.158237	0.0366409
UGGAU	-2.35431	-0.890951	0.163338	1.26662	-0.390723	0.657643
AUGAU	-1.50498	-0.807689	-2.36677	2.02232	0.414447	-1.37985
CUGAU	-1.92663	-1.82487	-0.840982	1.30257	1.28282	0.498551
GUGAU	0.235974	0.368346	1.12557	-0.368268	1.41201	0.427693
UUGAU	0.431374	-0.409148	0.098474	-0.22054	0.4962	-0.0938487
AAUAU	0.457181	0.968936	1.54099	-1.02509	-1.46675	1.52745
CAUAU	-1.37607	-0.218638	0.0244377	-1.19058	3.26732	0.193139
GAUAU	0.619526	1.56587	-2.93924	0.287409	-1.00444	0.200868
UAUAU	0.911474	-0.388694	-0.44793	-0.764992	0.0877338	-0.119876
ACUAU	-2.0824	-0.382679	-0.965585	1.17328	-1.58808	0.503547
CCUAU	1.00918	0.363465	-1.07027	1.16808	0.946783	0.128463
GCUAU	0.507762	-0.273272	-1.9676	-1.47982	2.98883	-1.27248
UCUAU	1.06396	1.49171	1.3744	1.27702	0.369067	-0.0475403
AGUAU	-1.1948	-0.00698051	0.0227508	1.29304	0.834883	-2.53201
CGUAU	3.21059	-1.03707	1.41091	-0.140709	-1.76907	0.0248151
GGUAU	-5.4257	-0.651494	1.00455	-0.0871981	0.886603	0.462216
UGUAU	1.2248	0.289088	-0.372955	0.474278	1.61381	-0.642895
AUUAU	-2.47094	-1.3994	0.426582	0.454534	0.265125	2.74444
CUUAU	1.08454	0.209948	-2.40655	-0.169713	0.666644	-0.19775
GUUAU	-3.12814	-0.199177	-0.0933981	0.693216	-0.219202	1.10184
UUUAU	1.60101	-1.04719	-0.590989	-0.611074	-0.729336	0.0206593
AAACU	0.615369	-0.0980761	-0.0921537	-0.232342	1.23139	1.71185
CAACU	0.233081	-0.0154985	0.454082	2.92094	-1.41286	-1.14575
GAACU	-0.835406	0.176465	-0.955728	1.99068	1.94926	0.693486
UAACU	2.71512	0.242009	-0.749069	2.27019	1.48927	-1.25232
ACACU	-3.09372	0.883702	0.010768	0.407524	-2.94187	-3.13446
CCACU	1.03828	0.387523	0.0685925	-0.65496	-0.58319	0.351883
GCACU	1.00195	-1.47273	-0.32246	-0.192028	-0.0793444	-0.0603696
UCACU	0.0578691	-1.83268	1.50386	-0.366631	0.443538	0.226446
AGACU	-0.146325	-1.04764	2.82191	-0.405082	-0.804779	0.662507
CGACU	-1.16128	1.43262	-0.136011	-1.17568	-0.545625	-0.645813
GGACU	1.25908	-1.44712	-0.235678	-0.0353189	-0.305555	-0.0752614
UGACU	1.69617	-0.153804	-1.15947	1.34363	2.58055	-1.99369
AUACU	-0.331404	-0.22789	-0.394927	1.81017	-1.52829	0.469788
CUACU	-1.29607	-0.17362	0.535793	2.83764	-0.425549	-1.53527
GUACU	0.313363	0.221901	-0.76346	1.59422	0.0141266	0.39283
UUACU	-0.556188	-1.70208	-0.910999	1.28154	0.0737188	1.1114
AACCU	0.99794	1.1672	0.26713	0.618025	-0.0668263	-0.336039
CACCU	0.258686	0.558307	2.23119	-0.747518	-0.930432	-1.15516
GACCU	0.97293	-0.638499	2.28442	2.49271	0.179783	1.174
UACCU	-2.30712	0.747327	-3.02372	-1.29277	-1.37127	0.134907
ACCCU	-0.285032	0.0875127	0.252939	0.358296	-1.12715	0.717713
CCCCU	-1.99814	-1.91306	0.552197	-0.839574	-0.929231	-0.68488
GCCCU	2.03466	0.726931	-0.754766	-0.662855	1.46293	-0.073227
UCCCU	1.63955	-1.25867	-0.602638	-0.372239	-0.496331	-0.145896
AGCCU	0.692324	-1.16759	-0.23522	0.179903	-0.274612	-0.00386487
CGCCU	0.609671	-0.034168	0.342492	-1.05274	-0.138262	0.136584
GGCCU	4.00669	1.70969	0.582714	0.786014	0.47908	0.0239649
UGCCU	1.48361	-1.55269	-0.56532	-0.314322	-0.367701	-0.0881755
AUCCU	-0.546923	-0.067466	-2.03845	1.46929	0.524249	0.258738
CUCCU	1.13243	0.406745	-0.230651	-0.436311	-1.00647	-0.695571
GUCCU	1.92905	-1.28797	0.0237524	-0.422209	-0.944078	-0.176166
UUCCU	-1.42317	0.0312735	-2.13334	-1.23137	-1.59655	-1.4279
AAGCU	1.57969	0.561868	2.31692	-0.610752	-2.26253	0.834571
CAGCU	4.01739	0.619015	-0.665721	-0.492733	-0.0571655	-0.320772
GAGCU	-2.23959	-0.0267062	1.2625	-0.156971	-0.855655	0.471684
UAGCU	1.06151	-0.213452	-1.19597	-0.974144	0.074605	0.462281
ACGCU	-0.24569	-0.272645	0.38868	1.1113	-0.63552	0.0665316
CCGCU	0.401768	1.1519	-1.48131	-0.580915	-1.00541	-0.125635
GCGCU	-1.27185	0.131812	-2.05491	-1.25257	1.70921	0.0855529
UCGCU	1.1458	-1.11993	0.0625504	0.391354	-0.193785	-0.0322238
AGGCU	-4.97947	-0.667155	-1.64886	1.3636	1.4058	-0.112978
CGGCU	-3.45159	0.658833	-1.60023	-1.56875	-2.91987	-0.506936
GGGCU	0.144134	0.420675	2.01125	0.354477	-0.31575	-1.06
UGGCU	-0.909624	-0.00162162	-0.0805941	-0.0305752	0.714967	0.803728
AUGCU	-4.71477	0.0319972	-0.88767	0.231824	-3.32073	-1.08266
CUGCU	0.132287	0.0965017	1.10953	1.16136	0.580598	0.0953909
GUGCU	-1.13469	0.408609	3.69051	-0.75491	-1.41484	0.495897
UUGCU	-0.362195	-0.73124	-0.507684	-0.436808	0.84756	0.940009
AAUCU	-0.179308	0.0396524	-0.201629	0.03033	0.0811192	0.417357
CAUCU	0.901589	0.416232	1.07735	0.957987	-0.458847	0.736073
GAUCU	0.148653	1.00443	-0.553147	-1.47151	-0.0235635	0.165155
UAUCU	1.79238	-0.926323	0.194	-1.22312	0.678743	0.230687
ACUCU	-0.792408	-1.00067	-1.02729	0.0855751	2.93696	0.428322
CCUCU	-0.964847	-0.739365	-1.33108	-0.745419	1.707	0.31521
GCUCU	-0.344814	0.100942	0.0679865	0.810266	0.687524	-1.44877
UCUCU	0.279163	1.34795	-1.04991	-1.88815	-0.542899	0.271437
AGUCU	0.552579	0.933454	-0.0512266	2.64654	-1.72612	3.68486
CGUCU	0.379128	-0.179915	-0.439591	-0.0594895	-0.182249	0.082346
GGUCU	0.959283	-1.13733	-0.0672393	-0.223809	-0.0665647	-0.0580471
UGUCU	-0.214384	1.80851	-1.5631	-1.80168	0.431604	-0.476826
AUUCU	2.52395	1.45768	0.91943	-1.02043	0.594891	0.217504
CUUCU	3.80714	2.64538	-1.54305	1.16684	-0.615449	0.433282
GUUCU	0.823028	-1.27877	-0.170919	-0.275901	0.0387618	0.0464555
UUUCU	-0.867339	0.716046	-0.383538	1.37996	0.251793	-0.885053
AAAGU	1.5247	1.17924	-0.948805	-0.914992	0.345198	-0.451264
CAAGU	1.4641	-1.10014	-0.87866	-0.633095	-0.348774	0.06719
GAAGU	-0.523272	0.32375	-1.39144	0.208717	-2.22174	-0.275571
UAAGU	0.378743	-0.298221	-0.36289	0.37696	0.225689	-0.385596
ACAGU	0.212711	0.212909	0.804413	-0.322672	-0.616036	-0.448194
CCAGU	-0.768052	-0.542746	2.04963	-0.775103	2.36552	0.217155
GCAGU	-2.54406	-0.272494	-1.67513	0.747761	0.146533	1.3079
UCAGU	1.55126	-0.854118	-0.726635	-0.485259	-0.192499	-0.135477
AGAGU	-0.666236	0.344873	-0.322915	-0.145823	0.60215	-0.055431
CGAGU	-0.657392	-0.722714	0.402563	-0.073901	3.29757	-0.67437
GGAGU	-2.53602	0.149477	0.468961	-1.00986	-0.248693	4.55159
UGAGU	-2.05144	-0.261146	0.83452	0.712094	-1.11652	-0.639304
AUAGU	0.668406	-0.796778	-0.210802	-0.211458	0.066897	-0.133508
CUAGU	-1.61179	0.723492	-1.72132	-1.9484	-1.19778	0.182947
GUAGU	-1.92478	0.302232	-0.54923	-0.976859	2.49439	0.701494
UUAGU	-0.588201	2.67739	-0.304639	-2.24786	-2.7789	-1.0079
AACGU	0.695015	-0.0491978	0.0667992	-0.0912823	-0.915281	0.0251629
CACGU	1.54805	1.46783	-0.553702	-1.82948	-0.423077	0.392185
GACGU	1.42503	-0.992683	-0.416014	-0.499359	-0.41128	-0.16083
UACGU	-1.66669	-0.719415	1.10232	-0.0560046	1.01449	-0.0203176
ACCGU	-1.14551	0.135309	0.504016	-0.605211	0.766302	1.12763
CCCGU	-1.11556	-0.586154	-1.67928	3.64191	-0.953144	-0.958369
GCCGU	-2.06043	0.705818	1.46307	-1.28534	0.182819	-4.23235
UCCGU	0.907439	-1.18256	-0.931255	0.314442	0.406357	0.224805
AGCGU	0.811829	-1.02639	-0.290953	-0.348403	-0.243705	0.419891
CGCGU	-0.077606	0.45206	0.533045	-0.233226	0.0515325	0.0403919
GGCGU	-1.69243	0.339735	-2.5888	-0.237406	0.682314	0.351942
UGCGU	0.648213	-0.677595	-0.246355	0.112424	-0.0244776	-0.034078
AUCGU	0.674221	-0.949435	-0.375159	-0.556967	-0.0263146	0.0893375
CUCGU	-1.8665	-0.216422	1.50288	-0.0671813	-0.706438	0.499648
GUCGU	-0.789363	0.86284	-1.51987	0.810501	1.94207	0.582223
UUCGU	-2.73135	-1.48075	0.662839	1.05158	-0.696802	0.0131061
AAGGU	0.670329	1.35012	2.48431	-0.741468	-2.02304	-2.45775
CAGGU	-2.10263	0.076649	-1.39776	-0.353698	1.90405	-0.420919
GAGGU	0.902322	-0.879606	-0.364609	-0.444202	-0.125547	-0.0862915
UAGGU	1.06873	-1.39665	-0.467162	0.195888	-0.368813	0.0435808
ACGGU	-1.21781	0.390176	1.1207	-0.145559	-0.23018	-0.297404
CCGGU	-1.55892	-0.333916	2.06343	1.11617	0.414231	-0.12087
GCGGU	0.0363956	-0.0216111	0.258756	-0.397418	0.307572	-0.0582874
UCGGU	1.51894	-1.00278	-0.289455	-0.0457441	-0.217587	-0.196308
AGGGU	-0.442187	0.311227	2.26461	-1.88801	0.642334	-1.60742
CGGGU	0.183769	0.33207	0.539421	-0.971662	-0.0488697	-0.0483879
GGGGU	-2.86796	-1.45282	2.03003	2.57153	0.52605	1.18592
UGGGU	-0.688868	-0.307279	2.6146	-0.0697174	0.379685	-1.3902
AUGGU	1.25946	-1.02195	0.417281	-0.431179	-0.117174	-0.0538416
CUGGU	1.08465	1.95298	-9.53424e-05	-2.32238	-0.0570764	0.778723
GUGGU	-0.587512	0.533369	0.410334	-2.10021	3.00423	0.238725
UUGGU	-1.29717	-0.370255	0.727792	-0.833922	-0.562211	1.51736
AAUGU	1.16538	-1.23471	-0.172306	-0.167182	-0.193064	-0.181765
CAUGU	0.438371	-0.827141	-0.105045	-0.076393	1.18695	0.169219
GAUGU	-1.42225	-0.404262	4.05609	-0.686408	1.54692	0.0578163
UAUGU	-0.550172	1.94204	0.793761	-3.01403	-4.28053	-1.98191
ACUGU	-0.0921564	-1.36763	-1.27284	-0.34709	-1.66944	0.221887
CCUGU	-0.916129	-0.916305	-1.16261	1.5388	0.741746	0.252733
GCUGU	3.36073	0.849819	-0.558267	-1.64603	0.303412	0.405274
UCUGU	1.6064	-1.93961	-0.322918	-0.454699	-0.172693	-0.108002
AGUGU	1.44449	-1.4457	-0.33273	-0.328005	-0.148795	-0.0783904
CGUGU	-3.39989	-1.48827	-0.366894	2.63551	0.362963	1.52695
GGUGU	-0.761035	0.0485638	1.86278	0.210617	0.611673	-0.191306
UGUGU	0.20083	-0.008738	-0.443646	0.291383	2.90825	-1.44949
AUUGU	0.83758	0.10839	-3.07734	2.05021	-0.122608	-1.4935
CUUGU	-0.841616	-0.941841	2.52032	0.244931	4.4142	-0.512088
GUUGU	0.985772	-1.18556	-0.104931	-0.209803	-0.316775	0.0215375
UUUGU	3.24231	-2.78292	-0.594554	-1.0507	-0.937931	-0.295845
AAAUU	0.090892	1.23289	-0.198122	-1.59546	2.97071	-0.443325
CAAUU	-1.3597	-1.22355	-1.25596	1.02556	2.69454	-0.882859
GAAUU	2.97978	0.021216	-1.85643	2.27019	-0.727897	0.553109
UAAUU	-1.71584	-0.82465	-0.870956	1.16483	-0.613852	0.0584398
ACAUU	0.428002	0.375253	0.7203	1.37225	-1.34124	2.15692
CCAUU	0.419841	0.470608	2.69574	0.145047	-1.91721	0.633527
GCAUU	-0.292851	-0.118952	0.309841	-0.495648	3.10388	1.36685
UCAUU	-0.797507	0.134696	-0.377413	-1.27732	1.05541	0.574627
AGAUU	0.635395	0.17324	0.443301	0.230737	-1.90822	-1.46553
CGAUU	1.70854	-1.06428	-0.530992	-0.53402	-0.496277	-0.241195
GGAUU	-3.2469	-0.260992	-0.465662	-0.684128	0.591807	3.09574
UGAUU	-0.044968	0.372906	-0.100466	-0.647506	1.06268	-0.832611
AUAUU	1.13861	0.683084	-0.843345	-1.28244	-1.68317	-0.154508
CUAUU	-0.538481	-1.99236	0.782065	-0.00321988	1.39863	4.02959
GUAUU	1.40541	-1.34677	-0.584902	-0.396825	-0.360418	-0.0689925
UUAUU	2.82019	1.00121	0.178656	-2.08217	0.723442	1.21435
AACUU	2.19838	2.30894	-0.474938	0.758609	0.769109	-1.37065
CACUU	-0.632633	0.0244738	-0.189053	0.446196	1.28279	-1.77498
GACUU	-0.361895	0.308589	-1.4342	0.775644	-0.143494	-1.51606
UACUU	3.74198	-1.06628	-0.801452	-0.867452	-0.200143	0.158741
ACCUU	3.00798	1.13836	0.986072	1.43156	0.24058	-0.475235
CCCUU	-1.21765	-1.13817	0.0612565	-1.42932	-2.02136	1.74991
GCCUU	1.3945	-1.26337	-0.55695	-0.449587	-0.246958	0.0146827
UCCUU	-0.362211	2.6844	0.561257	-1.90303	-4.29887	-1.02568
AGCUU	0.829894	-0.638823	0.175409	-0.865308	0.00527053	0.0690978
CGCUU	1.27762	0.269556	0.687576	-0.320189	0.155956	-0.31512
GGCUU	-1.23526	0.449688	-2.85648	-1.58808	0.784688	0.676974
UGCUU	4.06104	1.5181	0.306699	-1.27483	-0.770822	-0.293084
AUCUU	0.341521	2.00207	-0.377936	-0.845507	2.05444	1.07781
CUCUU	-0.943776	1.38994	-0.206967	-1.97263	-4.87331	0.776228
GUCUU	-0.266964	-0.267153	0.0458401	0.522353	0.146007	-0.106634
UUCUU	-2.81819	-1.19298	0.314011	0.421239	0.125983	1.21154
AAGUU	-1.71613	0.687511	-1.48007	-0.422573	-0.966567	2.19937
CAGUU	-0.203504	0.162907	-0.858593	1.39696	-1.18453	-0.709544
GAGUU	0.846194	-0.543749	-0.085163	-0.491648	0.038394	-0.145642
UAGUU	0.0165805	-0.138993	4.53706	0.295385	-0.958855	-1.32701
ACGUU	1.52626	-0.867108	-0.442274	0.0490798	-0.442961	-0.0851204
CCGUU	1.42534	-1.1354	-0.210414	-0.300795	0.432243	-0.297777
GCGUU	1.0138	-1.06855	0.0592996	-0.469108	-0.125456	0.031066
UCGUU	-3.28386	-0.619539	1.71941	-0.777242	1.69185	0.296026
AGGUU	0.845844	-0.861974	-0.38388	-0.324382	-0.0916865	0.0260359
CGGUU	0.407125	0.619377	-0.101671	0.233312	-0.450625	0.133201
GGGUU	-1.42493	-0.17953	-0.465989	1.70508	3.89313	-0.603317
UGGUU	0.0925707	-0.714913	0.896963	-0.0456667	-0.256539	0.0369286
AUGUU	-0.262949	-0.625277	4.0556	0.677832	0.742523	0.116692
CUGUU	-0.309441	1.60179	-0.178664	-2.45093	1.60347	0.986939
GUGUU	-1.25786	-0.223922	0.249145	0.515335	-0.183627	1.18634
UUGUU	2.18726	-2.17275	-0.494887	-0.6463	-0.650538	-0.244865
AAUUU	0.114134	0.43318	0.357662	-0.998134	0.34077	0.221731
CAUUU	1.42297	-0.763543	-0.597653	-0.280292	-0.563364	-0.109822
GAUUU	1.79974	-0.580666	-0.50551	-0.425591	-2.00916	-0.609426
UAUUU	1.33713	1.38773	-0.36031	1.2918	-2.23055	1.20322
ACUUU	-0.983262	-0.537458	-0.825548	-1.13929	0.581323	0.142079
CCUUU	1.94069	-0.828358	-0.58661	-0.963334	-0.715075	-0.0221676
GCUUU	-2.04444	-1.72812	3.54139	2.87473	0.101652	0.72392
UCUUU	1.94484	-1.08903	-0.886946	-0.77287	-0.707136	-0.164409
AGUUU	-1.20665	-0.798189	2.64185	0.834447	-1.86496	1.40832
CGUUU	-2.78785	-0.775403	1.07843	-0.152356	1.77595	0.766215
GGUUU	0.187991	0.317503	0.409962	-0.377527	-0.240404	0.357008
UGUUU	2.05987	-1.89626	-0.529027	-0.569003	-0.574888	-0.242823
AUUUU	2.2035	-1.36248	-0.982843	-0.386641	-1.27781	-0.0955847
CUUUU	0.970742	2.35126	-0.906675	-0.575215	4.18388	0.355556
GUUUU	0.794658	-0.805454	-0.303465	-0.147942	-0.351411	0.00711596
UUUUU	6.57622	-2.56742	-2.10594	-1.31749	-4.89857	-1.37333

Relative affinities to the structural contexts 
P	0.530635
H	0.3211
I	1
M	2.91127e-11
E	0.0067157

