Motif width 5
Base parameters 
AAAAA	2.84744	0.284471	-0.460876	-0.225549	-2.27997	-0.549532
CAAAA	-1.39844	0.824325	0.55059	-2.23187	0.26036	-0.74464
GAAAA	2.75022	0.794514	0.396441	-0.24902	0.397468	-0.936583
UAAAA	-0.194342	-0.152615	0.173016	-0.281347	0.147547	0.0547511
ACAAA	1.46308	-0.110267	0.558628	0.202378	-1.47255	-0.387258
CCAAA	1.64245	-0.0553378	-0.665648	0.291214	-0.730363	-0.536619
GCAAA	-2.36273	0.251119	-0.639313	1.07704	-0.272187	-0.750574
UCAAA	-1.7975	-0.039212	-0.0339291	0.612402	0.114974	-0.0189405
AGAAA	-0.764146	-0.668482	0.539718	0.461659	-0.534063	0.931277
CGAAA	-1.86126	-0.351945	-0.942442	1.2969	-0.743748	0.188062
GGAAA	-0.687082	-0.361022	-0.937688	0.878137	0.953339	-0.695054
UGAAA	-0.317532	-0.181566	0.144421	0.204206	-0.69087	0.685586
AUAAA	3.88028	0.209301	1.70155	-0.818945	0.155663	0.24804
CUAAA	2.21324	-0.55699	-0.343795	-0.445592	-0.690987	-0.0505052
GUAAA	1.76166	1.27699	-0.16088	-0.492702	-1.2861	-0.0582242
UUAAA	-1.14716	-0.00713298	-0.0803354	-0.103809	0.43385	-0.245688
AACAA	2.01531	-0.499138	2.12533	0.389178	0.852843	1.08629
CACAA	-0.00858528	-0.185855	2.15182	0.255552	-1.09158	-0.953553
GACAA	-1.11685	-0.442903	0.00824159	1.5076	-0.703395	0.100965
UACAA	0.610925	0.0750074	0.263978	-0.884642	-0.293228	-0.544898
ACCAA	1.27089	1.70175	-1.29023	-1.05281	-0.708956	-0.915785
CCCAA	-0.266811	0.467838	-0.174567	-0.696246	-1.70329	-0.519448
GCCAA	1.2637	0.792816	0.471941	-0.889527	-0.0688972	0.0481631
UCCAA	-1.18191	-0.0194118	-0.372112	0.243148	0.00192048	1.52068
AGCAA	-3.35051	-1.29914	0.892855	0.867916	0.442899	0.973085
CGCAA	-2.88306	-0.719216	-0.43071	1.79756	-0.599743	0.172692
GGCAA	-1.27225	0.180451	-1.42237	-0.666499	1.06479	-0.721597
UGCAA	0.85161	-0.790335	-0.0986261	-0.111699	-0.0843115	0.0412581
AUCAA	0.461763	0.556836	-0.125729	1.02323	-0.385279	0.267005
CUCAA	-1.15378	0.442232	0.0755732	-1.7212	-0.613492	1.12557
GUCAA	-5.9003	-0.740746	-0.00784869	1.53009	-0.198468	-0.280084
UUCAA	-2.09104	0.269946	0.301176	-0.241615	-1.06948	-1.7795
AAGAA	0.717995	0.341508	0.339988	-0.530593	-0.25265	1.63975
CAGAA	-0.639309	-0.000951409	-0.165927	1.59318	-0.676507	0.22894
GAGAA	1.17269	0.578452	-0.935182	0.0596336	-0.954824	-0.950573
UAGAA	-0.951955	-0.164692	0.138422	-0.127875	0.66315	0.489242
ACGAA	-3.37649	0.420208	-0.192288	0.36825	-0.658494	0.0566141
CCGAA	-4.23634	0.409113	-0.224404	0.270262	-1.92609	-0.74281
GCGAA	-3.15381	-0.254244	0.515884	0.938981	-0.405789	-0.661462
UCGAA	1.4377	-0.449291	-0.560031	0.0309637	-0.36596	0.0670911
AGGAA	-2.81627	-0.12802	-0.697661	-0.136846	0.310513	1.80218
CGGAA	1.97068	-0.68982	-0.135324	-0.346844	-0.140197	-0.145831
GGGAA	8.696	1.46607	0.728695	-0.190521	-0.0541233	-0.217584
UGGAA	2.86093	0.412059	-0.0742158	-0.990494	-0.190319	0.16655
AUGAA	2.32443	0.198103	1.17287	-0.420681	-0.376252	-0.405384
CUGAA	1.11405	-0.877808	-0.150015	0.272392	-0.12558	0.0335822
GUGAA	0.332243	-0.200438	0.306718	0.648912	-0.915236	-0.202547
UUGAA	2.16369	0.72593	0.420342	-0.413907	0.506664	-0.532935
AAUAA	2.31312	1.42833	-1.18559	-0.105965	1.2828	-0.787917
CAUAA	-4.43392	0.360784	0.114358	-2.38078	-0.9803	1.07085
GAUAA	2.06431	-1.04444	-0.175282	-0.352544	-0.000219237	-0.269117
UAUAA	-6.51952	-0.443697	-0.32981	0.411788	-1.51964	0.856031
ACUAA	1.3028	0.316371	-0.118332	-0.386978	-0.848747	-0.348506
CCUAA	0.565417	-0.590803	0.269222	-0.313874	0.221938	0.079601
GCUAA	-0.842909	-0.596056	-0.485163	2.41866	0.849014	0.579429
UCUAA	0.216826	0.568703	-0.447803	0.672925	0.561714	0.470102
AGUAA	-2.97989	-0.177126	-0.422396	-0.527503	0.533482	-0.082809
CGUAA	-3.97275	1.82437	-0.899828	-1.45856	-0.0131745	1.19144
GGUAA	2.82399	-0.881825	-0.640344	0.088499	-0.430404	0.207828
UGUAA	-0.261126	0.0347036	0.186734	-0.666288	0.240865	0.710306
AUUAA	0.808043	0.0747408	-1.84706	1.96474	0.0222772	0.220457
CUUAA	0.356636	-0.609295	0.528871	0.0287431	-0.566384	0.491549
GUUAA	0.0664384	-0.140808	-0.106045	0.0733172	0.130558	0.3289
UUUAA	1.19142	0.0701454	-0.331978	-0.798287	0.267889	-0.603935
AAACA	-0.581369	0.143324	0.0410948	0.720929	0.114439	-1.21429
CAACA	-0.530892	0.0629406	-0.376384	-1.17383	1.07369	1.11561
GAACA	-1.7993	-0.155223	0.0932947	1.25102	-1.19731	-0.151333
UAACA	-1.20949	-0.652818	-0.108381	-0.418699	-0.187273	-0.499492
ACACA	-0.553909	0.245025	-1.6145	-0.866697	0.391655	1.34138
CCACA	0.74174	0.289173	-0.194745	-0.134443	0.0270339	-0.695725
GCACA	-0.400245	-0.6402	0.724105	-0.148029	-0.092499	-0.0625646
UCACA	0.592232	-0.0995279	0.66524	0.5343	-0.408812	-0.41832
AGACA	-0.991121	0.129198	-0.390894	1.11381	-0.239367	-0.834087
CGACA	0.874237	0.505469	0.569803	-0.306814	-0.870082	0.0122334
GGACA	3.21851	1.54574	-0.211152	0.0403761	-0.783272	-0.508004
UGACA	3.14035	0.363347	-0.80447	0.428653	0.223074	-0.158063
AUACA	2.15662	0.020945	-0.0703328	2.34011	-0.187633	-1.13059
CUACA	-2.12838	-1.0993	3.25989	1.49659	0.746501	0.872427
GUACA	-1.84585	-0.512092	1.39147	0.277447	-1.1446	-0.336184
UUACA	-1.33271	0.13088	-0.686086	-1.00588	0.365427	-0.720978
AACCA	0.0825187	0.885458	-1.20582	-0.481809	0.205026	-0.692678
CACCA	-0.252039	0.367644	-1.37841	-1.59629	0.704445	0.212542
GACCA	0.31552	-0.66585	-0.017504	0.522283	-0.385376	0.129534
UACCA	-2.40918	-0.341383	0.700011	-0.514236	0.144698	0.307045
ACCCA	0.971883	0.173184	0.600758	0.392545	0.339057	-0.415596
CCCCA	1.5046	0.862581	-0.73311	1.09316	-0.00829916	0.646775
GCCCA	-0.577959	0.432425	0.0691106	-1.97181	0.721859	1.03747
UCCCA	-1.48792	-0.396885	0.141967	1.90421	0.33331	-0.62161
AGCCA	-0.966834	-0.330551	1.84547	0.736645	0.902733	0.0503753
CGCCA	3.37245	0.836673	-0.316558	-0.429258	0.51246	0.0340597
GGCCA	0.311048	0.109245	0.129868	0.0263751	0.540712	-0.133548
UGCCA	-2.59294	0.0642607	0.529266	-0.640005	0.0171615	1.16996
AUCCA	0.332403	0.409169	-0.856369	-0.059651	-1.7655	-0.133064
CUCCA	2.18421	0.326563	-0.857333	-1.00966	0.597371	-0.190117
GUCCA	0.531039	-0.325755	-0.420912	0.52058	-0.0810182	-0.206089
UUCCA	-0.0309457	0.304099	-0.0302878	0.907629	-0.553861	-0.340641
AAGCA	1.76191	-1.08609	-0.0343968	0.0746323	-0.680007	0.178461
CAGCA	0.93432	0.586608	-0.550819	0.369747	0.596425	-0.211396
GAGCA	3.36627	0.993094	-0.983434	-0.629457	-0.155769	0.488733
UAGCA	1.35845	-0.260614	-0.0873073	-0.109199	-0.00900885	-0.153453
ACGCA	1.06477	-0.555285	0.0711772	-0.269521	-0.0534629	-0.0744475
CCGCA	1.3794	-0.590738	-0.241915	0.273192	-0.385512	-0.127376
GCGCA	-2.3075	0.169478	-0.489109	0.84672	-0.0473226	0.00152233
UCGCA	2.05235	-0.982784	-0.105631	-0.206086	-0.435032	-0.224955
AGGCA	-0.488682	-0.103493	0.363736	0.810075	0.229193	-0.503732
CGGCA	-1.35845	0.0433442	-0.462628	1.02047	0.584633	0.35962
GGGCA	-5.73288	-0.335162	-1.4438	-0.122169	1.6724	0.981793
UGGCA	-2.15387	0.285148	0.338222	-0.0335648	-0.633828	-1.1924
AUGCA	-1.50935	-0.581318	-0.302273	1.72023	-0.357462	0.122068
CUGCA	-1.04066	0.193763	-0.191708	0.00296493	1.10867	-0.0933348
GUGCA	-1.40048	0.109574	0.606775	0.453762	-1.79893	0.109979
UUGCA	1.07243	0.0118408	-0.609795	0.137574	-0.434585	0.224582
AAUCA	1.85181	0.243631	-0.117273	0.159548	-1.52459	-0.546306
CAUCA	14.247	0.162767	0.269631	0.106174	-0.148401	0.150953
GAUCA	-1.15642	-0.41172	0.0472057	-0.0561001	0.855205	0.578233
UAUCA	-1.68574	-0.0781173	0.306822	0.249445	-1.73675	0.120948
ACUCA	2.06673	-0.307267	0.122604	1.77525	-0.593603	1.02098
CCUCA	1.85013	1.27685	0.837068	-0.838233	-1.18299	-0.225118
GCUCA	0.554942	-0.382494	0.134286	-0.545109	-0.105602	0.151551
UCUCA	0.200955	-0.262304	-1.44106	0.851474	0.223607	0.0884243
AGUCA	-2.60255	-0.829795	0.874131	-1.84662	2.82561	0.914166
CGUCA	-1.96307	-0.111589	-1.12519	0.665608	0.137939	-0.337914
GGUCA	-0.0364944	-0.0300379	-0.285223	-0.117056	0.806675	0.300081
UGUCA	0.920817	-0.174882	-0.238278	0.249134	-0.267933	-0.0462382
AUUCA	-2.53636	0.410162	-1.51663	-1.60665	1.25106	0.552195
CUUCA	1.64009	0.50537	-0.960217	-0.408294	0.580718	0.160672
GUUCA	1.54271	-0.483426	0.624084	0.0305129	-1.11612	-0.279769
UUUCA	0.0825691	0.184315	-0.513233	-0.0138161	0.0248708	0.787752
AAAGA	2.17234	-0.737778	-0.641889	-0.11149	-0.141331	-0.310491
CAAGA	3.26169	-0.233908	-0.301748	-0.55147	0.456311	-0.217181
GAAGA	2.25615	-0.648444	1.3945	-1.3582	-0.655642	-0.115477
UAAGA	-6.40296	-0.43969	-1.59165	0.386753	-0.0592295	0.693892
ACAGA	-2.22089	0.390173	-1.15464	0.644098	-2.97684	1.3218
CCAGA	2.46961	-0.044487	-0.029673	0.37884	-1.17012	-0.0329195
GCAGA	5.64726	-0.457885	0.135965	0.233231	-0.0413944	-0.0285592
UCAGA	2.31126	-0.982103	-0.439761	-0.105045	-0.382402	0.0130162
AGAGA	1.34248	-0.316619	0.832452	-1.4196	0.765107	-0.470689
CGAGA	0.860157	-0.390331	-0.117537	-0.242084	-0.194155	0.0210314
GGAGA	1.4948	-1.31854	-0.171127	0.122806	0.20143	-0.281855
UGAGA	0.0656657	-0.239521	-0.117567	0.535956	-0.916001	0.369953
AUAGA	-4.42165	-1.50914	-0.419574	1.49195	0.476957	0.124971
CUAGA	1.67606	-0.686298	-0.137977	0.318031	-0.489681	-0.128936
GUAGA	-0.478467	0.153081	0.0313776	-0.768052	-0.286153	-0.303142
UUAGA	2.20334	0.771007	-0.382701	0.0217705	-0.381689	0.0616192
AACGA	-0.211245	0.194896	-0.214619	0.375647	0.175567	0.108031
CACGA	-0.405681	-0.319619	0.249453	0.148611	0.0319018	0.16596
GACGA	0.207024	0.288346	0.220238	-0.260057	-0.490496	-0.0747924
UACGA	-5.38101	0.744763	-0.840382	-0.650711	0.323387	-0.0125903
ACCGA	-0.199628	0.504506	-1.47486	-0.248066	-0.765074	0.220147
CCCGA	-1.54733	-0.0584075	-0.102947	1.45353	0.225862	0.375227
GCCGA	-1.14444	-0.229997	-0.25673	1.06212	-0.485793	0.4292
UCCGA	0.73605	-0.243282	-0.379385	-0.0509982	0.0241459	-0.091479
AGCGA	1.54767	-0.0251736	-0.37788	-0.622518	-0.0112402	0.0998422
CGCGA	1.19862	-0.62144	-0.108086	-0.226642	0.0382148	-0.0252187
GGCGA	2.79652	0.519629	-0.745076	0.347952	0.172933	-0.110169
UGCGA	2.1582	-1.02527	-0.0196942	-0.179796	-0.479834	-0.308401
AUCGA	-4.88193	0.407929	0.034895	-0.151191	-1.3706	-0.985197
CUCGA	2.12654	-0.742502	-0.430557	-0.435939	-0.237894	-0.0987853
GUCGA	-1.04154	-0.172337	-0.319094	0.896687	0.15948	-0.0954118
UUCGA	-4.46037	-0.957283	0.890749	-0.366492	0.0566332	0.759283
AAGGA	-0.947097	-0.146108	-0.70386	-0.0176209	-0.0921826	1.6234
CAGGA	-1.7892	-0.0875897	-0.702482	-0.552007	1.43487	-0.272174
GAGGA	-1.92666	-0.241327	0.274327	0.279743	-0.808681	-0.877049
UAGGA	1.07032	0.00267668	0.00146142	-0.715169	-0.298603	-0.0569679
ACGGA	-3.38985	0.425514	0.405158	-1.69283	-0.867843	0.0422923
CCGGA	0.443311	0.0943542	-0.607767	0.316483	0.599494	-0.621888
GCGGA	0.43908	-0.430281	0.170829	0.0702871	0.00192982	-0.0410098
UCGGA	0.941127	-0.612864	-0.462938	0.0653571	-0.0730678	-0.0296454
AGGGA	-0.295347	1.59689	0.0389354	-0.666174	-0.910977	-0.679537
CGGGA	1.64773	0.13808	0.892897	0.41876	-0.698455	0.00270688
GGGGA	1.96922	1.50958	-0.030939	0.182201	0.252801	0.0145748
UGGGA	-2.8614	-0.355661	0.173789	-0.0703548	1.40223	0.760468
AUGGA	3.00463	1.02119	0.155512	0.840171	0.468645	0.0210451
CUGGA	4.15137	1.09065	0.339582	0.526673	-0.0453239	0.218952
GUGGA	0.421944	0.205684	0.607043	-0.0652948	0.843627	-0.342619
UUGGA	0.322085	-0.224794	1.78478	0.971312	1.42187	0.34085
AAUGA	0.597141	-0.313929	0.0807476	1.49861	-0.0182845	0.682424
CAUGA	-0.309615	-0.421469	0.141847	-0.147967	0.79473	-0.147495
GAUGA	4.18672	0.401615	0.0979983	0.129983	0.39031	-0.0858482
UAUGA	2.09687	-1.15246	-0.204192	-0.76546	0.197512	-0.229866
ACUGA	0.407549	-0.0709429	0.197168	2.0121	0.0706459	0.558274
CCUGA	0.206255	0.39965	-0.76654	-0.580247	1.66544	-0.944458
GCUGA	3.10752	0.974263	-0.0601097	0.366855	0.105991	-0.0510157
UCUGA	-1.03375	-0.482083	0.303264	-0.0890563	0.111056	0.0937561
AGUGA	0.527797	-0.115105	-0.141528	-0.199485	-0.00521541	0.0375034
CGUGA	0.6078	0.511326	0.0136054	-0.463098	-0.721857	0.0452584
GGUGA	-0.0788766	0.242685	-0.578292	-0.215211	0.479818	-0.0564795
UGUGA	1.1031	0.307515	0.295125	0.369211	-0.130716	-0.0115177
AUUGA	0.584205	-0.0405926	-0.600978	0.0126423	-0.201224	0.268219
CUUGA	0.721075	0.867839	-0.114733	-0.355611	-0.215756	-0.354848
GUUGA	0.38754	0.0525073	0.308883	0.104632	-0.820521	0.027989
UUUGA	-4.72204	-1.16953	0.24167	0.141249	0.830778	1.54198
AAAUA	2.08887	-0.791808	0.634392	2.08401	1.12994	2.6694
CAAUA	1.76661	-0.429446	-0.466331	-0.210353	-0.39232	-0.142907
GAAUA	0.0905666	-0.77382	-0.289445	0.840159	-0.131788	-0.337149
UAAUA	2.39074	0.177949	-0.63479	-0.862804	0.360878	0.657994
ACAUA	2.46362	0.163836	-0.964981	-0.808667	-0.226764	-0.243001
CCAUA	-6.15123	-1.45162	0.168671	-0.50685	0.870731	-0.0260065
GCAUA	0.901174	-0.233138	0.207695	-0.470272	-0.208539	-0.148623
UCAUA	0.0746413	0.707421	2.11825	0.769144	-1.90542	0.689812
AGAUA	-0.280344	0.291946	-0.191078	0.054114	0.572605	0.0297066
CGAUA	-0.783767	-0.78808	0.404762	-0.177843	0.476251	0.142825
GGAUA	-3.56835	-1.0204	-0.320641	1.64955	-0.759445	-0.626431
UGAUA	1.66663	0.747366	-0.220108	0.863274	0.728541	0.139002
AUAUA	-1.79035	0.0140189	-0.143711	0.277387	0.619566	-1.28399
CUAUA	1.29045	-0.772169	-0.559399	0.288278	-0.0360085	-0.359093
GUAUA	0.328175	-0.36082	0.0764681	-0.750518	-0.400595	1.03283
UUAUA	0.905352	-0.346026	-0.191661	-0.526534	0.0973304	0.0859728
AACUA	-1.1866	-0.304419	-0.300713	-0.140409	0.432575	1.66413
CACUA	-0.783844	-1.30176	0.613763	-0.277297	-0.684106	-1.2645
GACUA	-2.27365	-0.597189	-0.21397	1.08969	0.381731	-0.200203
UACUA	-0.675573	0.42491	1.20725	-0.00441909	-1.48308	-0.364337
ACCUA	1.12741	-0.590008	0.265357	-0.294848	-0.390066	0.0715837
CCCUA	0.929081	-0.226774	-0.662054	0.190508	0.00507835	0.0707204
GCCUA	-0.384954	0.550075	-0.524027	1.33934	-0.444219	-0.0556894
UCCUA	-3.51887	-0.533075	0.0667459	0.859504	0.92676	0.0840834
AGCUA	-0.889373	0.195352	-0.739943	-0.0784662	0.838963	0.117234
CGCUA	1.0443	-0.0636165	-0.695638	0.217254	-0.373271	-0.0317121
GGCUA	0.736601	-0.642681	-0.228128	-0.0330916	0.332168	-0.0920456
UGCUA	1.22175	0.180976	-0.268922	0.663525	-0.794831	-0.196175
AUCUA	0.516895	-0.52586	-0.634156	0.11913	0.418104	1.06626
CUCUA	1.8835	0.201905	0.69776	0.256818	-0.0712573	-1.0217
GUCUA	1.48506	-0.768432	-0.42402	-0.0865286	-0.110146	0.0292815
UUCUA	-3.11159	-0.681633	0.911612	-0.31291	0.105431	-0.44574
AAGUA	-1.27935	0.0418628	-0.531879	1.25279	-0.960544	0.304713
CAGUA	0.0924553	-0.838152	-0.191944	-0.0475759	0.694156	-0.00544364
GAGUA	1.52548	-0.665307	-0.463936	-0.256831	-0.0879021	-0.0880895
UAGUA	-0.824968	0.076573	-0.336484	-1.48328	1.34257	-0.65065
ACGUA	-3.08619	0.610571	-1.16313	-0.661967	-1.02472	0.123596
CCGUA	-0.0278864	-0.511458	0.51845	-0.00399548	-0.0494609	0.0103097
GCGUA	-1.76532	-0.327484	1.05713	0.332512	0.571258	0.261739
UCGUA	0.386462	-0.033413	-0.317893	-0.174308	0.199545	0.157953
AGGUA	0.696824	0.137406	-0.655358	-0.426958	0.214392	-0.115192
CGGUA	0.338278	-0.24587	0.0427641	-0.257574	-0.0139099	0.00750349
GGGUA	-0.672237	0.150662	0.307182	0.525834	-0.0525494	-0.512326
UGGUA	-1.6981	0.353198	0.621447	-1.3138	0.0283949	0.159003
AUGUA	1.4094	-0.427701	-0.0629037	0.54728	-0.931549	0.165888
CUGUA	-0.636991	-0.00987166	-1.1682	0.27113	0.417384	0.509953
GUGUA	0.839483	0.670382	0.907018	-0.401243	-1.02037	0.385002
UUGUA	-2.16545	0.0336452	0.585758	0.604805	0.198785	-1.8106
AAUUA	-2.216	-0.481581	-1.16787	-0.779431	1.20043	0.782315
CAUUA	1.09618	0.443806	-0.692897	-0.205521	0.750572	0.352562
GAUUA	0.32541	0.116884	0.0663539	0.683307	-0.0129955	0.00372222
UAUUA	1.18681	1.1138	3.33943	-0.407049	-0.196014	0.27473
ACUUA	-2.48289	-1.28723	2.47215	-0.253535	0.122645	0.50773
CCUUA	0.08719	-0.0558556	-0.875051	-0.466676	0.563356	0.288131
GCUUA	-2.35701	-0.61573	2.0959	0.350996	-0.593579	-0.200404
UCUUA	-0.425962	0.150965	0.269218	-0.0269364	-0.0184946	0.345581
AGUUA	2.00521	-0.675728	-0.590718	0.0675714	0.154818	-0.276562
CGUUA	-1.48246	0.246283	-0.481657	-0.589996	1.01614	0.0913011
GGUUA	1.76572	-0.889459	-0.45687	-0.185667	-0.133631	0.0137247
UGUUA	0.574454	-0.980055	1.42703	2.42549	0.330779	-0.325117
AUUUA	5.46098	1.76536	-0.123111	1.32998	-0.0253372	-0.785741
CUUUA	-0.570228	0.444118	0.481345	-1.43968	-0.919371	-0.858814
GUUUA	-2.55955	0.0459469	-0.344219	0.135691	-1.82381	0.332682
UUUUA	2.54218	3.13094	-0.332776	0.971484	0.179414	0.18884
AAAAC	5.88079	0.68202	0.889337	0.463322	0.769012	-0.638095
CAAAC	-3.18691	0.682045	0.246608	-0.260092	-2.37869	0.261316
GAAAC	2.18358	-0.851077	-0.847143	0.917743	-0.477699	0.371459
UAAAC	-0.893241	-0.736167	0.732199	-0.125438	1.28349	0.43121
ACAAC	-0.63177	-1.02251	-1.63757	1.01499	1.37915	-1.11049
CCAAC	-0.223556	-0.336424	0.747343	-1.505	-0.111012	0.66793
GCAAC	-2.14648	-0.847224	-1.01148	1.08215	-0.112493	0.313463
UCAAC	0.730892	0.0593778	0.537754	0.698914	0.0801645	0.394647
AGAAC	-6.57743	-0.7909	-1.55588	-1.31761	1.50247	0.487209
CGAAC	-0.653164	0.0980712	0.13287	0.302337	-0.0661686	-0.0234234
GGAAC	1.81679	-0.0766916	-0.40897	0.228879	-0.0263757	-0.172391
UGAAC	1.22991	0.132902	0.0736695	-0.543209	0.00782254	-1.00649
AUAAC	1.67285	0.0153209	-0.9319	-0.230336	1.24918	0.167127
CUAAC	-2.24246	-0.24656	0.870305	0.658542	-0.970909	0.33509
GUAAC	-0.0500066	0.19829	-1.04791	0.366866	0.33184	-0.197974
UUAAC	-7.02009	-0.481188	0.49565	-0.892595	0.760343	-0.0518855
AACAC	-4.49692	0.491837	-0.423194	-1.14622	-1.6011	-1.56917
CACAC	-0.757069	0.214431	-1.40306	-0.0414282	1.44952	-0.187514
GACAC	-0.503494	-0.928037	-0.317949	0.639218	0.770553	-0.299174
UACAC	-1.62122	0.136062	0.507378	0.0401088	0.717098	0.453375
ACCAC	2.38853	-0.463391	-0.811884	1.25814	1.55707	-0.645043
CCCAC	0.281039	-0.0842356	-0.217223	-0.265844	0.140229	0.128253
GCCAC	1.26668	-0.163289	-0.120893	0.067033	-0.0223923	-0.025903
UCCAC	-1.23632	0.539854	-1.59336	-0.00357697	-0.520876	-0.735896
AGCAC	2.28741	-0.95916	-0.622587	-0.234307	-0.145763	0.0535694
CGCAC	-0.996278	-0.912088	0.555143	0.616009	-0.696594	-0.00645728
GGCAC	-0.731748	0.00509896	-0.283891	0.822841	-0.168265	-0.423931
UGCAC	1.01787	0.810945	-1.03872	0.211033	1.15614	0.251322
AUCAC	0.612309	0.282063	1.1707	-0.497443	-1.29438	-0.0438132
CUCAC	-1.4903	0.158007	-0.721138	0.0171567	0.314541	0.873584
GUCAC	-0.754812	-0.0908146	0.996966	0.58086	0.257244	-0.158318
UUCAC	0.363663	0.174514	0.138576	0.106291	-0.624388	-0.829599
AAGAC	-0.427788	0.587723	-0.687819	0.132017	0.43177	-0.829745
CAGAC	2.46231	0.926899	-0.615515	1.70465	0.533753	0.00854358
GAGAC	1.13899	0.506545	-0.158129	0.382542	-0.733144	-0.490635
UAGAC	-4.30047	-0.803417	1.06709	-0.528421	0.436734	0.852351
ACGAC	-5.78212	-0.563269	0.00538676	0.145938	0.791704	1.41636
CCGAC	0.53426	-0.359756	0.663472	0.0491663	0.0199475	0.0848079
GCGAC	0.767485	0.422062	-0.800573	-0.806949	-0.230842	-0.0761386
UCGAC	-3.42153	-0.73898	0.706316	0.960452	-1.00602	-0.262482
AGGAC	-0.462716	0.840772	0.232215	0.154678	-2.34036	-0.160535
CGGAC	-0.332904	0.513056	-0.466846	-0.602678	-0.0515671	-0.0124513
GGGAC	1.34076	0.342229	-0.0775273	0.0261835	0.992212	0.333212
UGGAC	8.80009	0.272315	-0.292066	0.557586	0.0329561	-0.0476734
AUGAC	-2.7528	-0.547674	0.74964	0.110898	2.68936	-0.241802
CUGAC	-2.54366	0.692302	-1.9621	-0.51703	-1.08271	-1.57322
GUGAC	-1.0955	0.465714	0.142704	-0.331392	0.45378	-0.411826
UUGAC	1.07262	-0.097909	-0.810707	0.463314	-0.32241	-0.0513197
AAUAC	0.300436	0.472976	-0.415298	0.105136	0.107151	1.0684
CAUAC	1.57756	1.0563	-1.07471	1.25538	-0.948198	0.0711865
GAUAC	-2.25184	0.582076	-0.744815	0.245343	-1.28169	-0.274698
UAUAC	2.31888	0.906399	-0.439721	0.74632	-1.35738	-1.42086
ACUAC	1.68749	-0.11478	2.70256	-0.30112	-0.536078	-0.271738
CCUAC	4.1264	1.17557	-0.40704	0.388316	0.0343498	-0.128574
GCUAC	-2.05945	-0.0691586	-0.549096	-0.693135	1.37977	0.450973
UCUAC	0.290737	0.273033	-0.206237	0.186026	-0.680686	0.186915
AGUAC	1.77702	0.400887	0.326698	0.311131	-0.826272	-0.0474197
CGUAC	0.428047	-0.489948	0.367233	-0.366733	-0.236566	-0.00919924
GGUAC	-5.60998	0.0275638	-0.201888	-0.779982	0.831194	-0.988504
UGUAC	-1.66591	0.383584	-1.93615	0.192261	-1.57658	-0.394733
AUUAC	-1.28207	-0.0407543	1.5405	-0.606522	-0.125408	0.325023
CUUAC	-0.575428	-0.432642	-0.841481	0.982973	1.80246	1.82744
GUUAC	-0.156534	0.260218	-1.88338	0.366819	-0.0471234	0.639791
UUUAC	-1.92929	0.255985	-0.818882	0.721805	0.00525248	-1.16971
AAACC	-0.80476	-0.752705	-0.836871	0.89673	0.855235	-0.226965
CAACC	0.629951	0.617064	0.072681	-0.85182	-0.532764	0.127379
GAACC	0.583611	0.869866	-0.963518	-0.688462	0.296895	-0.366256
UAACC	-2.58816	-0.353111	-1.22541	1.28584	-0.207208	0.740149
ACACC	-1.16842	0.100946	0.173756	0.118175	0.240591	-1.12655
CCACC	-6.41461	-0.961314	0.0228618	-1.40673	0.298227	0.763296
GCACC	-0.212674	1.12875	-0.780025	-0.276637	-1.03527	0.932337
UCACC	-2.44514	0.237672	-0.472014	-0.28925	-1.09126	1.3257
AGACC	-5.16251	-0.258004	0.172073	-0.424064	0.0843175	1.10427
CGACC	0.291733	0.630804	-0.844686	-0.486569	0.113755	0.209078
GGACC	0.689602	-0.815049	0.835768	1.52247	0.333195	0.0788395
UGACC	-1.15369	0.140196	-1.31563	0.748606	0.250307	0.025143
AUACC	0.255464	-0.549404	0.218369	0.108044	0.0387464	0.387428
CUACC	0.385297	1.94035	-0.0854478	-1.279	-0.497005	-1.41803
GUACC	-4.20437	0.495323	-1.53085	-0.655271	-0.807082	-0.805501
UUACC	-1.45434	-0.158733	-1.04846	0.2906	1.07155	0.671879
AACCC	0.397465	0.362642	0.627919	-0.481987	-0.35015	0.411154
CACCC	1.68661	-0.509048	2.1719	1.058	0.769246	1.12683
GACCC	1.57128	-0.622374	-0.435225	-0.166006	-0.0940751	0.124301
UACCC	0.854751	-0.835492	-0.521677	0.655089	-0.400143	-0.261777
ACCCC	-5.89468	-1.64151	0.206421	0.0946815	-0.322002	0.337358
CCCCC	0.916196	-0.252903	-0.274081	1.77234	-0.138191	0.21491
GCCCC	1.72395	-0.145838	-0.789308	-0.171874	0.538433	0.206752
UCCCC	-0.667083	0.42497	1.76474	0.684688	-1.07954	-0.314409
AGCCC	1.73477	1.58574	-1.83938	0.174755	0.70977	0.126822
CGCCC	-3.38311	0.0992267	0.740952	-0.275206	-0.332014	0.026067
GGCCC	2.84361	1.07856	0.875132	-0.109859	0.688708	0.335387
UGCCC	4.48474	0.524373	-0.0456922	1.27348	-0.213435	0.957871
AUCCC	0.0268846	0.197374	0.0390715	1.33793	-1.31128	-0.349804
CUCCC	-0.765793	0.0097016	-1.02021	0.284418	-0.301062	1.4439
GUCCC	1.45961	-0.861876	-0.257288	-0.344009	0.0532968	-0.0321092
UUCCC	-0.407233	0.105217	-0.140374	-1.24967	-0.28657	0.424747
AAGCC	0.483127	0.0531999	2.14287	0.12971	-1.27686	-0.276743
CAGCC	0.381463	0.147756	0.131692	-0.111815	-1.265	0.592358
GAGCC	0.174244	0.610924	-1.05959	-1.15442	0.610685	-0.442371
UAGCC	-4.12602	-0.493594	0.08973	1.42975	1.05195	0.0890017
ACGCC	1.28305	-0.274219	-0.211532	0.107626	0.77585	-0.041973
CCGCC	0.398116	-0.715829	0.467795	-0.0276324	0.143697	-0.0334309
GCGCC	0.804355	-0.295311	-0.0513181	0.269834	-0.328394	-0.0213907
UCGCC	2.24158	-1.1945	0.182541	0.385327	0.923376	0.116707
AGGCC	1.53794	0.122089	-0.15618	0.311419	0.700961	0.128606
CGGCC	1.15231	0.664865	0.582027	0.523298	-0.149345	0.125814
GGGCC	3.33698	0.884359	-0.43575	0.189399	-0.512691	0.0747046
UGGCC	-0.0689731	-0.564864	-0.238314	1.59298	0.261024	-0.12756
AUGCC	2.34223	-1.1363	-0.198766	-0.422836	-0.373806	0.0236089
CUGCC	-0.267781	0.474915	0.146076	-0.937262	1.81997	0.276399
GUGCC	-2.89966	-0.500142	-1.00688	1.81	1.33607	0.195971
UUGCC	0.635121	0.339762	0.177928	0.25956	-0.730079	0.0236941
AAUCC	2.26529	-1.16698	-0.328273	-0.124878	-0.624358	-0.197617
CAUCC	4.02678	1.12872	-0.748876	-0.268208	0.447468	0.54616
GAUCC	0.785811	-0.197161	-0.0229637	0.477948	-0.493515	-0.0173243
UAUCC	-2.64995	0.0243162	-1.51294	0.232159	0.509378	-0.260807
ACUCC	-2.25161	-1.77683	0.033372	2.05199	1.3657	-0.622494
CCUCC	1.26196	0.0699319	-0.239359	0.501279	0.101711	-0.635005
GCUCC	-1.11889	0.0887707	0.99028	-0.204151	-0.867852	0.53674
UCUCC	-0.50788	-0.0492126	-0.456796	0.909653	1.50484	-0.316292
AGUCC	-1.84758	-0.64246	1.03113	-0.514313	-0.210349	-0.0621607
CGUCC	0.0908009	-0.530623	1.02519	-0.127348	-0.150641	-0.0735241
GGUCC	-2.36506	0.352216	-0.241412	0.000745421	-0.118551	-1.18983
UGUCC	-6.48156	0.170483	-0.537524	-1.21983	-0.94058	-0.303614
AUUCC	0.372063	0.270997	-0.156274	-0.494781	-0.403751	0.162638
CUUCC	1.61723	0.992887	0.42823	0.70377	0.148561	0.363555
GUUCC	-1.32184	-0.293816	-0.138424	0.815156	0.305855	-0.0991124
UUUCC	-0.27477	0.93289	-0.543792	0.158784	-2.39502	-0.322207
AAAGC	-0.0600353	0.169594	1.19746	0.89219	-2.17718	-0.0609697
CAAGC	1.40915	-1.15277	0.740939	-0.495137	0.0257799	0.382721
GAAGC	5.07467	-0.555758	-0.493831	-0.297611	0.0837596	-0.0849229
UAAGC	0.98881	-0.054863	1.29743	0.467049	-0.76029	0.243307
ACAGC	3.77393	-0.503739	-0.38899	-0.0188419	-0.162979	-0.340781
CCAGC	1.75788	-0.527424	0.155533	0.0533899	-0.0802338	-0.0381315
GCAGC	13.7569	0.50129	-0.46329	0.0188314	0.139475	0.0487337
UCAGC	-1.92457	-0.39078	0.338129	-0.277695	-0.12739	1.52475
AGAGC	0.568325	0.724812	2.02061	-1.29519	-0.402407	0.285775
CGAGC	0.255828	-0.135178	-0.738101	0.908486	-0.55266	0.107353
GGAGC	5.66278	0.724218	-0.939633	0.101815	-0.392608	-0.105983
UGAGC	1.44039	0.636095	-0.00799887	-0.191912	0.134031	0.126689
AUAGC	-0.733504	0.66151	0.85659	0.28442	-0.0557364	-0.15119
CUAGC	-1.08055	-0.346685	0.217676	1.09882	0.0289746	-0.329638
GUAGC	0.948251	0.291289	-0.763385	-0.521636	-0.704277	0.350964
UUAGC	-2.93483	-0.29214	1.50999	0.477228	-0.226465	-0.327653
AACGC	-0.0878479	0.426531	-0.0225787	0.0204871	-0.152643	-0.0617651
CACGC	-0.442291	-0.236016	0.766219	-0.275048	-0.122563	0.0469472
GACGC	-0.0692412	-0.467513	0.203908	0.69207	0.225233	0.0503015
UACGC	1.65868	-0.795079	-0.21996	-0.37067	-0.146049	-0.0275159
ACCGC	-2.19694	-0.591151	0.276725	1.34429	-0.174661	0.0617399
CCCGC	0.342567	-0.548377	0.318487	-0.105977	-0.0816732	0.0305294
GCCGC	5.00534	0.657288	-0.175415	-0.145267	0.0427508	-0.0731939
UCCGC	-1.1939	-0.000887351	-0.537637	1.68071	-0.522329	-0.0982775
AGCGC	1.89245	-0.620775	0.0788295	0.425262	0.0400329	0.00546311
CGCGC	-0.143281	0.304702	-0.117705	-0.354816	0.702473	0.189853
GGCGC	0.544062	-0.00375084	-1.05799	0.399641	-0.692664	0.310629
UGCGC	1.8702	-0.943606	-0.118206	-0.604976	0.0289587	-0.064609
AUCGC	-2.3853	0.413768	-0.556705	-0.737028	0.802028	-0.0404749
CUCGC	-2.22134	-0.0509402	-1.33865	0.704898	-0.322965	0.119903
GUCGC	1.87206	-1.13338	-0.406023	0.0611032	-0.102975	0.105572
UUCGC	-0.325766	-0.685046	-0.0468185	-0.136359	0.892421	-0.263567
AAGGC	1.58895	0.260892	0.222121	1.18159	-0.365827	-0.360143
CAGGC	1.46494	-1.04327	-0.414172	-0.0843582	-0.0494344	-0.0679649
GAGGC	0.601853	-0.204871	0.93782	-0.368402	0.0402547	0.186095
UAGGC	2.17849	-0.418373	-0.0508845	0.165003	-0.359676	-0.135657
ACGGC	1.55261	-0.0932139	0.580797	0.267197	-0.085952	0.150074
CCGGC	1.76045	-0.259111	-0.219454	1.19558	-0.162314	0.0281015
GCGGC	4.95558	0.469202	0.1101	-0.569329	-0.120239	0.0869346
UCGGC	0.59638	-0.123139	0.642134	-0.159339	-0.283914	-0.0934221
AGGGC	1.64852	0.156009	0.359742	-0.619355	0.0193839	0.150558
CGGGC	1.00684	0.124207	-1.22094	0.412829	-0.493936	-0.210144
GGGGC	3.73697	0.220623	1.1206	-0.0708615	-0.534913	0.219899
UGGGC	2.0688	0.100151	-0.233576	0.202443	1.00549	-0.227562
AUGGC	2.85452	-0.0996915	0.486479	0.759045	0.755082	-0.0514765
CUGGC	0.182128	-0.491254	-0.190239	-0.654109	1.09188	-0.292783
GUGGC	1.51024	0.111122	1.22032	0.105598	-0.162092	0.38488
UUGGC	1.59056	-0.690659	-0.573992	-0.103906	-0.0487339	-0.110402
AAUGC	-3.69376	-0.995455	0.39848	0.650525	0.24439	0.0981743
CAUGC	3.28144	0.922322	-1.34236	-0.042893	-1.23436	-0.263502
GAUGC	1.11086	-0.113522	0.543163	0.37791	0.611059	0.38825
UAUGC	-4.92421	0.0128717	-0.0711924	-0.311468	-1.0574	2.12195
ACUGC	-0.133412	-0.642122	-0.27423	0.461693	0.427504	0.144419
CCUGC	1.77936	0.909366	-0.260208	-1.58225	-0.616234	-0.462244
GCUGC	-1.61768	0.336634	-0.372737	-1.25867	-1.40008	-0.559869
UCUGC	-3.7992	-0.385526	0.239937	0.86882	-0.862364	0.920251
AGUGC	-1.92244	-1.00522	0.838631	1.8902	0.066877	0.526404
CGUGC	-1.28817	0.300689	1.14274	-0.396885	-0.530556	0.102538
GGUGC	-0.500052	0.217844	-0.922361	0.214153	1.64843	-0.252615
UGUGC	-1.65736	0.672875	-0.449936	-1.03362	1.72825	-0.287423
AUUGC	-1.14223	0.124638	0.0775706	1.68653	-1.30428	-0.531654
CUUGC	-2.97236	0.506372	-1.04895	0.046829	-0.921322	0.371716
GUUGC	-0.0902298	-0.302107	0.43525	-0.195842	0.0567952	-0.00755953
UUUGC	2.63465	-0.121487	-0.80642	0.00774304	1.2193	0.106293
AAAUC	0.531352	0.211908	0.443148	0.932336	-1.56051	-0.546604
CAAUC	1.13364	-0.74451	-0.00390489	0.157695	-0.395539	-0.154869
GAAUC	-7.98751	-0.405584	-1.09869	-0.180824	0.818923	1.71351
UAAUC	0.918569	-0.637036	-0.109177	-1.0076	0.587334	-0.0160837
ACAUC	7.80882	0.114159	1.26164	0.458913	-0.467839	1.20322
CCAUC	-3.01236	0.13076	1.02376	-0.379313	0.269343	-1.37369
GCAUC	1.91365	-1.27796	0.337211	-0.19933	-0.0440728	0.0466238
UCAUC	0.870661	1.08682	0.848909	0.160185	0.403108	0.433187
AGAUC	-1.82198	-0.0416694	0.963163	-0.823722	0.447269	0.880154
CGAUC	-0.28777	-0.115483	-1.02308	0.314943	0.518472	-0.0346323
GGAUC	0.295991	-0.130206	-0.865387	0.570335	-0.237832	0.135874
UGAUC	1.71787	-0.922435	0.0631159	-0.515613	-0.323498	-0.0472487
AUAUC	0.7753	-0.324538	0.0550933	-0.762508	0.687152	0.266766
CUAUC	-1.1731	-1.23576	-0.102553	-0.520517	0.690334	0.264379
GUAUC	-0.613021	0.288336	-0.202495	-0.036664	0.624324	-0.136486
UUAUC	-1.19892	-0.308272	-0.358793	0.858822	0.206577	-0.35195
AACUC	-1.41194	-0.480002	1.43484	-0.594557	0.111204	-0.105611
CACUC	-1.19523	-0.708221	-1.20021	0.330683	0.878545	0.841185
GACUC	-1.01114	0.204779	0.16868	-1.18758	0.815179	-0.325403
UACUC	-4.34213	0.228057	-0.902845	-0.429925	-0.05303	0.554783
ACCUC	-1.49854	-0.680304	-0.461132	0.901062	0.910273	-0.176373
CCCUC	2.71832	-0.174639	0.633652	1.15723	-0.551653	-0.598486
GCCUC	-1.75076	-0.0491103	0.646432	0.11413	-0.86959	-1.34866
UCCUC	0.467351	-0.236462	1.51042	-0.0984579	0.966751	-0.125685
AGCUC	1.5762	0.520569	-0.863923	-1.22143	-0.297041	0.477207
CGCUC	0.923942	-0.538093	-0.234254	-0.144469	0.164971	-0.0351433
GGCUC	2.32422	0.446504	0.194167	0.670305	-0.390429	0.1487
UGCUC	-0.917131	-0.521298	1.11746	-0.3839	-0.162438	0.262585
AUCUC	-0.831825	-0.0224711	-0.349829	0.413327	1.58826	-0.0321979
CUCUC	3.22279	0.343478	-0.807411	-0.114095	1.08464	-1.43532
GUCUC	1.7365	-0.984449	-0.417646	-0.238703	-0.28091	-0.0390755
UUCUC	-0.742194	0.150475	-1.41418	-0.896075	0.223358	-0.479695
AAGUC	-1.60328	-0.448841	0.705791	-0.0763533	-0.0385599	0.16616
CAGUC	-2.34799	0.172992	1.5359	0.154208	0.631214	-0.221351
GAGUC	-1.36135	-0.533795	-0.588855	0.0759318	1.20538	0.51453
UAGUC	-4.66782	-0.770192	0.436999	0.388619	1.43116	0.857355
ACGUC	-1.03632	-0.248627	0.723535	-0.140122	-0.445328	-0.403702
CCGUC	-0.943482	0.215508	-0.0897038	-1.01279	0.281064	-0.758485
GCGUC	-0.190161	-0.626579	0.595432	-0.141119	0.00688693	0.166313
UCGUC	-2.44584	0.439371	-1.20834	0.00205098	-0.132513	-0.142883
AGGUC	-1.96434	-0.0286107	-0.54562	0.103309	1.94973	-0.112614
CGGUC	-2.48006	-0.0221584	-0.0854571	0.344333	0.991792	-0.231012
GGGUC	-1.04101	0.394522	0.156358	-0.470691	0.525699	-0.585301
UGGUC	0.18781	-0.178262	0.20919	0.170104	-0.114702	-0.0570021
AUGUC	0.224728	-0.131759	-0.650432	0.55919	0.324596	0.0558271
CUGUC	1.23634	1.1565	-0.607986	0.826363	-1.47038	0.0881227
GUGUC	-0.096131	-0.242259	-0.482242	0.52482	0.0499641	-0.126538
UUGUC	1.01509	0.300456	-0.255536	-1.46871	-0.70274	-0.213727
AAUUC	0.884346	0.0702855	-0.212939	-0.245946	-0.380424	0.0312106
CAUUC	5.13097	0.417034	2.31357	-0.452752	-0.527157	0.751648
GAUUC	-1.57967	-0.209679	0.000752804	0.215583	0.572173	-0.726608
UAUUC	-1.68575	0.321623	0.143593	-1.30354	0.478968	-0.111279
ACUUC	6.87107	0.571386	-0.406644	0.219161	0.696166	0.141993
CCUUC	2.60252	0.343109	0.595982	0.602701	0.251486	0.491314
GCUUC	6.3136	-0.127032	-0.421403	0.0550627	0.205637	0.0681182
UCUUC	-3.88307	0.0425574	0.0470276	-0.424637	-1.37623	-0.796762
AGUUC	1.36769	-0.68907	-0.397637	-0.0330824	-0.211673	-0.108482
CGUUC	-3.36059	0.719052	-0.817487	0.0618359	0.427046	-0.255523
GGUUC	-0.0230664	0.0632877	0.358017	0.82207	0.342662	0.0761745
UGUUC	-0.983077	0.59832	-1.85368	-0.877715	-1.42269	-0.470641
AUUUC	0.111062	-0.325864	-0.965622	0.639805	-0.346924	0.63724
CUUUC	-3.27125	0.540276	0.185389	-1.25692	-0.464097	0.657844
GUUUC	-3.06844	-1.62323	2.55088	-1.51966	1.02249	-1.53393
UUUUC	-0.819788	-0.951111	0.272917	1.61329	-0.162738	0.801694
AAAAG	0.945009	-0.476805	0.840394	-0.113135	1.27234	-0.366967
CAAAG	2.6113	-0.224464	-0.947094	-0.0222964	0.134376	-1.2862
GAAAG	-3.48028	-0.290529	-0.796986	-0.0427231	0.15883	1.98394
UAAAG	2.4887	0.306158	1.41343	0.02098	0.123502	-0.327386
ACAAG	-5.77089	-1.01431	0.690488	-0.936263	0.854835	2.43014
CCAAG	1.90657	0.251937	0.65264	-0.359849	-1.08118	0.88383
GCAAG	3.33605	0.383104	-0.390397	0.383137	-0.0187096	0.405698
UCAAG	-1.43042	0.235468	0.421541	-0.124205	0.417268	-0.883038
AGAAG	-0.477235	0.383517	-0.911237	-1.07374	0.436776	0.427543
CGAAG	-2.14897	0.24724	0.0214696	0.65387	-1.35862	-0.436081
GGAAG	2.60702	0.765264	-0.290146	-0.582412	0.594547	0.157016
UGAAG	-2.18972	-0.117177	1.59684	0.424167	1.79094	-1.41426
AUAAG	0.148774	-0.659686	0.689756	0.513065	-0.0724061	-0.436561
CUAAG	-4.45092	-0.817441	-1.0124	0.605832	0.767974	1.87274
GUAAG	-3.07673	-0.011374	-0.644686	-1.11955	1.03108	0.126869
UUAAG	2.3684	1.37088	-0.46274	-0.697934	-0.614152	0.0723427
AACAG	4.07078	0.654931	0.546888	0.0752953	-0.259242	-0.930539
CACAG	0.265295	0.204996	-0.453432	-1.04257	-0.11442	0.394843
GACAG	1.99098	0.968135	-0.229065	-2.50413	-0.50687	-0.469146
UACAG	0.777063	0.363152	-0.733007	0.609472	-0.648684	-0.581614
ACCAG	-1.88926	0.223702	0.0315246	-0.92001	0.76526	1.73699
CCCAG	3.86325	0.791469	-0.688547	0.480897	-0.372156	-0.407028
GCCAG	-1.20389	0.312851	0.515368	-0.58488	0.598197	-0.295315
UCCAG	-1.3396	-0.177122	-0.649241	1.82128	0.179745	-0.387577
AGCAG	0.69014	1.06913	0.186732	-1.34813	-1.05827	-0.142295
CGCAG	-5.0764	-0.170438	-0.0694939	2.24754	0.381105	0.417557
GGCAG	4.96287	1.64034	0.370736	0.194335	0.111401	0.108425
UGCAG	-1.28609	-0.232498	0.0411514	1.6798	1.25264	0.263638
AUCAG	-0.820164	0.255772	1.58015	-0.552442	0.232611	1.19897
CUCAG	-0.661289	0.175445	0.0212813	-0.151659	0.348785	0.86715
GUCAG	-5.07469	-0.0278287	-0.966417	0.491206	-0.529448	0.615926
UUCAG	0.0761247	0.206583	-0.0561214	1.44527	-0.613144	1.84658
AAGAG	2.48293	1.59903	0.551907	-0.0700879	0.654086	0.322242
CAGAG	1.40682	0.905238	-1.88898	-0.390479	-1.72247	0.497292
GAGAG	0.189794	0.0953484	1.41113	-0.609725	0.731411	-0.320999
UAGAG	-0.899607	0.0612886	-0.466415	0.356319	0.053725	-0.647999
ACGAG	1.21655	-0.520412	-0.0697305	-0.0710979	-0.0414657	-0.0893323
CCGAG	-2.61518	0.28873	-1.8697	-1.24991	-0.815826	0.335593
GCGAG	3.26947	0.192941	0.310092	-0.876304	0.306261	0.169368
UCGAG	0.327714	-0.114842	-0.02133	-0.462671	0.354052	0.0113062
AGGAG	-1.19711	0.0732485	0.407148	-0.0962231	0.0399683	0.177806
CGGAG	0.425405	0.410939	0.0355415	-0.932089	0.104086	0.0890447
GGGAG	8.91243	0.717014	-1.05018	-0.168326	-0.0166507	0.19785
UGGAG	2.79919	0.436995	0.850662	0.713556	-0.739173	-0.492214
AUGAG	0.545639	0.253772	0.252458	0.805275	0.28394	0.425734
CUGAG	2.44635	0.369756	0.914977	-0.0051699	0.510322	0.0888116
GUGAG	-0.329158	-0.191466	0.171101	0.779455	-0.375858	0.767879
UUGAG	3.30346	0.99777	-0.849123	-0.297793	-0.0023537	1.01036
AAUAG	2.54277	-0.410183	1.08031	-0.0906159	0.932605	-0.398348
CAUAG	-0.412065	-0.173293	0.237037	0.497018	-0.14049	-0.263832
GAUAG	1.92267	0.44859	0.13863	0.494872	0.140924	0.0289295
UAUAG	0.22139	0.438567	-0.628535	-0.290054	-0.437652	-0.54625
ACUAG	-1.72362	0.602121	0.165847	-0.873863	-0.672635	0.395291
CCUAG	1.60283	-0.994145	-0.305822	-0.111344	-0.161757	-0.174259
GCUAG	-0.533811	-0.0531649	0.23971	0.442319	-0.0428084	-0.0168483
UCUAG	-0.32731	-0.122309	0.156741	2.15395	0.972549	-0.9346
AGUAG	1.00556	0.232937	-0.566871	-0.796995	-0.11604	0.714548
CGUAG	1.23363	-0.478165	-0.000111372	-0.294636	-0.267806	0.0808146
GGUAG	-1.49396	-0.0936347	0.212738	-0.577322	-0.103122	-0.268529
UGUAG	-1.32484	0.253688	1.23127	0.373557	-1.08086	0.750694
AUUAG	0.691917	-0.694612	-0.697449	-0.246705	0.46519	0.451058
CUUAG	2.478	0.764475	1.59412	-0.92605	-0.00735131	-0.303356
GUUAG	0.05251	-0.739432	0.755487	1.18902	0.227365	-0.351375
UUUAG	6.55092	1.89324	-0.0168509	0.748331	-0.653872	0.519322
AAACG	-5.29233	-1.07381	0.0253794	1.46088	1.03679	1.02383
CAACG	-2.84751	-0.0519919	0.833541	0.124149	-0.546062	0.401871
GAACG	-3.81351	-0.333056	-0.541175	-0.822717	1.19059	-0.153673
UAACG	-1.15426	-0.423878	0.0636448	-0.508896	0.859187	-0.390519
ACACG	1.37764	-0.360853	0.902464	-0.278801	-0.0172989	0.29444
CCACG	-0.381056	-0.761638	0.281822	0.943456	-0.327526	0.211076
GCACG	-4.24276	-0.118006	0.319231	-0.0466475	0.400906	-0.089872
UCACG	0.491365	-0.0620362	0.324937	-0.454186	-0.391263	0.0262577
AGACG	-1.70634	-0.45276	-0.155822	0.925589	0.530268	-0.0860099
CGACG	-2.63539	-0.404676	0.949065	0.606275	-0.342288	0.0545863
GGACG	1.96222	0.429822	0.583782	0.0366777	-0.233512	-0.0783659
UGACG	-7.62322	-0.116106	-0.023334	-0.0818859	-0.485664	0.447996
AUACG	-1.72511	-0.0973977	-1.32829	0.573218	-0.0962916	-0.262657
CUACG	-1.18782	0.0973512	0.353456	-0.472745	2.37829	0.172619
GUACG	-2.92769	1.23794	0.285333	0.354765	1.20371	0.719362
UUACG	-0.463876	0.659235	-0.463747	-0.125021	0.251106	-0.012522
AACCG	-1.89307	-0.0326512	-1.38197	-0.257105	0.73381	0.0707796
CACCG	-0.884311	-0.734527	-0.0942407	-0.379044	1.24206	-0.109566
GACCG	0.427984	0.194132	-0.108681	-0.00213274	-1.36566	-0.273749
UACCG	0.579611	-0.566877	-0.16271	-0.147159	0.334393	-0.0231421
ACCCG	-4.62356	-0.721762	1.16157	0.4822	0.337351	-1.15019
CCCCG	2.28742	0.222234	-0.426956	0.363871	0.396968	-0.295673
GCCCG	2.95557	-1.17214	-0.206813	0.696349	0.408246	0.0322424
UCCCG	-0.117071	-0.0600732	-0.338753	0.468853	0.130894	0.0879264
AGCCG	2.84272	0.115628	-0.0060153	0.722432	0.00661406	-0.111375
CGCCG	-1.68441	0.98233	-0.477528	0.0854042	0.0634069	0.203369
GGCCG	0.304796	0.616473	-0.900853	0.361891	-0.358499	0.196664
UGCCG	2.2403	-4.74615e-06	1.18414	0.31035	0.651369	-0.235117
AUCCG	-0.911754	-0.158786	-0.453233	0.480768	0.490872	0.521711
CUCCG	0.082404	0.353591	0.336113	-0.617825	-0.219119	-0.753166
GUCCG	-5.68069	-0.309752	0.871435	0.799917	0.824724	0.593284
UUCCG	-2.6236	0.510914	0.69208	-1.33941	-0.833869	-0.33546
AAGCG	-1.10991	0.498932	-0.530805	-0.0910505	0.0759662	0.751917
CAGCG	2.73177	-0.285692	-0.534561	0.20714	0.356193	0.157668
GAGCG	-1.16717	0.327203	-0.533196	0.507791	-0.285529	-0.0360029
UAGCG	-1.10385	0.703883	-1.05231	-0.04587	0.0186511	-0.00780166
ACGCG	-4.42067	0.323937	-0.762965	-0.259078	-1.62622	0.110553
CCGCG	-0.57278	-0.150599	0.448854	-0.0772784	0.170417	0.0723565
GCGCG	1.75413	-0.360559	-0.187713	-0.0328457	-0.179763	0.0556926
UCGCG	-1.67081	0.131908	-1.08138	-0.749646	0.604084	0.0166677
AGGCG	0.11754	-0.156311	0.0658257	-0.138965	-0.0313739	-0.0588493
CGGCG	1.24064	0.593679	0.782769	-0.241228	-0.477577	0.0705871
GGGCG	-1.47543	0.54072	-1.29546	-0.774255	-0.0442737	0.00325155
UGGCG	-1.36581	0.280258	-0.763043	1.05839	-0.11986	-0.159887
AUGCG	-2.42644	-0.690471	1.19659	-0.527546	-0.366507	-0.0121139
CUGCG	1.90145	0.044838	0.767548	-0.412193	-0.260903	0.0254856
GUGCG	-4.07002	-0.784293	-0.235097	-0.559792	2.11677	0.0195146
UUGCG	-0.659147	0.538785	-0.840368	0.588067	-1.08698	-0.723582
AAUCG	-0.411391	0.751415	0.14359	-0.536316	-0.206283	-0.052622
CAUCG	-0.653207	0.32545	0.856644	0.562339	-1.01645	-0.234755
GAUCG	0.0790828	1.00233	0.533488	-0.232272	-0.227902	-0.56655
UAUCG	0.521978	-0.898719	0.567996	-0.310443	-0.220569	0.122909
ACUCG	-3.81633	0.179977	0.689801	-0.065637	-0.146115	0.862176
CCUCG	1.53181	0.860195	-0.733043	0.124557	-0.806675	-0.219925
GCUCG	-2.88243	0.318791	0.38377	-0.270693	-1.46302	-0.24725
UCUCG	-1.81321	0.774593	-0.869468	-0.396711	-0.680287	-0.0187621
AGUCG	-5.61863	-0.352478	-0.919503	1.98921	-0.168035	-0.894939
CGUCG	2.03428	1.3888	-0.305441	0.0680482	0.371286	0.356796
GGUCG	-3.02277	-0.342858	-1.18875	0.720024	1.26855	0.0241603
UGUCG	0.413835	-0.486716	-0.625064	0.554904	0.115175	0.18892
AUUCG	-5.15311	-0.0423618	0.425337	0.268286	0.296832	-1.26988
CUUCG	-3.87272	0.179673	-0.674097	-1.32263	1.08451	0.528766
GUUCG	-2.86252	0.334042	0.381863	-0.399298	0.474236	0.154626
UUUCG	-2.39127	-0.0835549	1.73384	0.521247	-0.30791	0.696334
AAAGG	2.58472	0.58387	-0.663168	0.392063	-0.191375	1.143
CAAGG	-0.0309891	-0.497082	0.919009	-0.164915	-0.165323	-0.209048
GAAGG	4.64338	0.454447	-1.12188	0.258125	-0.168593	-0.120747
UAAGG	-4.24866	-0.446847	0.563506	1.44925	-0.264999	-0.0264692
ACAGG	-1.88896	-0.603194	-0.0497591	0.374397	1.17078	-0.081875
CCAGG	1.55093	-0.586672	-0.67488	-0.184834	-0.0150041	-0.114531
GCAGG	1.6738	-0.528543	0.731491	-0.454971	0.585813	-0.128483
UCAGG	-0.422875	-0.285928	1.43161	-0.988431	-0.057532	0.739584
AGAGG	0.381569	0.451853	-0.602793	-1.32123	0.691465	-0.249072
CGAGG	0.194189	0.335782	-0.16707	-0.565532	0.543483	0.628435
GGAGG	1.9128	1.30277	0.822415	-1.90257	-0.0709201	-0.121552
UGAGG	0.640303	0.444327	-0.681501	-0.736565	-0.0884024	0.217408
AUAGG	-0.690659	-0.437804	1.50717	0.426476	0.371807	-1.11134
CUAGG	0.19128	-0.419261	0.0173721	-1.19206	0.747002	-0.0337698
GUAGG	1.52307	-0.76277	-0.0637168	-0.141045	-0.379357	-0.0824858
UUAGG	-2.10515	0.309514	-1.41668	0.390521	-0.487784	0.265909
AACGG	-1.08489	-0.631111	0.718285	-1.07385	0.0160552	0.206895
CACGG	1.3245	0.538068	0.021403	-0.426764	-0.611839	-0.220226
GACGG	-0.502584	-0.113814	0.142715	0.500846	-0.0589384	-0.153736
UACGG	-3.11008	-0.0083463	-0.236184	0.674069	1.1607	-0.517161
ACCGG	0.410772	-0.290944	0.227297	-0.354901	0.696119	-0.123312
CCCGG	0.261117	0.147382	-0.105774	0.586457	-0.068244	-0.672554
GCCGG	5.46406	0.290537	0.191096	-0.387234	0.0451658	0.0292793
UCCGG	-0.988505	0.573113	-0.911374	-0.684725	-0.229223	-0.0163039
AGCGG	0.297237	0.426255	-0.679669	0.362911	-0.946107	0.104854
CGCGG	-0.825411	0.572205	-0.0569789	0.0194706	-0.527148	0.0295911
GGCGG	0.651202	-0.533583	-0.0142826	-0.0679294	-0.0449944	-0.0263574
UGCGG	1.37218	-0.094281	0.772025	-0.171039	0.532027	0.0671727
AUCGG	0.774302	-0.166989	-0.138275	-0.194547	-0.100816	-0.0571532
CUCGG	0.591889	0.154026	0.169217	-0.0517112	-0.814099	-0.247904
GUCGG	0.38574	0.204153	-0.745603	0.546386	-0.0640752	0.046725
UUCGG	0.689845	0.396424	-0.289028	-0.707125	-0.655005	-0.127852
AAGGG	-0.814958	-0.492277	0.0941406	0.74401	0.0959144	-0.126231
CAGGG	-1.185	-0.531347	1.1131	-1.0594	-1.17468	0.181133
GAGGG	2.18933	-0.774961	0.0978964	-0.0704798	0.151861	0.0989253
UAGGG	1.56792	-0.926401	-0.0248688	-0.0625613	-0.2122	-0.154303
ACGGG	2.66104	0.356605	0.106181	-0.367398	-0.148485	-0.204418
CCGGG	3.58162	-0.233512	1.1744	0.0432978	-0.0362579	-0.120753
GCGGG	4.00486	0.733034	-0.511397	0.177602	-0.184608	0.000223069
UCGGG	0.255354	0.697114	-1.36036	-0.8059	-0.656651	-0.0692199
AGGGG	-1.94155	0.0849129	0.251081	-0.409316	0.162447	1.14183
CGGGG	2.97354	0.475677	0.995534	0.123868	-0.155136	-0.0514165
GGGGG	0.0531376	0.072096	-0.229189	0.771153	-0.313213	0.52931
UGGGG	4.20415	1.61239	-0.0202908	0.0821231	0.0885059	0.0437221
AUGGG	5.38914	-0.248437	0.118072	-0.447898	-0.94791	-0.836451
CUGGG	1.55177	-0.471415	-0.127832	0.21047	0.275212	0.00292449
GUGGG	1.57808	0.834679	-1.18788	0.847534	0.166512	0.228174
UUGGG	1.04373	-0.241531	-0.128702	0.588804	-0.844042	0.296546
AAUGG	-2.29349	1.57674	-0.9393	-0.535708	-2.81531	-1.47084
CAUGG	3.63057	0.35998	0.63995	0.314427	0.349651	-0.193153
GAUGG	3.43443	-0.413744	0.883934	0.833078	-0.298184	0.275888
UAUGG	-0.730238	0.584361	-0.403513	-0.809988	1.37367	0.445069
ACUGG	-3.55582	0.13787	-0.0293638	-0.398559	0.0725906	1.40429
CCUGG	0.876856	0.680839	-0.654851	0.0713698	0.490918	-0.925083
GCUGG	-1.74171	0.110523	0.826776	-0.403185	-0.082138	0.173299
UCUGG	-2.20561	0.300332	-1.31124	0.046219	0.11891	1.26708
AGUGG	-2.50858	-0.244112	0.325245	0.68638	0.373583	1.33862
CGUGG	1.42305	0.448324	-1.1032	0.0224372	-0.355837	-0.143794
GGUGG	6.12015	1.72989	0.245054	0.323226	0.0795848	0.0664655
UGUGG	-1.89456	-0.352715	1.39323	0.132026	0.734005	-0.65677
AUUGG	-1.46856	0.186345	1.12829	-0.00122111	0.202231	0.241115
CUUGG	0.911671	0.331124	-1.21157	0.551718	1.09648	0.215912
GUUGG	0.79036	0.59205	-1.06384	-0.198246	-0.871754	0.0249318
UUUGG	-4.15513	-1.40844	1.96814	-1.11395	0.576786	-0.581228
AAAUG	0.598728	1.55392	1.27297	-0.788425	-1.20182	0.905598
CAAUG	0.17309	0.0127935	2.65075	0.361164	1.07085	0.36512
GAAUG	2.28224	-0.679067	0.0096849	-0.697306	-0.400261	-0.381067
UAAUG	2.9999	-0.0244923	0.859686	-1.33323	-0.481583	0.220818
ACAUG	-1.58215	0.117721	0.366072	0.671342	-0.131375	-0.704426
CCAUG	-0.49483	0.168	-0.09797	1.39509	-0.942561	1.18554
GCAUG	-2.563	-1.2914	0.77015	-1.04291	0.000867454	-0.560355
UCAUG	2.02799	0.53485	-1.21972	0.293833	0.546337	-0.837684
AGAUG	0.728614	0.404824	0.587552	0.588116	-1.60411	-0.228863
CGAUG	-5.47162	-0.210456	0.111919	0.486552	0.817785	-0.145655
GGAUG	0.862593	0.888263	-0.219169	-0.309126	-0.898556	0.263256
UGAUG	1.09559	1.00269	-0.224914	0.729211	1.16169	0.33348
AUAUG	-4.02668	-1.0509	-0.0672708	-0.463677	0.669431	1.40357
CUAUG	0.171585	0.094888	-0.496485	-1.26264	0.126391	-0.502102
GUAUG	-4.36931	-1.28596	0.701236	-0.104724	0.981657	-0.239237
UUAUG	-3.29733	-0.247875	-0.137046	0.300779	-1.58236	1.95725
AACUG	-1.00473	-0.668917	-0.144234	0.730361	0.276699	0.851598
CACUG	1.3723	0.331505	0.613371	-1.12945	-0.14455	-0.0811044
GACUG	0.0483759	0.0327549	0.852059	0.332542	-0.0994566	0.423441
UACUG	3.8898	1.54156	0.147434	1.08202	0.368095	-0.00923424
ACCUG	-2.92895	-0.211255	0.531878	-0.682569	-0.382873	-0.373389
CCCUG	2.13824	-0.112639	0.118059	-0.428739	-0.199903	0.209858
GCCUG	2.97436	0.19057	-0.387657	0.441213	0.492543	0.179433
UCCUG	3.45448	-0.546588	-0.797734	-0.989996	-1.09963	-0.502731
AGCUG	2.84917	0.994459	-0.7343	0.347978	-0.137691	-0.100231
CGCUG	-1.24344	-0.245753	0.511632	1.62354	-0.29954	0.605907
GGCUG	9.51669	-0.162672	-0.28092	-0.0588502	0.458908	0.0102706
UGCUG	2.75819	0.666929	-0.381064	-0.0625897	0.0782103	0.0479958
AUCUG	0.340273	-0.920599	0.751192	-1.07935	-0.148081	0.0650993
CUCUG	-0.0910947	-0.152564	-0.0543537	-0.198613	0.663535	0.103201
GUCUG	0.757402	0.253196	-0.119398	-0.589222	0.197907	-0.022503
UUCUG	-1.54694	-0.680995	0.0925591	1.79753	-0.116784	0.505443
AAGUG	-0.0940223	-0.111519	-0.106407	-0.112828	0.362291	-0.0553586
CAGUG	-0.0702613	0.173294	-0.127266	-0.523514	1.67495	0.36078
GAGUG	-2.10946	0.04362	0.332781	-0.21874	-1.40225	1.44112
UAGUG	1.62291	-0.722916	-0.412883	-0.19251	-0.206132	-0.0169986
ACGUG	0.784453	0.288519	0.123257	-1.22413	-0.707942	-0.0708389
CCGUG	3.55676	-0.863886	0.0324825	0.0904662	-0.111105	-0.187306
GCGUG	2.39309	1.31051	0.599471	-0.111741	0.134632	0.0676616
UCGUG	0.957141	-0.5901	-0.206262	0.0863951	0.013433	-0.0140531
AGGUG	-0.385118	-0.140573	-0.753047	-0.794077	1.10751	0.386567
CGGUG	1.84526	-0.0666088	0.154249	0.118172	-0.161602	0.0156433
GGGUG	-4.95789	-0.320487	0.299167	-0.611898	1.26439	-0.0828076
UGGUG	2.71132	0.452392	-0.428471	-0.816388	1.22238	0.636706
AUGUG	2.08796	-0.463887	0.0930413	-0.923447	-0.147819	-0.439421
CUGUG	-0.199306	0.0477844	0.0136278	0.539572	1.32144	-0.0138247
GUGUG	-0.525945	-0.486712	-0.178898	0.436167	0.579729	-0.0194846
UUGUG	1.657	-0.540174	0.240529	-0.729745	-0.435258	-0.0964176
AAUUG	1.96656	0.287231	0.743993	-0.373179	-0.506588	0.365074
CAUUG	0.198997	-0.630098	-0.912216	-0.12043	0.97373	0.646101
GAUUG	2.95004	1.21791	0.800523	0.635564	0.274608	-0.483251
UAUUG	1.85442	0.854714	1.58662	-1.21254	-0.432911	0.46458
ACUUG	-0.325174	-0.168871	-0.118355	0.285884	0.669719	-0.594281
CCUUG	0.0309923	0.0815336	1.2825	0.842391	0.382498	-0.185161
GCUUG	-0.729698	-0.0546879	-0.208965	0.462903	0.197079	0.664681
UCUUG	0.437645	-0.164072	-1.28741	0.697111	0.425238	0.391863
AGUUG	-4.2628	-0.682913	0.973607	-0.197422	1.28489	-0.342066
CGUUG	-2.05715	0.214765	0.672148	0.512529	-0.0940403	0.25018
GGUUG	0.160644	-0.434282	0.0689342	0.640554	-0.494581	0.241248
UGUUG	1.17544	0.127325	-0.6586	-0.624741	-0.48235	0.0801676
AUUUG	1.58802	0.706131	-0.348374	-0.705792	-0.786309	0.0519645
CUUUG	0.318494	1.10978	1.72884	-0.164351	-0.815166	-1.52807
GUUUG	1.08108	-0.014744	-0.297722	0.412417	1.58	0.473053
UUUUG	-4.54736	-0.260735	-0.197958	0.10971	0.229567	0.757053
AAAAU	-0.463731	0.0426897	-0.170819	-0.0104951	0.481054	-0.451123
CAAAU	0.836584	-0.348336	-0.174095	-0.772959	0.737228	2.03305
GAAAU	-3.53563	0.124381	-0.353542	-0.00142088	0.14757	0.6583
UAAAU	0.581034	0.0940965	0.442599	0.265726	0.0943533	1.01154
ACAAU	2.07024	0.205848	-0.44802	1.75543	0.710652	0.300765
CCAAU	-3.39916	-0.0613976	-0.299128	-1.36219	0.896333	-1.74569
GCAAU	-0.565746	-0.312635	0.530742	-0.266895	0.434301	0.00663149
UCAAU	1.45459	-0.683006	-0.755399	0.65855	-0.607598	-0.280486
AGAAU	1.32101	1.27394	-0.556774	-0.878456	-0.70621	0.838043
CGAAU	-1.60981	-0.348974	-0.174223	1.10259	0.359859	-0.400947
GGAAU	0.26647	0.536906	1.40816	-0.645841	-1.44145	1.05955
UGAAU	-3.55768	-0.159706	-1.40994	0.779793	0.851918	-0.486775
AUAAU	0.615316	-0.0693167	0.853905	-0.333158	-0.0546587	-0.0608131
CUAAU	1.14876	1.01107	0.602731	-0.392932	0.0269722	-0.657049
GUAAU	-0.352356	-0.889568	-0.799827	-0.402996	0.506423	0.604024
UUAAU	-3.24835	-0.381392	-0.141853	0.86649	0.0807547	1.51025
AACAU	0.974277	-0.096845	-0.408499	0.616657	-0.74196	0.449818
CACAU	0.927092	-0.0839383	0.473109	1.41977	-0.847745	-0.0589519
GACAU	0.971468	-0.481756	0.799342	-0.0905479	0.510732	0.309387
UACAU	0.96331	0.120498	0.0377451	-0.203128	-0.944332	-0.208823
ACCAU	0.36174	0.286114	0.0538972	-0.384145	-0.954008	0.379022
CCCAU	-6.0011	-1.19068	-1.31993	1.29662	-0.284097	0.439674
GCCAU	5.31512	-0.209622	0.0788684	0.614505	0.526921	0.231781
UCCAU	-0.926292	-1.5086	0.314664	-0.367431	0.18913	-0.669307
AGCAU	-0.358167	0.69526	0.976729	-1.19032	-0.942779	-0.791776
CGCAU	1.88952	-0.712095	-0.172016	-0.141423	-0.432912	-0.235743
GGCAU	-1.96802	0.131547	0.0772039	-1.65248	0.566833	0.361305
UGCAU	-0.787815	0.714289	-2.07478	-0.792196	2.61601	-0.570435
AUCAU	0.176388	-0.293106	1.41706	2.36496	0.488964	1.53749
CUCAU	1.07316	-0.545459	1.41137	-0.237061	1.07411	-0.179625
GUCAU	-3.45408	-0.696405	-0.831932	1.12108	0.00513146	0.507021
UUCAU	-0.652994	-0.362027	0.261011	1.51646	-0.687077	1.08493
AAGAU	-0.063772	-0.546623	-0.639769	0.241776	0.41412	-0.0342802
CAGAU	2.61828	-1.05761	-0.311133	-0.491089	-0.427844	-0.0493393
GAGAU	-1.23783	-0.269063	-1.48477	1.18581	0.175102	0.57134
UAGAU	3.56028	-0.144903	0.0238819	-0.928582	-0.864939	-0.412594
ACGAU	-0.765593	0.376634	-1.45194	0.417976	-0.497903	-0.185751
CCGAU	1.78489	-0.77193	-0.589534	0.0394523	0.0543522	-0.0447796
GCGAU	1.3818	-0.652742	-0.555319	-0.17547	-0.0400661	0.00820315
UCGAU	-0.0782788	-0.00355342	0.325731	-0.344543	0.427966	-0.0244308
AGGAU	-1.49873	-0.0541473	1.85743	0.271446	-0.670889	-0.505586
CGGAU	-2.61256	-0.543851	0.217138	1.62791	-0.301233	-0.0836932
GGGAU	0.5863	-0.387783	-1.00129	0.243686	0.0482108	0.125058
UGGAU	-0.74118	-1.49963	0.364589	0.299116	-0.0115766	0.117263
AUGAU	0.227123	0.0181399	-0.49563	0.403637	0.791282	0.428825
CUGAU	0.695262	-1.23466	0.651169	0.315073	-0.201295	-0.0494304
GUGAU	-0.649947	-0.569263	0.570464	-0.158418	0.832217	-0.139407
UUGAU	0.72044	-0.404874	0.236818	0.06087	-0.350676	-0.136575
AAUAU	-1.25012	0.318967	0.919165	-0.162174	-2.08428	1.21682
CAUAU	-1.99671	0.710735	-2.50089	-0.703027	2.0006	-0.373561
GAUAU	1.58743	0.129799	-0.737034	-0.568824	-0.336061	-0.107135
UAUAU	-3.9047	-0.888616	-0.0742152	-0.100455	0.34509	0.761983
ACUAU	-3.27594	-0.498504	-0.548468	0.877521	-0.227332	0.577759
CCUAU	-3.24213	0.263867	-0.976847	-0.472834	-0.811289	0.433064
GCUAU	2.04667	0.48218	-0.591582	-0.378737	-0.141118	-0.732108
UCUAU	-2.40086	-0.0224841	0.183998	1.62642	-0.755438	0.519232
AGUAU	-0.168306	-0.195963	-0.256232	1.62809	0.785098	-0.426968
CGUAU	-1.15702	-0.763832	0.488902	0.18489	-0.663742	0.0650016
GGUAU	-4.60045	-1.23833	0.908322	0.608209	0.910112	0.219954
UGUAU	0.855852	0.135869	-0.232403	0.268418	-0.0968196	-0.443552
AUUAU	2.48337	0.175905	0.167816	-0.558296	0.686667	0.765541
CUUAU	0.357394	-0.0976227	0.314775	0.902642	0.559244	-0.346522
GUUAU	-1.26989	-0.529799	0.139812	1.60476	0.596831	0.476724
UUUAU	0.410697	0.0751059	0.31642	-0.666642	-0.394116	0.0332914
AAACU	-0.538172	0.137635	0.119982	-0.343391	-0.277013	2.13254
CAACU	-1.44197	0.23302	-1.34593	0.223198	0.508417	0.114937
GAACU	2.11082	1.23862	-0.328054	0.454658	0.332546	0.677485
UAACU	2.06474	0.22383	-0.796896	0.209337	-0.288778	-0.0818868
ACACU	-3.46375	0.407143	-0.258415	0.419711	-1.0874	-1.9958
CCACU	-0.103404	0.371001	1.21203	-1.1909	0.971019	-0.227049
GCACU	1.60861	-1.17451	-0.480195	-0.241326	0.0204074	-0.0591746
UCACU	-0.0886394	-0.692193	0.282844	0.231589	1.06884	-0.308338
AGACU	-0.31812	-0.0560251	0.246082	-0.288652	0.113881	0.190243
CGACU	-0.913296	0.248588	-0.191178	0.472935	0.53723	0.283706
GGACU	1.84992	-1.31947	-0.356666	0.232819	-0.246463	0.0276959
UGACU	-0.44101	-0.183565	0.569782	-0.16924	0.103421	-0.837034
AUACU	-0.42318	-0.295496	-0.447796	0.537505	-0.611062	0.742971
CUACU	1.50603	2.00013	-0.415054	1.73448	-0.472431	-0.623062
GUACU	-0.38697	-0.0648845	-0.682852	0.0908394	-0.405217	-0.051307
UUACU	-2.32025	-1.06416	0.0293284	1.27418	-0.31485	0.624936
AACCU	0.41529	-0.0187176	1.67305	1.70505	-0.0494674	0.825529
CACCU	0.30476	0.762022	0.125275	-0.851046	-0.485642	-0.331812
GACCU	0.873547	0.09884	-0.358983	1.22512	-1.70317	0.388893
UACCU	0.353648	0.174275	0.275425	-0.0206454	0.0688735	-0.278415
ACCCU	-1.53259	-0.317432	0.256163	1.47671	-0.60316	-0.132254
CCCCU	0.576871	0.0226733	1.47756	-0.223871	-0.414935	-0.40696
GCCCU	-0.3709	-0.924974	0.736376	-0.585038	1.03828	0.108272
UCCCU	1.47654	-1.01279	-0.881731	-0.11361	0.00517064	0.347713
AGCCU	0.221496	-0.186013	-0.184092	0.676967	-0.884684	-0.0540306
CGCCU	0.756093	0.560989	-0.183482	-0.705878	-0.564553	-0.414736
GGCCU	3.06242	0.831428	0.635469	0.676422	0.015429	-0.084129
UGCCU	1.10693	-0.594158	-0.240363	-0.0490144	-0.319045	-0.0962034
AUCCU	-0.970959	-0.116123	-1.09597	0.136399	0.0488726	0.888701
CUCCU	-0.943529	-1.2755	0.496446	0.126875	0.249533	-0.13198
GUCCU	-2.07484	0.220441	-1.28572	0.377854	-1.76537	-0.0230348
UUCCU	-1.32894	-0.181545	1.40232	-0.0632046	-1.6102	-0.273067
AAGCU	-1.66109	0.224279	0.750205	-0.168787	-0.862669	-0.0952116
CAGCU	4.25228	0.944748	-1.31001	0.620804	0.336717	0.22828
GAGCU	2.21832	-0.209737	1.49496	-0.250209	-0.659301	-0.416466
UAGCU	1.47191	-0.453905	-0.657891	-0.256075	-0.207363	0.117366
ACGCU	-0.0795907	-0.260813	0.207764	0.429394	-0.202724	0.164749
CCGCU	1.64875	0.3635	-0.288281	-0.349978	-0.372949	0.00938191
GCGCU	1.63234	0.0808564	-0.779517	-1.03944	0.496806	-0.0536926
UCGCU	1.72553	-0.030353	-0.573448	0.441467	-0.100253	0.0281154
AGGCU	-1.61447	-0.156402	-0.806523	1.59154	1.12709	0.292979
CGGCU	-4.60475	0.525988	-1.60657	-2.3181	-0.906278	-0.220295
GGGCU	1.32452	0.895059	-0.0682467	-0.0787605	0.298377	-0.0286975
UGGCU	-0.972873	-0.0794998	-0.412148	0.222238	1.41941	0.855554
AUGCU	1.16645	0.0419081	0.859977	-0.0906117	-0.945387	-0.522943
CUGCU	1.18578	0.458978	-0.658113	-0.251003	-0.0970169	-0.150869
GUGCU	1.37428	0.257592	0.474145	-0.0989863	-0.825053	0.0768335
UUGCU	0.873716	-0.49139	-0.712999	-0.27722	0.228306	0.351597
AAUCU	-0.896754	-0.0745283	0.0889171	0.94201	0.207124	0.636396
CAUCU	0.99586	-0.203294	0.613662	0.474947	-0.759079	-0.136267
GAUCU	-1.06596	0.100501	0.199743	0.31285	0.199626	0.465412
UAUCU	-2.55918	-1.33447	0.50106	0.16277	0.889521	-0.0553439
ACUCU	1.27526	0.138961	-0.918134	-0.555198	1.6794	0.0718071
CCUCU	0.828586	-0.316275	0.321011	-0.581844	0.532356	-0.657849
GCUCU	2.66192	0.581432	-0.729688	0.245493	0.516037	-0.894042
UCUCU	0.621037	0.286743	2.18653	-0.947962	-0.200436	-1.31677
AGUCU	-0.511266	0.298433	-0.849772	-0.435293	0.433927	1.6256
CGUCU	0.964757	-0.793528	0.345777	-0.327876	-0.259093	-0.0587024
GGUCU	0.176656	-0.0644001	0.530444	0.0145229	-0.361309	-0.274707
UGUCU	0.73186	0.689673	0.320544	0.185	-1.49659	-0.629416
AUUCU	0.353146	0.410426	-0.576187	-0.189894	-0.244787	0.521352
CUUCU	-2.17054	0.257613	-0.112275	-0.417403	-1.44428	0.229645
GUUCU	0.85078	-0.613096	-0.401551	0.139606	-0.125298	-0.000343006
UUUCU	1.32567	0.513757	0.0155099	-0.00273917	1.21812	-0.557367
AAAGU	0.344142	0.323477	-0.709055	-0.516129	-0.24009	0.163192
CAAGU	-3.80625	-0.106907	-1.54445	-0.663105	0.645296	1.43508
GAAGU	2.7449	0.100278	-0.321005	-0.0443501	0.149687	-0.536805
UAAGU	0.973374	0.42605	-0.473434	-0.800429	0.189665	-0.36797
ACAGU	2.02317	-1.08997	-0.18479	-0.247189	-0.182509	-0.250604
CCAGU	-0.0324026	-0.627933	-0.0854333	-1.01262	1.24722	0.279818
GCAGU	-0.341046	-0.509675	0.608292	0.126424	-0.23656	0.104122
UCAGU	0.352755	-0.618431	-1.00125	0.0883485	0.692087	0.0231474
AGAGU	-1.88198	0.56516	-0.480924	-0.679634	-0.319757	-0.0181253
CGAGU	-2.14893	0.21568	-0.0868523	-0.888828	0.963276	-0.134524
GGAGU	-4.0486	0.339169	-0.849413	-2.19037	-0.150706	2.41844
UGAGU	-1.1425	-0.416787	0.652816	0.534737	0.0540497	0.29013
AUAGU	0.136013	-0.230409	-0.375231	-0.00931058	0.379937	-0.0065845
CUAGU	-0.567158	0.205436	-1.19668	0.404666	0.120956	0.33695
GUAGU	-3.80489	0.123436	-1.48634	0.326246	1.05635	0.0926555
UUAGU	0.714028	0.959465	0.97027	0.369715	-1.50206	-0.0864699
AACGU	1.11366	-0.286842	0.202772	0.056169	-0.360081	-0.321528
CACGU	-0.844086	0.16796	-0.806368	-0.652489	-0.534061	-0.0541592
GACGU	1.20559	-0.780399	-0.288465	-0.379999	-0.552853	-0.1041
UACGU	1.75114	-1.02813	-0.178373	-0.0993088	-0.0599274	-0.00287277
ACCGU	0.831508	-0.526061	0.192498	0.0421646	-0.0569862	-0.112948
CCCGU	-0.124527	0.292807	-0.206173	0.223963	-0.262607	-0.200856
GCCGU	-1.18981	0.867118	0.753942	-1.70343	0.231675	-0.644911
UCCGU	-0.374071	-0.244673	-0.476736	1.01212	-0.0815673	-0.421239
AGCGU	-0.498435	-0.242509	0.187366	-0.190064	0.227442	0.350746
CGCGU	0.979322	-0.751021	0.0708691	-0.148096	-0.0491597	0.043025
GGCGU	0.580364	-0.270854	0.108084	-0.711778	0.0145499	-0.0661773
UGCGU	0.745183	-0.506564	0.134041	-0.112971	0.0458556	-0.00860641
AUCGU	0.359586	0.153991	-0.264817	-0.123225	-0.0492568	0.115005
CUCGU	-0.814831	-0.784815	0.917774	-0.16148	-0.704074	-0.0621553
GUCGU	-7.09934	-0.143264	-1.32576	-0.19842	2.056	0.451438
UUCGU	-0.375974	0.174285	0.437198	-0.323279	-0.630692	0.175132
AAGGU	2.10007	0.345037	1.0977	0.705961	-0.122328	0.191078
CAGGU	0.46919	0.0880609	-1.16377	-1.10205	0.469714	0.338986
GAGGU	1.31552	-0.361161	-0.733293	-0.647874	0.102015	0.0579577
UAGGU	-0.382467	-0.419334	0.0404347	0.51501	0.0799837	0.0683393
ACGGU	0.0322378	0.171472	-0.189056	-0.541482	0.130326	0.108823
CCGGU	-3.84138	-0.382774	1.3308	0.81175	0.91399	-0.271978
GCGGU	1.35928	-0.593798	-0.135173	-0.280778	-0.0921434	-0.0398568
UCGGU	1.16359	-0.164269	-0.19703	-0.0139028	-0.256499	-0.136646
AGGGU	1.51593	0.777397	-0.322878	0.461358	0.322407	-0.642734
CGGGU	0.979548	0.0876771	0.0163366	-0.718723	0.0651509	-0.228998
GGGGU	-0.281017	-0.649791	0.448823	0.0539146	0.0839854	0.0302635
UGGGU	2.07402	-0.0626475	1.74375	0.301904	-0.0617156	-0.38177
AUGGU	-0.411686	-0.329227	1.33354	0.526124	-0.474558	0.208348
CUGGU	-0.832005	-0.00799756	0.00594944	0.312274	-0.97611	0.94179
GUGGU	1.15213	0.102459	-0.1945	0.352251	1.44522	-0.0384801
UUGGU	0.760908	-0.134836	1.14965	-0.693514	0.0124872	0.02136
AAUGU	1.19865	-0.666199	0.00943287	-0.202191	-0.0793531	-0.0904248
CAUGU	0.307075	0.101711	-0.160641	-0.0775059	0.207794	-0.0558827
GAUGU	-1.2434	-0.492689	2.05619	0.400916	1.79023	0.402819
UAUGU	-2.39077	0.69577	0.212417	-0.913123	-1.87417	-0.983051
ACUGU	-1.03085	-1.31406	-0.157317	0.0725411	-0.979589	0.0483061
CCUGU	-1.40252	-0.577464	-0.74691	0.447961	0.479109	0.696662
GCUGU	-0.507969	-0.299259	-1.26789	0.34184	0.113041	0.324346
UCUGU	2.18945	-1.10349	-0.493073	-0.342605	-0.200504	-0.145334
AGUGU	1.83257	-0.828397	-0.454815	-0.0232936	-0.185977	-0.0828604
CGUGU	-4.43863	-0.892413	-1.04033	1.5152	0.901222	0.574583
GGUGU	1.73842	0.109756	0.894682	-0.00569895	0.312051	0.0550288
UGUGU	-2.11004	0.162492	-0.0709095	-1.10212	1.17048	-0.465483
AUUGU	0.556265	0.13972	-1.27409	2.01686	-1.02878	-0.0157819
CUUGU	-0.637717	0.23118	-0.353172	-1.10409	1.78095	-0.593395
GUUGU	-0.0510001	-0.475307	0.337452	-0.00999421	-0.0345391	0.185646
UUUGU	3.17546	-1.37291	-0.474932	-0.592329	-0.406936	-0.166462
AAAUU	2.98266	0.35699	-0.877828	-0.0437152	1.47539	0.0336679
CAAUU	-0.965938	-0.302838	-0.83223	0.976748	-0.0478325	-1.08804
GAAUU	4.05397	-0.785324	-0.72809	-0.105972	-0.201226	0.178208
UAAUU	1.53168	0.0152948	-0.659982	-0.271941	-0.401449	-0.211334
ACAUU	-1.93246	0.0446956	0.315534	-0.336783	-0.341614	2.02009
CCAUU	-0.331079	0.149403	0.745289	-0.827125	-1.58371	0.0799456
GCAUU	-2.60802	-0.876879	0.772438	0.543226	1.57091	-0.0727826
UCAUU	0.98819	0.18648	-0.723425	0.0246796	0.869274	0.595802
AGAUU	-0.486052	0.204053	0.961632	0.347341	-0.430005	-0.197842
CGAUU	-0.469866	0.282805	-0.644074	-0.00153166	0.454003	-0.145136
GGAUU	-1.8265	-0.0572526	0.700484	-0.222578	-0.154637	1.53362
UGAUU	1.11663	0.239619	0.926504	-0.325027	0.814823	-0.076115
AUAUU	2.29182	-0.97961	-0.833993	-0.102528	0.212602	0.57792
CUAUU	5.64276	-1.46573	-0.298235	0.511306	0.420736	1.6317
GUAUU	2.59706	0.185492	-1.08031	-0.084819	-0.700033	-0.487862
UUAUU	3.39375	-0.0950495	0.423036	-0.324423	0.387938	-0.12728
AACUU	-0.0823283	-0.00449708	0.228624	-0.0939197	0.576775	-0.195399
CACUU	-0.907789	-0.674528	0.194057	0.83863	0.696264	-1.27151
GACUU	0.198987	0.408868	-1.29368	0.149385	-0.93822	-0.574304
UACUU	4.01611	-0.791775	-0.110061	-0.570218	-0.849877	0.181573
ACCUU	0.588715	-0.929405	0.561075	0.335377	-0.16041	-0.106902
CCCUU	3.66913	-1.40773	1.52647	-1.0685	-0.894224	0.659667
GCCUU	1.37149	-0.799069	-0.254339	-0.179053	-0.157679	0.0269763
UCCUU	0.544049	0.302663	-0.784198	-0.906595	0.320413	0.824623
AGCUU	-4.47933	-0.872014	1.61478	-0.182469	0.0654765	0.303781
CGCUU	1.12082	0.0219825	-0.200631	0.386376	0.0662065	-0.283834
GGCUU	1.84626	-0.0636634	-1.42317	0.299959	0.279867	0.708032
UGCUU	-0.898368	0.436625	-1.11864	-1.18259	-0.502643	0.321188
AUCUU	0.439244	-0.236961	0.00924771	0.311723	1.27481	0.323448
CUCUU	2.44182	0.451228	0.538344	-0.638825	1.02429	-0.200111
GUCUU	-3.28468	-0.796297	-0.483928	1.60094	0.45982	-0.460982
UUCUU	0.595708	-0.484431	0.0802544	0.52329	0.0675683	0.780297
AAGUU	-1.51764	0.621133	-0.104797	0.238035	-0.959017	-0.741819
CAGUU	-0.0715393	0.173347	-0.0136216	0.369413	0.641182	-0.122239
GAGUU	1.90706	-0.165522	-0.280861	-0.705527	-0.145909	0.132918
UAGUU	3.66136	0.605843	1.18324	-0.225257	0.449803	-0.541687
ACGUU	1.82606	-0.415259	-0.309706	-0.00685581	-0.418979	-0.144622
CCGUU	0.989106	-0.816116	-0.125758	-0.231758	0.137943	-0.123743
GCGUU	1.54712	-0.938894	-0.00292047	-0.373368	-0.0227063	0.019405
UCGUU	-1.12557	-0.306291	0.889059	-0.0510859	-0.237529	0.130371
AGGUU	0.818313	-0.663204	-0.364496	0.220311	-0.165305	0.0343299
CGGUU	0.513439	-0.21351	-0.137712	0.0341293	-0.31286	0.105098
GGGUU	-2.48651	0.0405969	-0.370255	-0.0316532	1.09682	0.0670443
UGGUU	-0.227272	-0.176033	0.239848	0.220045	0.146928	0.00718472
AUGUU	-1.1216	-0.0494735	0.160767	-0.155885	0.866658	0.449377
CUGUU	-0.741724	1.10727	-0.255195	-1.57508	-0.769676	0.751244
GUGUU	-2.70492	-0.182735	0.101064	1.08717	-0.678055	0.0341454
UUGUU	0.96736	-0.580315	-0.739215	0.132622	0.0818878	-0.0958543
AAUUU	-0.29973	0.768836	-0.0450411	-1.68938	0.295756	-0.5393
CAUUU	0.577844	0.255749	-1.21676	0.650009	0.167186	-0.64691
GAUUU	2.84647	-0.194996	-0.635412	0.176798	-0.876723	0.518832
UAUUU	-0.0955842	0.775689	0.786114	-0.50805	-0.739007	-1.2017
ACUUU	-3.19996	-0.47955	-1.45036	-1.31354	1.28242	-0.0390379
CCUUU	2.23692	-0.414353	-0.508935	-0.524037	-0.385897	-0.0799944
GCUUU	-3.66271	-1.35888	3.71791	1.28855	-1.35445	0.247238
UCUUU	2.42475	-0.484796	-0.817903	-0.664953	-0.630146	0.0985676
AGUUU	-0.150915	0.157575	0.653868	-1.41023	-0.800922	0.129099
CGUUU	-1.16355	-0.487711	1.01448	-0.22894	0.342516	0.194445
GGUUU	0.564549	-0.140398	-0.170113	-0.378611	0.1952	-0.281722
UGUUU	0.457572	-0.308422	0.332954	1.46416	0.0153047	-0.313362
AUUUU	-0.690798	0.144894	-0.427186	0.213661	-0.788526	1.92155
CUUUU	1.1225	2.30759	-0.119627	-0.917524	1.53	0.432843
GUUUU	2.19945	0.504377	2.82633	-0.244469	-0.793438	0.354205
UUUUU	2.23253	-0.236981	-0.188727	-0.0878838	-0.517808	-0.489863

Relative affinities to the structural contexts 
P	1
H	0.0443361
I	0.137401
M	5.07862e-06
E	0.0286737

