Error on the test set seq only: 31222.2
Error on the training set: 3668.63
Number of parameters: 1030

Base Parameters
0.153915	0.0983212	0.0444875	0.0262963	0.589324
-0.168027	-0.084692	-0.208178	-0.0572002	-0.513446
-0.105768	-0.242448	-0.454843	-0.277077	0.430188
-0.0379632	0.081745	-0.362301	-0.153883	0.231492
-0.252969	-0.446221	-0.535029	-0.084641	-0.209073
-0.0727275	-0.0264622	-0.11874	-0.042002	-0.164905
-0.252152	-0.366614	-0.492986	-0.119126	-0.310033
-0.0786384	-0.0515006	-0.232155	0.00123148	-0.0907309
-0.137611	-0.0833306	-0.422557	-0.189972	-0.0108546
-0.0355719	0.0701439	-0.323902	0.0769485	0.0021854
-0.139938	-0.242611	-0.0567539	-0.143112	-0.246194
-0.15856	-0.169372	-0.404036	-0.120761	-0.116125
-0.160238	-0.203778	-0.05756	-0.274922	-0.251952
-0.146099	-0.106669	-0.249998	-0.110982	-0.268219
-0.0227649	0.220757	-0.351425	-0.0855699	0.108391
-0.0980956	-0.0793705	-0.143392	0.0381147	-0.323016
-0.232307	-0.214839	-0.683329	-0.100922	-0.171828
-0.0738564	-0.017339	-0.109705	-0.00867035	-0.230152
-0.295853	-0.522021	-0.293108	-0.285063	-0.385046
-0.145268	-0.050973	-0.331161	-0.155088	-0.185829
-0.181054	-0.22139	-0.39734	-0.0906183	-0.199317
-0.0255292	-0.0207285	-0.115958	-0.0231827	0.019619
-0.113104	0.217337	-0.261817	-0.133788	-0.395924
-0.187346	-0.099383	-0.380046	-0.132957	-0.349378
-0.109341	-0.140973	-0.350887	-0.0496411	-0.0342198
-0.0151931	0.313817	-0.41403	-0.102926	0.130155
0.0528494	0.524007	0.0252522	-0.171873	-0.131659
0.0332365	0.0806131	-0.0316119	-0.0701996	0.184994
-0.266848	-0.283071	-0.594956	-0.04039	-0.390443
0.0308643	0.227154	0.0986123	0.05841	-0.217922
-0.183792	-0.357705	-0.183365	-0.170031	-0.246939
-0.114955	-0.214571	-0.0182161	-0.191609	-0.17538
-0.0266764	-0.0625188	0.0250077	-0.0666033	-0.00630254
0.0972509	0.172766	0.223196	0.0193481	0.0736129
-0.111508	0.112098	-0.466164	-0.297366	0.0754735
-0.0208124	-0.121561	0.00888415	-0.0514746	0.0729139
-0.241891	-0.143293	-0.542543	-0.159977	-0.358632
-0.2536	-0.289169	-0.750168	-0.139004	-0.0896397
-0.367779	-0.747492	-0.41621	-0.21735	-0.460183
0.171904	0.359651	0.0775873	0.076026	0.324271
0.356736	0.556153	0.526978	0.0795593	0.612446
-0.111209	-0.0656443	-0.218964	-0.127013	-0.130359
-0.246476	-0.377602	-0.443688	-0.131892	-0.286886
-0.0744451	-0.28527	0.271589	-0.245067	-0.132086
-0.327036	-0.468157	-0.435282	-0.215398	-0.553844
-0.109648	-0.29772	0.0594369	-0.0150908	-0.299387
-0.0908712	-0.0212417	-0.18164	-0.0832584	-0.146617
-0.167197	-0.273104	-0.270503	-0.138437	-0.181439
-0.0687805	-0.0449474	-0.318367	-0.0571637	0.0896196
-0.220263	-0.18494	-0.148505	-0.175188	-0.604027
-0.347158	-0.553064	-0.570472	-0.237212	-0.388415
-0.126729	-0.123292	-0.523487	-0.0616276	0.0880927
-0.228283	-0.172108	-0.381867	-0.0669017	-0.521323
-0.185017	-0.205687	-0.241252	-0.057643	-0.425096
-0.24486	-0.546519	-0.293054	-0.117573	-0.288745
0.058251	-0.0090493	0.120021	-0.00919639	0.215999
-0.134135	-0.243638	-0.101446	-0.120586	-0.235098
-0.136625	-0.143076	-0.219924	-0.114783	-0.208156
0.216289	0.969924	0.175952	-0.0392152	-0.0577961
-0.0782162	0.206233	-0.185257	-0.163082	-0.247279
-0.291888	-0.328935	-0.303571	-0.0727801	-0.748458
-0.0720294	0.0866071	-0.263347	-0.0135414	-0.180141
-0.166112	-0.218734	-0.285047	-0.0980606	-0.225582
-0.168353	0.0535916	-0.361345	-0.0917629	-0.455904
-0.110307	-0.0793823	-0.381511	-0.105366	0.0205649
-0.281289	-0.190657	-0.529828	-0.256448	-0.428243
0.0599264	-0.00290224	0.0142092	-0.0749657	0.341906
-0.195508	-0.252698	-0.427917	-0.125265	-0.197074
0.0959067	0.266619	-0.130498	0.085516	0.268618
-0.0512294	-0.0167777	0.112112	-0.0423101	-0.315247
-0.267117	-0.452416	-0.474617	-0.181463	-0.240353
-0.110969	-0.214041	-0.0998211	-0.0999361	-0.129311
-0.380213	-0.22806	-0.214425	-0.140015	-1.31241
-0.0111983	0.179059	-0.322537	-0.0377547	0.101843
-0.0388632	-0.425565	0.1372	-0.0239457	0.114439
-0.115385	-0.246527	-0.262175	-0.245486	0.189542
-0.236236	-0.168095	-0.379003	-0.306545	-0.339781
-0.256614	-0.39154	-0.588268	-0.146916	-0.147701
-0.148103	-0.19463	-0.446518	-0.0804817	-0.0283869
0.125273	0.70656	0.197222	-0.0984441	-0.183026
-0.107669	-0.100727	-0.125345	-0.145647	-0.167817
-0.272863	-0.370812	-0.57105	-0.161218	-0.247912
-0.152206	0.154752	-0.309342	-0.0279457	-0.584791
-0.0206652	0.195332	0.0834127	-0.152187	-0.240192
-0.0998352	0.0978373	-0.246852	-0.0879857	-0.249191
-0.0452003	0.0848492	0.025793	-0.0742065	-0.267773
-0.125354	-0.369774	-0.0979554	-0.0881768	-0.0869816
-0.289191	-0.360356	-0.409325	-0.26633	-0.405597
-0.217806	-0.286741	-0.273463	-0.165006	-0.349751
-0.171124	-0.251498	-0.209153	-0.234123	-0.178099
-0.148093	-0.0742015	-0.262226	-0.263665	-0.147093
-0.122117	-0.0610909	-0.351187	-0.0561996	-0.162238
-0.141768	-0.124119	-0.295887	-0.255907	-0.0259851
-0.0984472	-0.128975	-0.0201485	-0.138213	-0.224917
-0.00787197	0.096676	0.11702	-0.0419015	-0.191729
-0.111899	-0.0385204	-0.113621	-0.0475031	-0.386821
-0.108305	-0.273762	-0.314091	-0.20206	0.214507
-0.0458815	0.22208	-0.066629	-0.196842	-0.176486
0.47579	1.46708	0.369957	-0.13905	0.644422
-0.0940247	-0.120361	-0.227473	-0.0716333	-0.0370969
0.0332494	0.252342	-0.0792739	-0.00190612	-0.0250332
0.195495	0.930089	0.296277	-0.105923	-0.141659
0.305281	0.778098	0.575496	0.0936005	0.0629672
-0.0410723	0.1083	-0.113967	-0.0265324	-0.157287
0.457686	1.0179	0.762863	0.140991	0.373534
0.0264537	0.172724	0.362036	-0.121978	-0.274566
0.621967	1.23649	1.60339	0.0278799	0.195626
0.057898	0.0708769	0.358163	-0.0822564	-0.0420343
0.0171482	0.30391	-0.230504	-0.0444928	0.0433397
0.132934	0.610445	-0.00127231	-0.0143785	0.0496661
0.298271	1.30733	0.213145	-0.025017	-0.01192
0.101953	0.459751	-0.0478531	0.129843	-0.049282
-0.0072728	0.111605	-0.0695164	-0.0180887	-0.0607939
-0.168581	-0.399217	-0.293533	-0.0752142	-0.0922001
-0.208846	-0.235425	-0.635722	-0.225739	0.0347092
-0.0683856	-0.203369	0.0522994	-0.0321876	-0.149438
0.0709753	0.448133	0.110773	-0.131321	-0.0700197
0.127146	0.251494	0.206094	-0.0317145	0.185781
-0.0121771	0.0652303	-0.0499593	-0.0360059	-0.029116
-0.213703	-0.301905	-0.288587	-0.0417045	-0.442065
-0.159534	-0.345181	0.0630055	-0.236832	-0.283387
-0.168381	-0.418488	-0.160362	-0.139122	-0.129223
0.130115	0.0755561	0.458033	-0.107956	0.202072
-0.0229759	-0.0474047	-0.0809664	-0.0939007	0.10305
-0.0812164	-0.189597	-0.127053	-0.0274368	-0.0564458
0.0248509	0.250558	0.0943341	-0.0388284	-0.159501
-0.0635002	0.0697148	-0.143867	-0.133559	-0.104205
-0.264132	-0.423702	-0.300951	-0.22	-0.402026
-0.154621	-0.156809	-0.365077	-0.0938657	-0.149842
-0.0977218	-0.166089	-0.175043	-0.0312199	-0.0902037
-0.107464	0.0550111	-0.147084	-0.158168	-0.312003
-0.167552	-0.164396	-0.188383	-0.153885	-0.337773
-0.187309	-0.222025	-0.417464	-0.191744	-0.111443
-0.108939	-0.115909	-0.183619	-0.134801	-0.138159
0.061511	0.423958	-0.00321287	-0.0636461	-0.0513423
-0.128605	-0.180569	-0.343716	-0.0906492	-0.00392306
0.874976	2.43367	-0.663822	-0.175412	2.65267
-0.157479	-0.480188	-0.190927	-0.0447484	-0.0828702
-0.216503	-0.25261	-0.353247	-0.247363	-0.253406
-0.206227	0.126107	-0.485009	-0.326367	-0.349497
-0.212658	-0.318319	-0.260287	-0.134616	-0.379686
-0.114255	-0.0493138	-0.431175	0.0485196	-0.162212
-0.0736643	-0.168824	-0.00547056	-0.0641916	-0.134895
-0.150891	-0.317702	-0.16774	-0.0284871	-0.226096
-0.118572	-0.257924	0.232773	-0.199082	-0.361977
-0.0902584	0.457199	-0.566731	-0.0904378	-0.240067
-0.318584	-0.620157	-0.473591	-0.235056	-0.290573
0.076612	0.46061	-0.0692372	0.00652375	-0.00674686
-0.242033	-0.38614	-0.415867	-0.201824	-0.208186
-0.137105	-0.271269	-0.169252	-0.111479	-0.130658
-0.170157	0.250347	-0.765225	-0.104935	-0.222884
-0.0743582	-0.0721822	-0.156563	-0.131389	-0.0430871
-0.221157	-0.637385	-0.118645	-0.186335	-0.15789
-0.0440973	0.205547	-0.150043	0.0241245	-0.307857
-0.192472	-0.134729	-0.286746	-0.192491	-0.327775
-0.179933	-0.241209	-0.230161	-0.167785	-0.284812
-0.0449933	-0.0768294	-0.0146542	-0.0216847	-0.0928949
0.193825	0.511215	0.119881	0.137086	0.20517
-0.108705	-0.18235	-0.188269	0.00531873	-0.168469
0.0595489	0.331436	0.110916	-0.0732652	-0.0473898
-0.0706995	-0.00979975	-0.217676	-0.0722946	-0.062557
1.06274	1.62719	2.13842	0.332827	1.12124
-0.214053	-0.461622	-0.0399957	-0.119637	-0.429236
-0.0312135	0.144126	-0.271036	-0.0484219	0.00900693
-0.115566	-0.185672	-0.230669	0.00171353	-0.192649
0.125461	0.0376672	0.928722	-0.124039	-0.197315
-0.166655	0.161307	-0.663802	-0.237426	-0.122604
-0.227208	-0.302623	-0.430715	-0.184352	-0.223904
0.0303491	0.359392	-0.0687941	-0.125047	-0.0326146
0.533863	0.620446	1.97031	0.162272	-0.136783
-0.776723	-1.91092	-0.897804	-0.220325	-0.856927
-0.132249	-0.254553	0.00434612	-0.118166	-0.300036
-0.175581	-0.352191	-0.162146	-0.17082	-0.205014
1.18241	1.39369	3.93938	0.170167	0.0681168
-0.0659953	-0.0447158	-0.180987	-0.0573112	-0.0591744
-0.385688	-0.732697	-0.490318	-0.331733	-0.371421
-0.136031	-0.0985371	-0.140683	-0.097402	-0.35475
-0.274773	-0.417353	-0.514499	-0.202455	-0.240206
-0.377479	-0.396071	-0.58653	-0.309598	-0.631702
-0.000334568	0.272664	-0.127012	-0.11511	-0.0302117
-0.280264	-0.088948	-0.461473	-0.192982	-0.670508
0.0173007	0.170807	-0.0416438	-0.0284303	-0.0314924
-0.19899	-0.642823	-0.135396	-0.158341	-0.0936717
0.112695	0.421714	0.210382	0.0490286	-0.128274
-0.165893	-0.456548	-0.238847	-0.021793	-0.0993354
-0.125514	-0.311533	-0.167965	-0.0966285	-0.0639249
0.114151	0.522382	-0.033716	-0.0051702	0.0867399
-0.00324525	0.255044	-0.0516567	-0.0864087	-0.14918
-0.0671799	-0.148691	-0.152937	0.0186356	-0.0741162
-0.176359	-0.431348	-0.129256	-0.0183162	-0.318564
0.1101	0.715158	-0.312	-0.0918112	0.231855
-0.0815541	0.198012	-0.381132	-0.142211	-0.0639994
-0.161056	-0.141529	-0.296888	-0.149296	-0.207884
-0.113249	-0.0847181	-0.347126	-0.0131541	-0.130167
-0.25058	-0.498592	-0.370619	-0.261372	-0.109459
-0.250541	-0.269571	-0.514546	-0.157334	-0.311788
-0.204562	-0.222863	-0.295329	-0.253202	-0.259755
-0.259225	-0.351887	-0.478233	-0.148435	-0.297643
-0.089891	0.384337	-0.230678	-0.247609	-0.384017
-0.185138	-0.247922	-0.314132	-0.0883483	-0.272027
0.0486652	0.555095	-0.581924	-0.00939523	0.25823
-0.12669	-0.0433752	-0.357026	-0.0775604	-0.178699
-0.129463	-0.453889	0.306572	-0.14273	-0.375423
-0.164858	-0.223428	-0.447518	-0.0966382	-0.0546526
-0.329669	-0.215817	-0.560727	-0.347682	-0.521205
-0.0521463	0.172305	-0.303937	-0.006744	-0.144729
-0.046681	-0.0638817	-0.0546474	0.0696224	-0.190968
-0.0986253	-0.101462	-0.304295	-0.0755448	-0.00561991
-0.19985	-0.3396	-0.208183	-0.210801	-0.26033
-0.150488	0.132398	-0.415548	-0.136525	-0.32365
-0.285833	0.0653275	-0.436002	-0.201636	-0.835186
-0.123162	-0.0733279	-0.399308	-0.0358767	-0.126949
-0.154569	-0.227364	-0.29684	-0.124701	-0.117824
-0.182261	0.0454065	-0.363308	-0.149142	-0.437882
-0.148925	-0.131053	-0.298241	-0.0890979	-0.238436
-0.295135	-0.498042	-0.134994	-0.214718	-0.609492
-0.224144	-0.328626	-0.426047	-0.200104	-0.159994
-0.114115	0.22959	-0.391728	-0.154815	-0.259262
0.139912	0.60357	0.177283	-0.0815764	0.0125981
0.107446	0.153501	0.0925824	0.170852	0.129194
-0.187069	-0.270219	-0.156903	-0.179931	-0.315209
-0.113275	-0.0150689	-0.291531	-0.179585	-0.060167
-0.123469	-0.459729	-0.0942184	0.0133409	-0.0610015
-0.029587	-0.039821	0.0167343	-0.0880662	-0.0511036
-0.234882	-0.391447	-0.358212	-0.0668836	-0.374725
-0.191312	-0.117564	-0.378598	-0.082318	-0.361983
0.108658	0.0308861	0.151551	0.0330112	0.315584
-0.0784147	-0.0736739	-0.332026	-0.0674018	0.0859092
-0.107227	-0.281782	-0.0957973	-0.214205	0.0776786
-0.123804	0.199361	-0.29816	-0.165842	-0.368481
0.221399	0.846191	0.1182	-0.0724596	0.222374
-0.0616469	-0.122392	-0.166581	0.0622678	-0.103797
0.239801	0.59512	0.575206	0.0291129	0.00113408
0.151526	0.493674	0.463788	-0.00866608	-0.202514
0.243437	0.507067	0.715367	-0.0891216	0.0818393
0.28585	0.331502	0.758465	0.0929456	0.228585
-0.151707	-0.215258	-0.328663	-0.131802	-0.0993883
-0.226933	-0.28604	-0.204167	-0.256789	-0.377865
-0.120074	-0.057722	-0.234117	-0.246541	-0.0326173
-0.216355	-0.180256	-0.448791	-0.173515	-0.297868
-0.237632	-0.255289	-0.250039	-0.0849379	-0.630873
-0.00967164	0.140562	-0.156018	1.76729e-05	-0.038466
-0.168221	-0.293647	-0.070339	-0.0822391	-0.394881
-0.12789	-0.140131	-0.102885	-0.106603	-0.316877
-0.164681	0.0556734	-0.445392	-0.0444058	-0.363306
-0.124139	-0.238667	-0.0371237	-0.0584917	-0.313467
-0.0552588	0.187478	-0.182463	-0.103304	-0.181608
0.237114	0.782009	0.284502	0.0928766	0.0103568
-0.0292365	0.252771	-0.333825	-0.0929741	0.026168
-0.0823335	0.088459	-0.189891	-0.0106625	-0.294662
-0.149554	-0.871126	0.662753	-0.254117	-0.310432
-0.0731829	-0.16485	-0.127409	-0.0126154	-0.0651077
-0.118655	-0.0705078	-0.183186	-0.0266816	-0.297442
-0.127415	0.0599812	-0.110136	-0.222402	-0.370503
-0.162927	-0.156792	-0.373803	-0.0894094	-0.163666
-0.0227846	-0.0172536	-0.264316	-0.000995359	0.145297
-0.278402	-0.251831	-0.787332	-0.279648	-0.0715232
-0.0473772	0.0763653	-0.283572	-0.068956	0.018772
-0.155871	-0.161012	-0.0919951	-0.0255697	-0.494049
-0.0504222	0.0281442	-0.00282638	-0.0807926	-0.182626
-0.190773	-0.0297335	-0.319744	-0.225239	-0.392953
-0.139263	-0.0780558	-0.368504	-0.0217056	-0.200615
0.018322	0.327922	-0.0817517	-0.152328	-0.0176716
-0.26039	-0.401781	-0.155447	-0.238404	-0.511709
-0.270734	-0.0318722	0.153734	-0.109227	-1.37657
-0.162533	-0.188604	-0.580723	-0.133789	0.0970522
0.309603	0.599913	0.832589	0.086551	0.0158322
-0.201734	-0.405305	-0.376679	-0.130609	-0.0814944
0.00934648	0.0713502	-0.16866	0.00972612	0.156811
-0.0667597	-0.173188	-0.262446	0.0388674	0.0395696
0.14238	0.810189	-0.00632047	0.0237624	-0.112573
-0.207222	-0.0987613	-0.320859	-0.216467	-0.387088
-0.0473874	-0.0639008	-0.245533	-0.00818357	0.057755
0.0809934	0.324731	0.040894	-0.0341812	0.0868253
-0.208183	-0.2767	-0.304948	-0.0776939	-0.394808
-0.102833	0.359658	-0.428126	-0.156775	-0.302872
-0.202075	-0.101764	-0.187448	-0.175598	-0.54981
-0.237408	-0.237567	-0.446218	-0.162376	-0.319825
-0.181796	-0.206835	-0.375505	-0.193392	-0.149243
-0.0128257	0.123404	-0.000135141	-0.0137464	-0.179796
-0.0451987	0.233702	-0.311529	-0.208013	0.0486035
-0.436006	-0.778092	-0.514246	-0.342746	-0.557451
0.201975	0.180153	0.896388	-0.00721976	-0.0564986
-0.157938	-0.089276	-0.408056	-0.10372	-0.211106
0.0813505	0.10865	-0.028112	-0.0443989	0.386288
-0.0434657	-0.0868522	-0.0203008	-0.130853	0.0419157
0.0602348	0.0930854	0.309127	-0.141717	0.0134764
-0.110466	-0.0655669	-0.038817	-0.138152	-0.298398
-0.225683	-0.312968	-0.331557	-0.140912	-0.380976
-0.2954	-0.428608	-0.412678	-0.195628	-0.44114
-0.101451	0.282337	-0.505917	-0.400698	0.12094
-0.134529	-0.208366	-0.262838	-0.0535301	-0.153345
-0.0796238	0.248825	-0.358469	-0.0777012	-0.223683
-0.0437125	0.109906	-0.00112034	-0.135037	-0.183391
-0.000563128	0.508795	-0.262334	-0.163129	-0.111057
0.00108297	0.222457	-0.0765106	-0.0107376	-0.107424
0.446875	0.734141	0.736398	0.264257	0.46862
-0.112245	-0.208488	0.0361328	-0.15901	-0.202732
-0.0145	-0.461016	0.688222	0.0755486	-0.373979
0.408884	0.796433	0.926319	0.0340685	0.25825
0.0213624	0.405568	-0.175525	-0.204195	0.0892018
-0.225314	-0.259026	-0.399513	-0.14273	-0.348837
-0.0992979	-0.119391	-0.0503573	-0.0683317	-0.251753
0.0386735	0.155311	-0.190332	-0.0106706	0.219216
-0.244234	-0.358192	-0.274036	-0.221938	-0.369987
-0.112189	0.0291215	-0.148078	-0.151186	-0.276474
0.15729	0.653455	-0.108529	-0.0594798	0.296803
-0.178549	-0.15333	-0.338229	-0.208267	-0.21158
-0.0888809	0.17191	-0.344966	-0.0526061	-0.234287
-0.125115	-0.067355	-0.256078	-0.161813	-0.164701
-0.00965641	0.270398	-0.0918438	-0.132972	-0.0908196
-0.136849	-0.140205	-0.297232	-0.0457825	-0.200909
-0.180444	-0.290593	-0.510035	-0.084384	-0.0363128
-0.077931	-0.0951731	-0.167498	-0.0446175	-0.0765321
0.417125	0.928125	1.05333	0.0257713	0.0578004
-0.23433	-0.517066	-0.317649	-0.155293	-0.16513
-0.0943994	-0.117109	0.0451808	-0.084258	-0.289621
-0.0478548	0.338721	-0.229294	-0.140482	-0.230984
0.145595	0.454584	0.302939	0.046453	-0.10187
-0.113162	-0.175871	-0.0945572	-0.146161	-0.165613
-0.165505	-0.049345	-0.560565	0.00221085	-0.245498
-0.125466	-0.158793	-0.335316	-0.111588	-0.0184578
-0.282774	-0.262937	-0.364138	-0.110571	-0.704606
0.0204854	0.206238	-0.0615445	-0.0889831	0.0541513
-0.332082	-0.399553	-0.801256	-0.140635	-0.314035
-0.308132	-0.435417	-0.677053	-0.206435	-0.231135
-0.171638	-0.425919	-0.264388	-0.154355	-0.0296263
-0.0619081	-0.195697	-0.217696	-0.191873	0.274351
-0.446698	-0.114197	-0.659484	-0.363804	-1.13402
-0.110942	0.257843	-0.211388	-0.125755	-0.47509
0.732807	1.27363	1.89071	0.107615	0.340771
-0.131138	-0.195185	-0.134745	-0.0946654	-0.266654
-0.0120879	0.224214	-0.240893	-0.0712603	0.0252727
-0.0379265	0.277699	-0.198681	-0.102955	-0.164958
-0.0201355	0.0819798	0.227138	-0.0673439	-0.360264
-0.270836	-0.486595	-0.395517	-0.198703	-0.267567
-0.0253185	0.0813279	-0.0347472	-0.0101887	-0.164283
-0.220176	-0.425776	-0.51368	-0.106235	-0.0721521
-0.13157	-0.00774908	0.289093	-0.168756	-0.785915
-0.102968	-0.26424	-0.13488	0.00907993	-0.152708
-0.148976	-0.416855	-0.00916063	-0.0237251	-0.282562
-0.248338	-0.431835	-0.235164	-0.136624	-0.458918
-0.0778789	-0.0629984	0.195022	-0.134705	-0.405078
-0.0214365	-0.128018	-0.0811646	0.086602	0.00224365
-0.233178	-0.25545	-0.558938	-0.348396	-0.0210995
-0.180084	-0.184882	-0.251559	-0.142332	-0.312476
0.183575	0.0959157	1.00279	-0.0744631	-0.114985
-0.0295964	0.298651	-0.169196	-0.0915729	-0.172822
0.00815524	0.264899	-0.147248	0.0831718	-0.162342
-0.0585132	-0.0941025	0.110779	-0.0855642	-0.212695
0.139735	0.468467	0.606481	0.0251676	-0.420352
-0.383337	-1.08798	-0.397971	-0.157714	-0.258473
-0.0311917	0.0776534	-0.0335955	-0.0483439	-0.163622
-0.253451	-0.354581	-0.382038	-0.239859	-0.272288
0.0490319	0.259842	0.0605048	-0.221418	0.139221
-0.355427	-0.643335	-0.62098	-0.218285	-0.291813
-0.00507014	0.237148	0.166553	-0.0780228	-0.370763
-0.22504	-0.40712	-0.302888	-0.12826	-0.306793
0.0242429	0.292812	0.10891	-0.129307	-0.16073
-0.159474	0.233783	-0.433268	-0.249141	-0.376882
-0.195726	-0.719209	0.0792772	-0.0315852	-0.333906
0.046609	0.28531	0.420829	-0.187479	-0.28501
0.522733	1.07291	1.07529	-0.0351862	0.475418
0.5288	1.63162	0.910171	-0.0159499	0.109278
0.0327513	0.492401	-0.192016	-0.0533865	-0.0879932
-0.0910922	0.0975949	-0.286287	-0.0616111	-0.215486
0.264123	1.00836	0.121873	0.106934	0.0935503
0.144151	0.717301	0.0308688	-0.0356661	-0.0162055
-0.150007	-0.0117527	-0.377373	-0.118686	-0.249925
-0.0649655	-0.05017	-0.165569	-0.132788	0.0492361
-0.105704	0.133464	0.0143808	-0.0802653	-0.593599
-0.122622	-0.224211	-0.191988	-0.149968	-0.0593222
0.0180786	0.0659853	0.266692	-0.182869	-0.0506024
-0.216815	-0.59218	-0.181971	-0.0850986	-0.204817
0.111575	0.14264	0.461053	-0.0191502	-0.0175814
-0.26505	-0.332882	-0.536665	-0.112518	-0.327498
-0.11066	-0.0374971	0.0426267	-0.192696	-0.351253
-0.097421	-0.0383204	-0.206907	-0.112698	-0.125778
0.681001	1.22052	2.00844	0.102685	-0.00208327
-0.170631	-0.184162	-0.271839	-0.136777	-0.296815
-0.325457	-0.734747	-0.320653	-0.279766	-0.294214
-0.224591	-0.591258	-0.104207	-0.254853	-0.169894
0.0396438	0.296654	-0.03935	0.0113221	-0.0812916
-0.125945	0.052278	-0.373107	-0.0519627	-0.280174
-0.0385285	-0.0727594	-0.387119	-0.00904258	0.256872
-0.177687	-0.0102765	-0.410484	-0.108467	-0.340373
0.111251	0.746582	0.0238522	-0.1415	-0.08728
-0.0748843	-0.0327111	0.0862302	-0.141539	-0.304354
-0.107205	-0.091251	-0.158471	-0.21443	-0.0794685
-0.128546	-0.068964	-0.125704	-0.178096	-0.283274
-0.0244118	0.396069	-0.329437	-0.19247	-0.00176015
-0.0647644	0.180793	-0.20646	-0.193566	-0.113257
1.48856	3.05799	0.450174	0.00920859	3.69996
0.0201521	0.262602	0.10203	-0.149243	-0.131671
0.162256	0.710708	-0.0554875	0.0237178	0.117936
0.0919197	0.25747	0.424129	-0.189875	-0.0136303
0.0603184	0.494894	-0.142272	0.0467261	-0.100215
-0.0868045	0.439363	-0.474117	-0.126766	-0.29253
-0.0270027	0.0589888	0.0577352	-0.149627	-0.117444
-0.220183	-0.383703	-0.498306	-0.0817563	-0.11889
0.103009	0.405808	0.349705	0.00616432	-0.259101
-0.0167779	0.0100266	0.0826321	-0.10473	-0.0948163
0.31727	1.00497	0.156824	0.115522	0.319677
0.117387	0.66646	-0.00135178	0.0393077	-0.113027
0.0502633	0.378604	-0.123839	-0.0959694	0.0879101
0.0738252	0.485562	-0.0219161	0.00854546	-0.11634
0.158624	0.879659	0.181896	-0.0693484	-0.208384
0.0742958	0.75306	-0.189154	-0.113381	-0.0757706
0.122215	0.494118	0.0226042	-0.106299	0.172393
0.308545	1.12052	0.122548	0.419146	-0.146481
0.791356	2.73406	1.21766	-0.0691889	-0.0308964
0.109528	0.906484	-0.156263	-0.139167	-0.0579663
0.315809	1.18263	0.134849	0.157015	0.101913
-0.0391962	0.163947	-0.10419	-0.0305149	-0.204936
0.00199498	0.566604	-0.422269	-0.092301	-0.0675044
-0.0760326	0.160966	0.0431626	-0.163459	-0.420289
-0.0419429	-0.0703464	-0.140756	-0.0659472	0.0871079
1.79923	2.84093	4.07122	0.841893	0.811922
0.20536	1.0474	-0.539217	-0.149585	0.636773
0.028165	0.352912	-0.125639	-0.131877	0.0363427
0.0192327	0.538248	-0.0332405	-0.237375	-0.190094
0.694036	1.50549	2.16378	-0.0983589	-0.196987
0.0807067	0.566303	0.363232	-0.1649	-0.367263
0.159755	0.921509	0.0176187	-0.0675861	-0.103908
0.184093	0.395551	0.113037	-0.260731	0.679482
2.65711	6.12687	4.79612	0.421776	0.623422
-0.162039	-0.588957	0.237126	-0.266444	-0.212452
0.364949	1.31026	0.578798	0.0357771	-0.0879803
-0.0347055	0.329634	-0.123133	-0.279346	-0.0974253
2.47575	4.1357	5.79851	0.723424	0.752649
0.189108	1.36101	-0.350802	-0.100693	0.0149914
0.164089	1.34193	-0.274605	-0.136839	-0.122593
-0.166238	-0.0144857	-0.264443	-0.20196	-0.335295
-0.0602673	0.32515	-0.273007	-0.120972	-0.210931
0.168565	0.82466	-0.251739	-0.0810151	0.338792
0.129577	0.561044	-0.0866604	0.0251775	0.135894
0.139287	0.520468	-0.0463124	0.157532	0.0532336
-0.0142686	0.198621	0.0473533	-0.129413	-0.200606
0.52239	2.6777	-0.106439	0.0151311	-0.0641959
0.045435	0.753953	-0.170254	-0.0872205	-0.298132
0.638417	2.70744	0.0742458	-0.0239711	0.333252
0.0717463	0.569609	-0.160894	0.0507823	-0.103024
0.405395	1.34413	0.571591	0.0726525	0.0354213
0.0802495	0.634369	-0.217286	0.0921277	-0.109665
0.0764409	0.528605	-0.0321335	0.0418128	-0.144913
0.0841235	0.740771	-0.0845128	0.0127122	-0.255049
0.689185	3.21536	-0.00651181	0.0379995	0.044378
0.0828729	0.918499	-0.363595	-0.0974503	-0.0289426
-0.0837744	-0.0936101	-0.114709	-0.0775844	-0.111971
-0.120075	-0.0674205	-0.142419	-0.00291245	-0.40571
-0.080838	0.170531	-0.188382	-0.0639831	-0.314605
-0.147811	0.0782017	-0.298954	-0.111751	-0.408758
-0.157188	-0.314176	-0.3673	-0.0838846	-0.0535446
-0.148727	-0.250835	-0.227522	-0.108679	-0.169334
0.0283524	-0.0416748	0.240493	-0.0290358	-0.0225388
0.0655371	0.36317	-0.159449	0.0136457	0.132889
-0.244758	-0.533952	-0.143998	-0.139905	-0.388283
-0.0553442	-0.135099	-0.0821091	-0.0189777	-0.0366153
0.143661	0.545045	0.288087	0.00580137	-0.133187
-0.132382	0.0561034	-0.461785	-0.0326784	-0.248571
-0.0829032	-0.0461371	-0.261771	-0.0749145	-0.0342626
-0.269563	-0.462752	-0.451054	-0.201253	-0.257993
0.104152	0.576084	0.233081	-0.133371	-0.143055
0.0375074	0.170004	0.185495	0.0258775	-0.181094
0.0257996	0.464614	-0.0426062	-0.0755483	-0.216966
0.0471315	0.379964	0.153256	-0.150679	-0.131807
0.0762788	0.231606	0.364338	-0.147298	-0.0930064
0.116791	0.233859	0.311704	0.00155945	0.0370168
-0.121268	0.0283062	-0.432657	-0.128982	-0.0756081
-0.059928	-0.386588	0.0235814	0.0128261	0.0559707
-0.0784884	-0.222853	0.116165	-0.0944431	-0.189926
-0.109288	-0.0519845	-0.212488	-0.0558339	-0.215319
-0.0856486	-0.134652	-0.182946	0.0250036	-0.124469
0.145326	0.715249	-0.0871466	0.000726835	0.0976219
0.459035	0.865076	1.32745	0.0352054	0.0548449
-0.173513	-0.17002	-0.434072	-0.0842614	-0.187588
-0.125332	0.105453	-0.400956	0.00728111	-0.320036
-0.320255	-0.777907	-0.271211	-0.269116	-0.270409
0.00733928	-0.0632207	0.293101	-0.0763122	-0.0966385
-0.0700814	0.0501515	-0.185273	-0.0508147	-0.163049
-0.174616	-0.321787	-0.139655	-0.19544	-0.219263
-0.257771	-0.455321	-0.439492	-0.257368	-0.143615
0.0266023	0.0849797	0.240594	-0.153222	-0.0573489
-0.0805041	-0.0667133	-0.06759	-0.0864837	-0.187752
0.00779952	0.0442692	-0.00289227	0.00419702	0.0044201
-0.161905	0.0161097	-0.379149	-0.190652	-0.22931
-0.136261	-0.216013	-0.0767158	-0.24886	-0.140029
-0.0518118	0.0524342	-0.0906587	-0.0878878	-0.107992
0.738634	1.63909	1.67673	0.275664	0.0663826
0.222032	0.222669	0.775955	0.0747938	0.0190612
0.165002	0.220769	0.547532	-0.123536	0.193571
0.651562	1.61872	1.03341	0.356344	0.217928
-0.125229	-0.27749	-0.168505	-0.0477158	-0.105394
-0.138923	-0.369291	-0.243642	-0.0584903	-0.0399037
-0.118957	-0.0751809	-0.304623	-0.155985	-0.051012
-0.139791	-0.275683	-0.109887	-0.242915	-0.0898239
-0.26512	-0.394637	-0.329251	-0.332613	-0.297204
-0.230513	-0.364859	-0.369206	-0.0634609	-0.326227
0.0532152	0.182333	0.524522	-0.134028	-0.317171
-0.0899111	-0.346626	-0.0334887	-0.012701	-0.0574827
0.105697	0.406973	0.00879675	-0.03082	0.16654
-0.140079	-0.252473	-0.279119	-0.0786739	-0.0912921
0.43149	1.29931	0.932741	-0.0195258	-0.0674756
-0.0381945	-0.199568	0.180272	-0.0569442	-0.115602
-0.0763204	0.116762	-0.084478	-0.135187	-0.258202
-0.284979	-0.774022	-0.487369	-0.0672252	-0.10025
0.558662	1.42514	1.40821	-0.0121221	-0.0456695
-0.250334	-0.522764	-0.316069	-0.150911	-0.281333
-0.378463	-0.437913	-0.64105	-0.328459	-0.486229
-0.270305	-0.602651	-0.401061	-0.212568	-0.118968
0.0581477	0.271711	0.133348	-0.0380054	-0.0765741
-0.143299	0.027375	-0.341676	-0.0434287	-0.35685
-0.0732829	-0.0802738	-0.308947	-0.110003	0.164061
-0.197102	-0.42171	-0.400353	-0.0658781	-0.108184
-0.255989	-0.165679	-0.791106	-0.100309	-0.24627
-0.174727	-0.138166	-0.409179	-0.0986614	-0.236697
-0.103649	-0.210936	-0.151583	-0.12224	-0.0441969
-0.127162	-0.054926	-0.269881	-0.0975112	-0.209474
0.0612219	0.587002	-0.274068	-0.0640615	0.0609134
-0.150312	-0.164214	-0.19189	-0.0625592	-0.316254
-0.162405	0.0371215	0.0865296	-0.199541	-0.735472
-0.212553	-0.291891	-0.532116	-0.122113	-0.126452
-0.0612219	0.36894	-0.607845	-0.225848	0.174451
0.0399061	0.300281	0.18394	-0.0762532	-0.195156
-0.277245	-0.353124	-0.441065	-0.282389	-0.30629
-0.0868439	-0.273185	0.182732	-0.0794429	-0.266045
-0.117208	-0.125577	0.125613	-0.281776	-0.310805
-0.0681912	0.180289	-0.473676	0.0370941	-0.113903
-0.0879462	-0.0762369	-0.0903287	-0.128213	-0.167302
-0.0626458	-0.0732927	-0.12187	-0.0820229	-0.0343963
0.0781131	0.336512	0.0906858	-0.0648217	0.032108
0.022013	-0.0449934	0.0403487	-0.0632142	0.17458
-0.0390076	0.176913	-0.14009	-0.121881	-0.123421
-0.133783	0.0593766	-0.225707	-0.104644	-0.394774
-0.0934089	0.0868766	-0.213899	-0.20909	-0.113516
-0.0366913	0.100154	-0.0302964	-0.0679723	-0.169599
0.572572	1.37306	0.860242	-0.0143675	0.635887
1.00072	2.74875	1.52385	0.459122	0.154774
1.1196	2.60944	2.04709	0.257833	0.564218
0.651739	2.0152	0.769833	0.218807	0.233171
-0.24362	-0.333982	-0.249486	-0.24387	-0.379494
0.0418685	0.253116	0.0481166	-0.0556205	-0.0237676
0.00119837	-0.139409	0.0624492	-0.00554968	0.0866587
-0.0168939	0.119514	-0.116112	-0.0851594	0.00155906
-0.174587	-0.138361	-0.242234	-0.188206	-0.284712
0.0748425	0.379791	-0.172309	0.0162102	0.129918
0.363775	1.82832	-0.310569	-0.0230831	0.3145
-0.239453	-0.103441	-0.583831	-0.0112042	-0.468727
-0.12914	-0.220234	-0.075267	-0.235104	-0.0972925
-0.265541	-0.306238	-0.589532	-0.148169	-0.288711
0.00695539	0.47488	-0.0126931	0.00698291	-0.434333
-0.00868595	0.196218	-0.126499	-0.0536841	-0.0649616
-0.0830732	-0.391595	-0.0989677	-0.195929	0.278347
-0.117442	-0.074558	-0.252186	-0.087097	-0.199853
-0.122664	-0.179686	0.00529481	-0.150353	-0.292075
0.131856	0.298246	0.306832	0.0286405	0.0353603
-0.157044	0.034782	-0.311812	-0.156417	-0.349021
0.0474406	0.185407	0.193769	-0.0874867	-0.0429143
0.033958	0.382781	-0.165198	-0.0187639	-0.0149442
0.0983017	0.441402	0.150478	-0.0574909	-0.0586765
-0.17854	-0.296021	-0.388588	-0.110063	-0.0933239
-0.182092	-0.0843014	-0.553179	-0.225646	-0.0664551
-0.0167947	0.0360828	-0.153122	0.117928	-0.0937795
0.0428448	0.105331	0.132764	0.0276461	-0.0686557
-0.245107	-0.174189	-0.385161	-0.246885	-0.439857
-0.228311	-0.229252	-0.434464	-0.175625	-0.285055
0.15367	1.08912	-0.209919	-0.050703	-0.0680842
-0.177059	-0.127595	-0.362738	-0.252523	-0.162408
0.0334031	0.242363	-0.195525	0.0324254	0.0968702
-0.037071	0.0791167	-0.023063	-0.0527496	-0.19495
0.119263	0.26036	0.347286	0.0349073	-0.0298234
-0.244376	-0.226272	-0.495042	-0.292221	-0.217589
-0.000909427	0.19633	-0.148846	0.00298397	-0.0456939
0.0294717	0.231307	-0.011126	8.31722e-05	-0.0940939
-0.269085	-0.267653	-0.484044	-0.243041	-0.339851
-0.192814	-0.262995	-0.386244	-0.161338	-0.176622
-0.0653346	-0.0826215	0.103167	-0.174115	-0.189589
-0.0824575	0.0955077	0.0289334	-0.185636	-0.344785
0.0487865	0.222327	0.216671	0.0376623	-0.255749
0.00355002	0.267519	-0.0993628	-0.0718646	-0.058467
0.0480115	0.234924	0.113633	-0.0195037	-0.0603733
-0.146187	-0.100435	-0.265248	-0.0813907	-0.281234
-0.274437	-0.307786	-0.276428	-0.33211	-0.490261
0.171842	0.523177	0.343568	-0.0525262	0.0335172
-0.176429	-0.21484	-0.10906	-0.153849	-0.421997
-0.179214	-0.298679	-0.288269	-0.154989	-0.125012
-0.125789	-0.146688	-0.235659	-0.0430803	-0.179188
0.0408943	0.325971	0.0411775	-0.102877	-0.0769505
0.166567	0.859989	0.046028	-0.0829694	-0.00989963
-0.0398982	0.343287	-0.18484	-0.0949741	-0.287489
0.0257749	0.10807	-0.249959	0.0324028	0.252162
-0.187265	-0.364867	-0.230143	-0.0258144	-0.34425
-0.0983376	0.3088	-0.487309	-0.129615	-0.181923
-0.315096	-0.616392	-0.466415	-0.368607	-0.121766
0.192981	0.399747	0.873048	-0.129276	-0.205853
-0.0240766	0.38943	-0.285842	-0.186931	-0.0574447
-0.111918	0.065235	-0.146011	-0.113369	-0.37959
0.114754	0.42451	0.129968	0.0459536	-0.0203549
-0.263236	-0.44613	-0.389301	-0.242398	-0.245997
0.0386209	0.109355	0.286308	-0.0451227	-0.193408
-0.0825195	-0.0521113	0.0653253	-0.153392	-0.291944
0.0476021	0.453731	0.233278	-0.113612	-0.32659
0.6072	1.36771	1.6511	0.0297158	-0.036763
0.213917	0.867663	0.191996	0.0393873	-0.0326145
-0.124454	-0.146842	-0.104433	-0.0943668	-0.290336
0.0889028	0.113646	0.282325	-0.0133469	0.0631035
0.18304	1.04437	0.0995076	-0.155141	-0.0872057
-0.0887351	-0.0447227	-0.209904	-0.0770852	-0.112672
-0.0292303	0.0864752	-0.02567	-0.103422	-0.120119
-0.0989777	-0.198081	-0.121421	-0.13387	-0.0586627
0.558718	1.78843	0.214706	-0.125673	0.865248
0.0607005	0.387916	-0.0508027	0.0194748	-0.0784799
0.257983	1.00104	0.21901	0.0846194	-0.0154563
0.350317	1.43477	0.0755369	0.0640869	0.179201
0.0420278	0.0878781	0.217903	-0.0350452	-0.0533524
0.125982	0.669741	0.0987516	-0.0419994	-0.0844152
0.183789	0.616527	0.371833	0.000278418	-0.0481304
0.456685	1.51658	0.941323	-0.0843384	-0.138833
0.839842	2.53788	1.71366	-0.157812	0.020597
0.601018	1.99082	0.98837	-0.0104229	-0.00450188
0.0472051	0.552286	-0.0976127	-0.100189	-0.125507
0.14995	0.945588	-0.20279	0.000927215	-0.0257381
0.184325	1.12568	0.238188	-0.202905	-0.246807
0.259751	1.77567	-0.198874	-0.144548	-0.163298
-0.0285152	0.0840028	0.0229955	0.0775085	-0.30862
-0.00949572	0.162029	-0.125128	0.0269018	-0.125294
-0.0601708	-0.148704	-0.178806	-0.102468	0.109777
0.107305	0.714705	0.0803492	-0.112555	-0.164716
0.100155	0.660921	-0.0292945	-0.04782	-0.0859876
-0.172258	-0.293087	-0.305724	-0.106419	-0.181449
0.240491	0.860517	0.0645812	0.118859	0.145385
0.107412	0.567009	0.107731	-0.068977	-0.0895445
-0.0646408	-0.0153106	-0.175391	-0.113052	-0.0243847
0.00446877	0.127878	0.0565942	0.0163817	-0.157677
0.459092	1.35501	0.392514	0.193303	0.329645
-0.245737	-0.348987	-0.557292	-0.180766	-0.149007
-0.0452094	-0.0317025	-0.000665688	0.00959973	-0.201766
0.135966	0.726072	-0.0888791	0.0103035	0.0522191
0.00308494	0.119132	0.187072	-0.0523401	-0.218069
-0.263819	-0.409051	-0.296254	-0.365123	-0.264023
-0.284331	-0.449292	-0.531575	-0.129982	-0.320361
-0.0397377	0.0826122	-0.00215825	-0.0540053	-0.195462
-0.316232	-0.506611	-0.743227	-0.201126	-0.14809
-0.18066	-0.139599	-0.490274	-0.247776	-0.0320478
0.474333	0.704661	1.06846	0.220871	0.366082
0.218715	0.974242	0.0587018	0.0337081	0.00932418
4.75239	6.63513	9.70292	1.59832	1.71837
0.0465774	-0.166122	0.461565	-0.0148396	-0.0531772
0.271276	1.21486	-0.5636	-0.226236	0.887771
-0.0580291	0.361849	-0.407965	-0.0466956	-0.224582
-0.194827	-0.409997	-0.214427	-0.162532	-0.187462
0.0150368	0.122602	-0.03889	0.0822216	-0.0690131
-0.183603	-0.473166	-0.337611	-0.0729528	-0.0493336
-0.24983	-0.32567	-0.255531	-0.385045	-0.270973
-0.0533503	0.252455	-0.434751	-0.0589279	-0.0148853
-0.070552	0.0887306	-0.193806	-0.131259	-0.0888655
-0.0468368	0.397734	-0.119067	-0.124119	-0.392931
-0.0653238	0.0104614	-0.0135652	-0.183983	-0.167048
-0.160682	-0.129845	-0.0789068	-0.185114	-0.429183
-0.0396842	0.336251	-0.176306	-0.204988	-0.1787
0.218465	1.01148	0.41634	-0.181494	-0.154489
0.030742	0.169736	0.142157	-0.00914258	-0.164001
0.994355	0.78169	3.89229	0.0423705	-0.0837245
0.207294	0.507937	0.586972	0.045988	-0.124608
0.364627	1.51217	0.293753	-0.0765743	0.0677011
0.443194	1.31883	0.655001	0.0364903	0.196777
1.58595	3.20927	3.91456	0.20256	0.326293
0.822292	3.44484	0.655514	0.0408704	-0.160909
-0.021453	0.229491	-0.151383	-0.141872	-0.0638328
0.122836	0.825565	-0.0561609	-0.0474838	-0.0975902
0.20316	0.664685	0.224381	-0.00988922	0.138166
-0.0760117	-0.0574354	-0.140928	-0.0679563	-0.134378
-0.40096	-0.533946	-0.714523	-0.35897	-0.426934
0.0509269	0.0250633	0.57593	-0.0986918	-0.282749
-0.150133	0.224854	-0.447503	-0.221954	-0.291985
-0.336296	-0.640995	-0.486067	-0.282325	-0.276355
-0.101805	0.226887	-0.0830104	-0.381854	-0.28985
-0.00503374	-0.00839657	0.139572	-0.0679687	-0.0719465
4.37915	7.56691	8.71941	1.09219	0.794439
0.261232	0.870573	0.264056	-0.030048	0.194975
-0.986779	-1.95331	-0.637203	-0.403837	-1.9668
-0.196346	-0.591684	0.0218991	-0.318033	-0.0715469
-1.63304	-5.12187	-1.14617	-0.760808	-1.27125
-0.0730588	-0.449718	0.35373	-0.124574	-0.159059
-0.111017	-0.263077	-0.0647543	-0.178512	-0.0488463
0.715414	1.91351	1.25655	0.292417	0.0591256
-0.170676	-0.453952	-0.0106128	-0.10941	-0.268515
-0.165436	-0.321481	0.110847	-0.137683	-0.459729
-0.0368801	-0.00858705	-0.294521	-0.0648918	0.184581
-0.0918793	-0.181029	0.0805461	-0.228429	-0.151592
-0.171573	0.00260841	-0.400845	-0.294352	-0.176497
-0.0893185	0.0943158	-0.264065	-0.209436	-0.0895148
0.388679	0.57145	1.52495	-0.0460607	-0.123611
0.17277	0.781225	0.408962	-0.086366	-0.260369
8.83875	13.4105	13.4283	2.56243	1.63113
0.293589	0.831155	0.57882	0.0229228	0.0155539
0.154067	0.954121	-0.0331966	0.00194412	-0.151328
0.11997	0.428054	0.156384	-0.0661337	0.0707492
-0.0586196	0.316242	-0.248322	-0.169889	-0.214628
-0.16659	0.0116082	-0.46424	-0.0756597	-0.298584
-0.0187628	0.534245	0.0260755	-0.1519	-0.532994
-0.178733	-0.136598	-0.34757	-0.218542	-0.167512
-0.209521	-0.133588	-0.367126	-0.145972	-0.426916
-0.201754	-0.168694	-0.296429	-0.260435	-0.267872
0.0665246	0.0519382	-0.0543467	-0.0045756	0.337537
-0.0527778	0.288246	-0.315567	-0.0939624	-0.153216
-0.307975	-0.438087	-0.442165	-0.160375	-0.488719
-0.0664272	-0.204286	-0.168008	-0.0804464	0.137462
-0.365831	-0.345251	-0.65539	-0.249514	-0.578283
-0.0799068	-0.09844	-0.169657	-0.108274	-0.0236528
-0.018057	0.10363	0.0954746	-0.117996	-0.171635
-0.176063	-0.0314424	-0.399971	-0.12527	-0.296311
-0.272595	-0.268304	-0.660479	-0.362962	-0.0581025
-0.168218	-0.158136	-0.41001	-0.0545983	-0.208889
-0.100068	0.0506886	-0.250212	-0.206567	-0.10648
-0.177382	-0.136901	-0.175895	-0.167289	-0.396581
-0.137575	0.158691	-0.574892	-0.142765	-0.141319
0.108107	0.41757	-0.0316914	-0.00482841	0.166394
-0.046464	0.191308	-0.146661	-0.124304	-0.147251
0.0499681	0.0237995	0.134769	0.018549	0.061233
-0.0535855	0.195543	-0.159528	-0.00825255	-0.315167
0.0117253	0.308923	0.226849	-0.107289	-0.372346
-0.0179201	0.0511369	0.34407	-0.119694	-0.372353
0.00773896	0.238295	0.0991733	-0.122805	-0.177867
-0.262497	-0.276955	-0.494122	-0.155526	-0.374262
0.14528	0.524911	0.367975	0.0318454	-0.175481
0.0353271	0.469151	0.0484051	-0.130027	-0.205156
0.0348286	0.421116	0.00839836	-0.138898	-0.116435
1.20325	3.87599	1.13645	0.356927	0.446151
0.977945	2.45989	1.51585	0.538402	0.274429
1.82021	4.33252	3.51768	0.500298	0.381224
0.821038	2.459	1.11686	0.23039	0.251642
0.0631444	0.0359787	0.401406	-0.00955052	-0.138378
0.206647	0.856184	0.139794	0.0701431	-0.0400306
0.0492105	0.288675	0.0299375	-0.033368	-0.0191215
0.0549036	0.614734	0.0259277	-0.0648944	-0.277307
0.00675223	0.153447	-0.025895	-0.0926654	-0.0192049
-0.0854503	0.0623866	-0.233952	-0.0370384	-0.204055
0.627447	2.41739	-0.173905	0.0390902	0.794936
0.231045	0.882041	0.22963	0.069992	-0.0188207
-0.147428	-0.341231	-0.104632	-0.165012	-0.139849
-0.0332559	0.203488	-0.116289	-0.164225	-0.0838559
0.0941546	0.449501	-0.0560836	0.0147406	0.0623809
-0.0278602	0.247435	-0.0404241	-0.0728337	-0.25049
0.182781	0.300461	0.32346	0.0413483	0.233212
0.0529444	0.350151	0.0715086	-0.203	0.0375564
-0.0867232	0.0215976	-0.0203597	-0.244447	-0.201837
0.200681	1.00858	0.101376	0.00986602	-0.131346
-0.212308	-0.156081	-0.528065	-0.111245	-0.262846
-0.199295	-0.196517	-0.455878	-0.0933875	-0.257043
0.121194	0.726344	0.0351569	-0.00742877	-0.169909
0.0606126	0.568599	-0.0359591	0.0391456	-0.260972
-0.159077	0.192106	-0.240384	-0.17737	-0.596481
0.232274	0.542535	0.552273	0.104354	-0.0504267
-0.0932966	0.112946	-0.177311	-0.128489	-0.307046
-0.0971363	0.238273	-0.487956	0.0142098	-0.224149
-0.236599	0.0193899	-0.375794	-0.136668	-0.68783
-0.118228	0.119592	-0.329913	-0.18928	-0.18539
-0.0675012	-0.0304292	-0.221317	-0.0308678	-0.0803824
0.0453527	0.351623	-0.0355713	-0.0354067	-0.072172
0.12794	0.872889	-0.126748	-0.22248	0.106456
0.11529	0.792982	-0.275453	-0.185678	0.2447
0.18506	1.62835	-0.428034	-0.190584	-0.109702
0.0531728	0.272981	-0.0724928	0.102273	-0.0664662
0.0350651	0.48709	0.0127397	-0.254174	-0.067626
-0.231194	-0.491944	-0.338223	-0.151375	-0.165863
0.0207206	0.529415	-0.282033	-0.0677076	-0.103738
-0.300962	-0.0502364	-0.642279	-0.222191	-0.62104
0.0185801	0.073164	0.175499	-0.110957	-0.0177526
-0.190961	-0.167283	-0.561808	-0.0622536	-0.151721
0.051107	0.080846	0.175628	-0.00933621	0.0091167
-0.137038	-0.184867	0.00223601	-0.127648	-0.367164
-0.202795	-0.0755896	-0.408516	-0.138427	-0.411736
-0.193434	0.0862796	-0.443123	-0.116742	-0.503257
0.0766799	0.231423	0.0155772	-0.0463931	0.173875
-0.0804654	0.171381	-0.247711	0.0351437	-0.343708
-0.234735	-0.161342	-0.197373	-0.230318	-0.5646
-0.20339	-0.339176	-0.345297	-0.172096	-0.167641
-0.174226	-0.284022	-0.39791	-0.118054	-0.0588144
-0.306582	-0.504209	-0.244801	-0.214832	-0.558606
-0.321827	-0.373619	-0.783476	-0.114177	-0.350072
-0.251679	-0.303711	-0.420049	-0.146506	-0.403517
-0.0591706	0.0779112	-0.0903746	-0.113119	-0.181803
-0.269824	-0.294525	-0.345416	-0.157342	-0.581405
-0.189368	-0.256623	-0.318028	-0.27346	-0.0984835
-0.283753	-0.366593	-0.512731	-0.152998	-0.359676
-0.180428	-0.182329	-0.227347	-0.0534015	-0.428526
-0.278066	-0.242605	-0.589251	-0.232343	-0.351924
-0.0895797	0.095258	-0.21966	-0.0946892	-0.197013
-0.0695938	-0.162224	-0.111204	-0.0546353	-0.0408077
-0.277272	-0.461971	-0.419927	-0.150574	-0.347511
-0.101706	-0.164168	-0.162186	-0.216974	0.0524091
-0.115294	0.0428017	-0.0940693	-0.15747	-0.363046
0.173864	0.33515	0.3018	0.0204392	0.231945
-0.0484406	-0.382089	0.39491	-0.0693311	-0.213614
0.0441334	0.543189	-0.0233226	-0.0964421	-0.218845
-0.0112301	0.110845	-0.250376	0.0536852	0.0333172
-0.0830528	-0.0103088	-0.290011	-0.0141104	-0.101271
-0.096603	-0.200514	-0.0881629	-0.222589	0.0230789
-0.112454	0.0430201	-0.283733	0.00336549	-0.334602
-0.0567683	0.0502574	-0.229559	-0.0610286	-0.0484185
-0.234183	-0.238669	-0.499562	-0.251915	-0.162713
0.0331581	0.506247	-0.549756	-0.149229	0.348046
-0.166767	-0.301938	-0.0477967	-0.113468	-0.376009
0.00547183	0.193682	-0.093967	-0.0297297	-0.0671206
-0.0951992	-0.0157159	-0.179189	-0.15304	-0.110961
-0.266014	-0.857299	-0.340922	-0.079314	-0.0867823
0.0386844	0.0539063	0.034504	0.0516547	0.06708
-0.0177955	0.190937	0.231355	-0.0495264	-0.444202
0.00802243	0.294486	-0.0173606	-0.188817	-0.01999
-0.0116815	0.0887679	0.171617	-0.150451	-0.184418
-0.104409	-0.443242	0.596877	-0.155993	-0.530253
-0.348619	-0.542349	-0.412863	-0.222751	-0.583175
-0.0818693	0.0121661	-0.175382	-0.0832344	-0.168241
-0.0799982	-0.174197	-0.298383	-0.0430115	0.0961262
-0.195796	-0.151484	-0.478671	0.0295258	-0.377865
-0.246196	-0.251649	-0.536461	-0.201632	-0.249871
-0.19799	-0.162438	-0.409349	-0.181164	-0.247492
-0.209396	-0.00826326	-0.346612	-0.0982607	-0.594048
-0.200346	-0.0171478	-0.455599	-0.140316	-0.361556
-0.135954	-0.0631014	-0.375267	-0.164619	-0.0698626
-0.212059	-0.26605	-0.150134	-0.135059	-0.523389
-0.0163999	0.109239	-0.191373	-0.00628566	0.00819739
-0.131319	-0.120072	-0.200211	-0.115853	-0.243713
-0.0707641	-0.218464	-0.00367065	-0.0161284	-0.119476
0.0644347	0.542637	0.0660076	-0.207328	-0.0963667
0.0945112	0.251274	0.381957	-0.00278751	-0.162646
-0.169167	-0.124442	-0.386427	-0.086909	-0.22664
-0.153566	-0.193622	-0.271318	-0.0784652	-0.2374
0.00347509	0.117175	0.10317	-0.0141689	-0.217185
-0.0346735	-0.339742	0.225358	-0.0918999	0.0178925
0.0226755	0.19981	-0.115849	0.0522492	-0.0436654
-0.214117	-0.316752	-0.36212	-0.101125	-0.293201
-0.0733184	0.217667	-0.0983409	-0.0557021	-0.416414
-0.179948	-0.135804	-0.0774113	-0.183537	-0.525356
0.0104272	0.145845	-0.124482	0.0798026	-0.0603885
-0.161901	0.0686637	-0.2521	-0.161177	-0.443315
-0.152325	0.00546622	-0.140221	-0.186311	-0.435318
0.204959	0.897313	0.301	0.0379664	-0.240472
-0.0633501	0.107235	0.0117924	-0.153226	-0.269478
-0.563779	-0.865523	-0.487592	-0.305396	-1.19929
0.0481767	0.342479	0.0912513	-0.099596	-0.097838
0.177773	0.470078	0.326709	0.04811	0.0602074
-0.0469051	0.284002	-0.220328	-0.0307651	-0.275181
-0.223552	-0.560175	-0.249119	-0.155028	-0.178068
-0.0349443	0.228448	-0.249081	-0.0266157	-0.138185
0.0328798	0.264992	0.139794	-0.0463674	-0.212773
0.189418	0.395739	0.419817	0.0379592	0.0662922
-0.32928	-0.486653	-0.592573	-0.145236	-0.415123
-0.10945	-0.0240888	-0.420672	-0.0366736	-0.0791408
-0.0161031	0.613311	-0.343452	-0.140834	-0.214361
-0.18517	-0.151493	-0.381841	-0.120443	-0.289123
-0.0979043	-0.2834	-0.19812	-0.0186934	-0.000683887
-0.159075	-0.245034	-0.18104	-0.0269339	-0.368078
0.0383215	0.370536	-0.00651063	-0.181329	-0.00171104
0.0532738	0.164812	0.254674	0.0883462	-0.216305
-0.099143	-0.0760492	-0.161918	-0.175341	-0.106912
-0.072779	0.138639	-0.191689	-0.0865593	-0.237785
-0.191123	-0.714173	0.119654	-0.211838	-0.153515
0.133649	0.773469	-0.0248532	0.00240175	-0.100778
-0.126025	0.0267112	-0.236243	-0.113197	-0.293893
-0.238231	-0.350459	-0.415474	-0.102104	-0.307263
-0.0748858	-0.197002	0.0766759	-0.0380759	-0.20442
-0.0266798	0.332872	-0.0938086	-0.216596	-0.151884
0.0260588	0.295628	0.00136978	-0.0207345	-0.152534
-0.0540497	0.036802	-0.0542798	-0.100486	-0.132239
0.600428	1.87215	0.3001	0.155459	0.64091
0.0377754	0.377091	-0.011286	-0.0559592	-0.116406
0.190669	0.657141	0.244137	0.073039	-0.00776652
-0.0852661	0.379808	-0.289047	-0.0956984	-0.411559
0.397258	1.55683	0.278204	0.183694	-0.0387509
0.182973	0.373004	0.235515	0.188228	0.105449
1.12227	2.71125	1.52882	0.280175	0.978266
0.275589	0.75016	0.867647	-0.100269	-0.152007
0.460085	1.00085	1.28671	-0.0198833	-0.00811612
0.820894	1.42565	2.13264	0.148353	0.321138
-0.0106369	0.0807962	-0.179793	-0.089583	0.110021
0.272726	1.20041	0.316588	-0.00767751	-0.175012
0.158273	0.660443	-0.0661339	0.11106	0.0640319
0.233815	1.12098	-0.0742764	0.162324	-0.0739962
-0.217148	-0.217621	-0.392275	-0.148544	-0.344507
0.0112079	0.127202	-0.0237719	0.0103149	-0.0524245
0.050953	0.175001	0.346544	0.0235751	-0.282114
-0.195374	-0.260776	-0.421915	-0.0752189	-0.217881
0.0337869	0.131567	0.307054	-0.0916974	-0.180292
-0.118553	-0.149696	-0.202868	-0.11118	-0.110125
-0.149617	-0.231723	-0.209748	-0.0966214	-0.203697
-0.081109	-0.0769881	-0.0736143	-0.0949135	-0.143581
-0.162101	-0.476479	-0.133427	-0.16051	-0.0660848
-0.114441	-0.124572	-0.0919859	-0.23087	-0.10651
0.427447	0.934421	0.757851	0.31913	0.137943
-0.152507	-0.622625	-0.123893	-0.0490835	0.0367566
-0.118758	-0.0041529	0.0768645	-0.11921	-0.533327
0.373059	0.799957	0.823604	0.0388683	0.214604
-0.11742	-0.176427	0.124198	-0.16719	-0.365379
-0.13942	-0.155219	-0.298179	-0.06953	-0.150899
-0.185136	-0.184686	-0.452364	-0.159478	-0.105068
-0.0202537	0.258759	-0.158089	-0.189507	-0.0286991
-0.0522574	0.129383	0.035568	-0.112755	-0.300415
-0.111222	-0.353991	0.0908208	-0.104581	-0.207461
-0.19342	-0.334307	-0.285423	-0.13604	-0.193037
-0.263372	-0.280571	-0.449427	-0.175108	-0.403064
0.035933	0.956085	-0.510388	-0.0068699	-0.261368
-0.0472797	-0.0162744	-0.0926966	-0.0449867	-0.0884112
0.524315	1.50853	-0.380222	-0.0707589	1.51846
-0.102273	-0.00896223	-0.239139	-0.113631	-0.159042
0.0865634	-0.106461	0.330023	-0.0151643	0.209477
0.0799739	0.36219	0.162221	0.0030171	-0.130153
0.0126187	-0.0686595	-0.083963	-0.0179882	0.210921
-0.0434973	0.276888	-0.185081	-0.133398	-0.170277
0.0640782	0.282558	-0.0514149	0.0376217	0.0410647
0.00746301	0.425463	-0.147132	-0.143785	-0.0857342
-0.00436287	-0.114935	-0.1138	-0.127761	0.324127
0.037803	0.118674	0.259172	-0.0541093	-0.128691
-0.251932	-0.563344	-0.223499	-0.191084	-0.274262
-0.168992	-0.185525	-0.483482	-0.045469	-0.158209
-0.255515	-0.366315	-0.325086	-0.282659	-0.301045
-0.159148	-0.0480954	-0.195987	-0.233399	-0.321234
0.0733183	0.573714	-0.146272	-0.042225	0.014247
-0.155244	-0.13758	-0.28564	-0.0803042	-0.251896
0.242245	0.919632	0.0395161	0.0771913	0.142074
0.0406859	0.265647	-0.0142192	-0.173675	0.134213
0.119846	0.625724	0.0349898	-0.160777	0.0922501
-0.0132637	0.382974	-0.168302	-0.177081	-0.11502
-0.229557	-0.474609	-0.27265	-0.0991112	-0.317013
0.0245556	0.548284	-0.227348	-0.0596982	-0.158733
0.0673964	0.21487	0.107875	0.0923227	-0.0669794
-0.0754771	0.025136	-0.206138	-0.160736	-0.0491497
-0.259339	-0.433833	-0.420352	-0.241852	-0.188441
1.42038	1.6625	4.05725	0.627883	0.391619
0.159804	1.02835	-0.0974776	-0.113772	-0.0442756
-0.175469	-0.244227	-0.271433	-0.179927	-0.200997
-0.0784013	-0.107251	0.124614	-0.150771	-0.247991
0.548685	0.777187	2.03114	0.0099276	-0.116576
0.152157	0.85776	0.0558409	-0.103394	-0.036759
0.0544313	0.27908	0.066235	-0.0772447	-0.0156147
-0.000692126	0.386332	-0.367967	-0.354059	0.325963
0.757393	1.04087	2.42041	0.109823	0.140451
-0.313388	-0.858325	-0.468118	-0.238098	-0.00967139
0.0698121	0.0566023	0.423558	0.00168416	-0.136854
-0.0970154	-0.145665	-0.355626	-0.0582109	0.0864505
1.88661	3.7083	4.26001	0.60135	0.300161
0.083281	0.753227	-0.0817124	-0.0606683	-0.174927
-0.209704	-0.368382	-0.152261	-0.178382	-0.346061
0.00159184	-0.147058	-0.268105	0.000853634	0.403685
-0.150624	0.0902754	-0.496391	-0.0881531	-0.267498
-0.299762	-0.66615	-0.282156	-0.157488	-0.393203
-0.0600045	-0.0783095	-0.182915	0.0598035	-0.112146
-0.214513	-0.244082	-0.255921	-0.171338	-0.389431
-0.140316	-0.30667	-0.177352	-0.114374	-0.134801
-0.203085	-0.330649	-0.445217	-0.115332	-0.137832
-0.0148633	0.0575274	-0.0781478	-0.037333	-0.0327957
0.123559	0.511343	0.049893	0.030527	0.0261653
-0.123562	-0.0725817	-0.181126	-0.231834	-0.151041
-0.106695	-0.37555	-0.048958	-0.206442	0.0817586
-0.144644	-0.0531321	-0.31253	-0.0416259	-0.34161
-0.109653	0.000897134	-0.112068	-0.097367	-0.330157
-0.124059	0.0939552	-0.363189	-0.0736498	-0.298824
-0.0990784	-0.228264	-0.039321	-0.251398	0.0145344
-0.267693	-0.53271	-0.227541	-0.116862	-0.474911
-0.0358574	-0.0514784	0.306832	-0.0973417	-0.342841
-0.129047	0.333449	-0.3668	-0.139327	-0.445294
-0.25605	-0.131704	-0.431635	-0.249375	-0.470772
-0.377475	-0.460988	-0.597093	-0.244514	-0.615176
-0.19128	-0.223491	-0.26088	-0.130789	-0.328355
-0.0143806	0.456764	-0.240713	-0.195433	-0.111179
0.15597	0.298115	0.357006	0.133594	0.0123605
-0.0367745	0.0399976	-0.0347391	-0.0422431	-0.143547
-0.334432	-0.263893	-0.0286204	-0.116668	-1.27719
0.0216213	-0.178735	0.186016	-0.0852566	0.196049
0.0223632	0.23457	0.475408	-0.151894	-0.458798
-0.245367	-0.322892	-0.465251	-0.0837474	-0.329978
-0.250098	-0.247654	-0.440866	-0.0561101	-0.535711
-0.186365	-0.261211	-0.280295	-0.161094	-0.235143
-0.101219	-0.0659924	-0.263688	-0.0751231	-0.133903
-0.144783	-0.17602	-0.164614	-0.11189	-0.302362
-0.219986	-0.302019	-0.294989	-0.0120677	-0.476667
-0.0592544	0.633262	-0.335175	-0.0389167	-0.539347
-0.200837	-0.223046	-0.535631	-0.00419013	-0.228965
-0.0586467	-0.0723361	0.00932564	-0.0541779	-0.185013
-0.0922882	0.0381287	-0.23391	-0.0981787	-0.192746
-0.13981	-0.0897357	-0.346624	-0.132793	-0.140073
-0.0663121	0.104176	-0.230842	-0.123341	-0.108872
-0.155928	-0.243733	-0.252545	-0.0833649	-0.214613
-0.116644	-0.161943	-0.139959	-0.102513	-0.202546
-0.144891	-0.208751	-0.274204	-0.0418423	-0.216893
0.437157	0.767433	1.35859	-0.132905	0.17373
-0.0186907	0.427929	-0.317993	-0.0746233	-0.147878
-0.0784995	0.0290795	-0.243656	-0.0914483	-0.108391
-0.0203243	-0.120018	0.107095	0.0130277	-0.0833916
0.0174899	0.0407122	0.0790742	-0.040343	-0.00573837
0.118028	0.46378	0.327724	-0.0632265	-0.152687
0.0405956	0.223613	0.13285	-0.15584	0.0114647
0.0352207	0.681005	-0.186641	-0.0442005	-0.281986
-0.0925769	-0.0100128	-0.153748	-0.209506	-0.0709872
-0.0290568	0.187744	-0.312746	-0.133363	0.106788
-0.18787	-0.315561	-0.314805	-0.047249	-0.236162
-0.110578	-0.231414	-0.14301	-0.106246	-0.0876268
0.188434	1.3172	-0.171574	-0.102714	-0.0934471
-0.00635428	0.129524	-0.279742	-0.0531954	0.161013
-0.19512	-0.406788	0.0922885	-0.294565	-0.362398
0.266681	0.867283	0.670647	-0.11477	-0.102883
0.161033	0.378889	0.294556	-0.0395058	0.164694
0.30893	0.640169	1.00385	-0.0812879	-0.0211508
-0.0701832	0.0172555	-0.354055	0.0343232	-0.0604925
-0.00776285	0.214682	-0.144273	-0.0376406	-0.0941938
-0.0955211	-0.261162	-0.210766	0.0291295	-0.0552002
-0.295345	-0.745792	-0.177012	-0.159896	-0.395004
-0.105293	0.113948	-0.250519	-0.118837	-0.268545
-0.0516391	0.117528	-0.117922	-0.187317	-0.0842332
-0.322387	-0.321202	-0.481677	-0.126401	-0.670804
-0.376624	-0.388017	-0.698572	-0.267845	-0.525178
-0.173709	-0.164536	-0.457516	-0.0129603	-0.254942
-0.11283	0.0510425	-0.360044	-0.14887	-0.0946459
-0.189604	-0.377492	-0.242283	-0.226686	-0.115708
-0.224978	-0.651617	-0.133221	-0.257113	-0.108639
-0.0190109	0.0430374	-0.00647987	-0.0568229	-0.0521828
0.181236	0.883066	0.00681152	-0.0197455	0.0372149
0.0114224	-0.0226926	0.0251939	-0.017049	0.0536362
-0.177569	-0.263907	-0.39765	-0.112279	-0.121132
-0.389889	-0.357583	-0.739011	-0.136403	-0.72232
-0.0930356	0.0827543	-0.468713	-0.0291936	-0.056367
-0.0339528	0.160512	-0.0712289	-0.0706021	-0.192953
-0.131999	0.175922	-0.540402	-0.0451728	-0.264482

Annot Parameters for each context in the alphabet: PLMU
P	0.0983212
L	0.0444875
M	0.0262963
U	0.589324


Beta_s (bias in sequence model) : -2.29842
Beta_p (bias in structure context model) : -8.68693
alpha (scaling factor) : 1.85034
b (bias in least squares error model) : 0.505186

Top 20 kmers: 	 sequence number 	 kmer number
           GCUGG            296              5
           GCUGG            533             12
           GCUGG            188             13
           GCUGG            140             20
           GCUGG            290             15
           GCUGG            293             11
           GCUGG            617              8
           GCUGG            187             13
           GCUGG            534             22
           GCUGG            401              9
           GCUGG            536              5
           GCUGG            537             19
           GCUGG            405             16
           GCUGG            186             13
           GCUGG            298             31
           GCUGG            185             13
           GCUGG            614              3
           GCUGG             54             12
           GCUGG            299             31
           GCUGG            144              4

Averaged annotation profiles of the top 20 kmers
P	0.70895	0.28085	0.3735	0.4389	0.4223	
L	0.1896	0.59405	0.56845	0.4979	0.50605	
M	0.05975	0.09065	0.02465	0.0256	0.03755	
U	0.0417	0.03445	0.0334	0.0376	0.0341	
