Motif width 5
Base parameters 
AAAAA	4.94746	-0.573579	-1.23786	-0.400163	-4.39141	-1.34539
CAAAA	-0.461582	0.759708	0.501579	-1.43616	0.503921	-0.691851
GAAAA	-2.33379	0.189328	0.543205	0.56386	-0.108728	-1.45897
UAAAA	2.00792	-0.90229	-0.711239	-0.404658	-0.979727	-0.478005
ACAAA	2.24537	-0.263915	1.39557	-0.909509	-0.508121	-0.197951
CCAAA	0.480493	-0.407847	-0.366879	0.687687	-0.642656	-0.563486
GCAAA	-4.96332	0.317517	-1.75464	0.161215	-3.87866	2.3262
UCAAA	1.33029	-0.773727	1.00859	1.77284	1.47759	-0.556979
AGAAA	3.06277	0.240481	2.18526	-0.379951	-1.64707	1.23644
CGAAA	-1.83487	-0.666528	-0.396645	3.48939	-0.172257	-0.45494
GGAAA	0.730067	0.198044	-1.39429	0.406083	0.863521	-0.017359
UGAAA	0.469711	-0.944449	0.522812	-0.215471	-0.343611	0.0536729
AUAAA	2.10341	-0.800352	0.47682	-1.20701	1.35741	-0.45059
CUAAA	2.8182	-0.148667	1.03177	-0.743296	-1.32346	-0.614854
GUAAA	-0.288355	0.32743	0.0665479	-0.000969878	3.22456	-1.54437
UUAAA	0.241939	-0.418412	-0.0272444	0.64773	-0.27007	-0.675643
AACAA	-0.330435	-0.389027	0.373965	0.184478	1.01438	1.03528
CACAA	-0.305141	-0.744328	1.67918	2.02237	0.0690951	0.409471
GACAA	3.53434	-0.918323	2.12914	1.92477	-0.571276	-0.0345918
UACAA	-2.53798	0.278237	-0.943851	-2.60159	-0.119796	-0.0953395
ACCAA	-1.15385	2.59142	-1.88737	-3.06388	-2.07193	-1.83841
CCCAA	-1.26745	0.944785	1.28985	-1.4716	-1.24779	-1.15484
GCCAA	0.19457	0.447001	-1.43711	-0.478396	-0.522475	0.489763
UCCAA	-3.1041	-0.162794	-0.364872	1.03699	-0.0801967	1.98274
AGCAA	-2.72853	-2.17517	1.05053	0.204238	1.39196	1.75505
CGCAA	-1.02769	-0.946898	-0.366497	2.129	-0.624921	0.23914
GGCAA	0.730993	-0.200621	-0.958854	0.0249922	0.549523	-0.838399
UGCAA	1.264	-1.14382	-0.374667	-0.346432	-0.29124	-0.0184913
AUCAA	1.23414	0.687396	-0.22798	-0.36167	-0.510641	0.173115
CUCAA	-0.711619	1.45862	0.528707	-2.67136	-2.29723	2.44921
GUCAA	-3.491	-0.0332101	0.0570554	1.5108	-2.059	0.975234
UUCAA	-0.487858	-0.0252213	-0.189615	0.680162	0.602503	-0.814999
AAGAA	1.41504	1.34234	-2.75254	-3.58313	0.400075	-0.251234
CAGAA	2.50363	1.14788	-0.643787	1.69169	-1.79738	0.499268
GAGAA	8.42463	0.326485	-0.813202	0.60871	-0.577346	-1.24969
UAGAA	-6.82046	-0.327036	-2.25927	-2.69844	1.60461	-1.40723
ACGAA	-2.56372	0.50599	-0.56544	0.563493	-1.16755	0.10386
CCGAA	-6.01973	0.321514	-0.0590041	-0.0331796	-2.86038	-1.03042
GCGAA	-2.3996	0.28908	-0.242663	2.13737	-1.27526	-0.418865
UCGAA	1.5241	-0.842204	-0.57039	-0.337954	-0.566004	-0.0768034
AGGAA	-3.20031	-0.893226	-0.635306	-0.0661751	1.81429	0.0821895
CGGAA	0.81166	0.0882727	0.11462	-0.103996	-0.451934	-0.777919
GGGAA	4.03935	0.948188	2.5475	0.108139	-1.19335	-0.648043
UGGAA	2.32258	-0.816569	-0.630134	-1.08797	-0.660041	-0.011461
AUGAA	0.10871	-0.0363834	0.209199	-0.316586	-0.109355	0.0156705
CUGAA	-1.04503	-2.12446	0.542033	-0.704478	-0.63644	-0.124071
GUGAA	1.21345	0.6822	-0.298941	0.763678	-1.85831	0.0801442
UUGAA	0.276449	-0.0782549	0.338143	0.873098	0.823272	-2.99253
AAUAA	1.08445	1.25527	-0.784073	-0.167959	0.135879	-0.435231
CAUAA	-2.4563	-1.73994	0.912753	-1.42179	-0.904718	3.18371
GAUAA	1.18716	-1.18889	-0.534859	-0.352136	0.295632	0.0247877
UAUAA	-0.31379	-0.0541062	0.292923	-0.348926	0.0453917	1.06799
ACUAA	-0.375845	1.86817	-0.288338	-1.89635	-1.41879	-0.95219
CCUAA	2.25044	-0.901262	-0.487839	-0.465896	0.113369	-0.167652
GCUAA	-1.13838	-0.87735	-0.525798	4.37375	2.1601	1.72677
UCUAA	3.27898	2.14354	-0.50851	0.03787	0.446206	0.965957
AGUAA	-3.5012	0.00871269	-1.79343	-3.49646	0.542079	3.34554
CGUAA	2.92536	0.192971	-0.948097	-0.601724	-0.85689	-0.202468
GGUAA	1.10242	-0.875606	-0.336037	-0.0987824	-0.417257	-0.248366
UGUAA	0.0062446	-0.393376	-0.212718	0.172645	0.0184342	0.299822
AUUAA	0.986373	-0.920126	-2.44993	3.99095	0.169965	-0.42628
CUUAA	1.68452	0.34536	-0.0574947	1.25548	0.315508	0.310221
GUUAA	0.894057	0.140719	-0.605431	-0.4167	-0.217872	0.10436
UUUAA	1.29121	0.250485	-0.36615	-0.287528	0.665499	-1.03804
AAACA	-0.62887	0.354181	-0.718506	0.480942	0.146202	-1.9978
CAACA	-1.29837	-1.76073	0.757577	-0.741645	1.50736	0.186704
GAACA	-1.38352	-0.22033	2.84348	-0.210328	-1.07252	0.0418761
UAACA	-0.341314	-1.19313	-0.62546	-0.621323	1.36141	-0.26176
ACACA	1.68759	-0.644748	0.1757	-1.27423	1.50267	2.40469
CCACA	0.632318	0.44309	0.0262682	0.0361782	0.663183	-0.860063
GCACA	-1.60014	-0.975895	1.35051	-0.78635	-0.400384	0.354919
UCACA	-0.115732	0.139991	-0.263321	1.29464	1.00381	0.306953
AGACA	-0.887749	0.909022	-1.25046	1.43729	0.405467	-2.94955
CGACA	-4.9464	-0.4938	1.79962	-1.7913	-0.727158	-0.357473
GGACA	0.863662	2.16899	-0.566759	0.159715	-2.65822	-1.2156
UGACA	-4.14951	0.362502	-2.71057	-0.161972	-0.310484	-0.454743
AUACA	1.06554	-0.196173	1.35582	3.98822	0.324523	-1.24062
CUACA	-2.43745	-1.25791	4.92058	-1.0717	0.387382	2.09305
GUACA	-2.09768	0.364018	0.652407	-0.694648	-1.23415	-0.606138
UUACA	-6.38352	0.023296	-0.76515	-3.33935	-1.55463	-2.26154
AACCA	-0.134961	1.7372	0.491185	-1.39595	1.89676	0.0402828
CACCA	-0.855622	0.412709	-2.67978	-1.55754	0.381109	0.167162
GACCA	-1.78276	-0.560473	1.24252	1.62271	-1.64073	0.302394
UACCA	-2.32121	-1.53353	4.26693	-0.0251764	-0.720389	0.322652
ACCCA	1.90594	-0.734817	0.440214	-0.563699	0.0259096	-0.162496
CCCCA	-4.90796	-1.24129	-1.39756	1.29172	-0.934976	0.778519
GCCCA	-0.36712	-0.51562	-0.524428	-2.821	0.200569	1.37703
UCCCA	-3.09233	-0.720156	0.000750998	1.23701	0.955413	-1.89896
AGCCA	0.374615	-1.08085	3.16628	1.64074	0.893702	-0.202473
CGCCA	1.0686	0.719689	-0.887986	-1.10787	0.27587	0.113096
GGCCA	0.160828	0.0670036	0.282992	0.169189	0.100193	-0.346357
UGCCA	-3.55238	-0.414831	0.93598	-2.87255	0.339524	0.877943
AUCCA	-1.67693	0.386113	-1.04285	-0.213333	-1.21751	-0.0558834
CUCCA	1.65737	0.918453	-2.24465	-0.386667	1.77836	-0.387398
GUCCA	1.40314	-1.10592	-0.41771	-0.044538	-0.323032	-0.0909185
UUCCA	0.546776	-0.44776	-1.643	0.490639	0.923775	-0.106921
AAGCA	3.11258	-0.0813661	1.95241	1.13878	-0.497363	0.748223
CAGCA	2.58841	0.88089	-0.411061	1.14256	1.32463	-1.13083
GAGCA	-1.14101	0.75827	-2.52667	-2.29088	2.66991	2.33126
UAGCA	-0.105378	-1.13129	0.145611	1.12201	0.109953	-0.211622
ACGCA	1.49219	-1.04406	-0.453826	-0.352256	-0.343333	-0.104961
CCGCA	0.286807	0.244204	-0.342055	0.492493	-0.53245	-0.10512
GCGCA	-1.02021	0.408185	0.535754	0.694348	-1.33348	0.151887
UCGCA	1.20967	-0.938224	-0.367353	-0.242377	-0.197018	-0.299738
AGGCA	-1.08101	-0.95999	1.03081	1.60072	0.638396	-0.431998
CGGCA	-4.62832	-0.623714	-1.29748	0.525627	3.17769	2.03913
GGGCA	-0.970053	0.450472	-1.60638	-1.84968	2.54174	1.36734
UGGCA	-1.35748	0.654212	-0.160144	-0.692729	-1.42625	-1.28504
AUGCA	-0.106211	-0.129357	-1.43061	0.444594	-0.621801	1.13404
CUGCA	0.652677	0.340276	0.603574	-0.214364	1.25809	-0.507386
GUGCA	0.358211	-0.189062	-0.690439	0.328812	-1.79121	0.749002
UUGCA	1.76015	0.568643	-0.7588	-1.31779	-0.26452	0.349015
AAUCA	3.36317	1.57758	-0.0285776	0.0909722	-1.43249	-0.0082728
CAUCA	0.445441	-2.17665	1.72776	-1.31532	0.931077	-0.075941
GAUCA	0.612775	-0.462565	2.41184	-0.818452	-0.648408	0.10668
UAUCA	1.25401	-0.35117	-0.22602	-0.504506	-0.533226	-0.15864
ACUCA	-1.1484	-1.13921	-0.275928	1.30298	0.822902	1.90568
CCUCA	2.76918	1.3903	1.667	-0.136223	-0.302526	-0.249037
GCUCA	1.14851	-1.02015	-0.453091	-0.450406	-0.0624569	-0.0394016
UCUCA	1.66664	0.187165	-1.50077	1.01741	0.0575791	-0.659043
AGUCA	-1.39778	-1.60968	5.78152	-0.278151	3.39821	1.55503
CGUCA	1.37545	-0.400169	-0.331183	0.14412	-0.418211	0.128994
GGUCA	-7.80708	-1.8541	-0.51359	2.40007	1.12105	2.31268
UGUCA	0.550045	-0.156285	-0.468521	-0.305946	0.0775655	-0.0241915
AUUCA	-2.21337	0.64157	-0.973972	-4.18771	1.5049	0.494649
CUUCA	0.351642	0.990133	-0.686844	-2.49422	1.37054	2.2338
GUUCA	0.479253	-0.405994	2.28127	0.0761211	-1.13794	-0.11519
UUUCA	-2.46811	-0.315131	0.241092	-1.10674	-0.94111	1.99729
AAAGA	0.830582	-0.991832	-0.694154	1.04296	-0.715343	-0.320632
CAAGA	0.417009	-1.25287	0.854354	-0.225463	0.132777	-0.0488275
GAAGA	-1.68681	-0.039124	3.41234	-2.62527	-2.26234	-0.449327
UAAGA	-0.337891	-0.502669	0.112192	-1.61947	3.78822	0.944882
ACAGA	-0.0417241	-0.340446	0.129938	4.40454	-0.664388	2.78156
CCAGA	0.946894	0.0324489	-0.374474	-0.356571	-0.764247	-0.153383
GCAGA	2.28206	-1.01208	-0.223466	-0.322498	-0.52031	-0.0564663
UCAGA	2.12863	-0.963911	-0.0861213	-0.0690981	-0.272435	0.0796219
AGAGA	-0.210051	0.487469	0.711667	-2.46388	-0.670081	-0.842651
CGAGA	1.40505	-0.814114	-0.665678	-0.545812	-0.3238	-0.0377993
GGAGA	-0.260474	-0.514174	0.410436	1.73465	0.616743	-0.444579
UGAGA	-0.0373082	-0.341515	-0.482901	0.678328	-0.238827	-0.0481232
AUAGA	0.771518	-1.15493	0.0716374	1.20786	-0.858094	-0.426279
CUAGA	-1.47786	-0.770965	0.800209	-0.931396	2.08425	-0.267646
GUAGA	-0.877163	-0.888085	0.933582	-1.7267	-0.48846	-0.455055
UUAGA	0.91588	-0.925424	-0.462893	-0.563688	0.253826	0.0842535
AACGA	-0.591586	0.475341	-1.69798	-0.74683	0.800567	-1.08578
CACGA	0.420144	-0.717876	0.0878023	-0.0311924	-0.0480364	0.0196573
GACGA	0.632683	-0.208185	-0.303588	-0.200842	-0.144046	0.0458764
UACGA	-3.36786	0.842861	-1.98751	-0.0688894	1.35133	-0.246671
ACCGA	1.46065	-0.830176	-0.554803	-0.454915	-0.347216	-0.0425792
CCCGA	-2.29957	0.159183	-0.0976601	1.76021	-1.88602	0.844458
GCCGA	0.902155	0.00527083	-1.03479	0.0191528	-0.604411	0.258518
UCCGA	-0.494498	0.071375	0.253021	0.578141	-0.299433	-0.0732297
AGCGA	-0.327687	0.430883	-0.540193	-2.01185	1.2765	-0.261437
CGCGA	0.914168	-0.613742	-0.947938	0.0412837	0.213891	-0.0227959
GGCGA	-1.16369	-1.27079	-0.604745	1.21813	-0.378397	-0.130419
UGCGA	0.204688	0.349386	0.505428	-0.945673	0.0834082	-0.116325
AUCGA	-2.48715	0.150046	0.670336	0.29431	-1.84962	-0.730739
CUCGA	1.58613	-1.02339	-0.446044	-0.547837	-0.254401	-0.228434
GUCGA	0.670467	-0.43453	-0.417935	0.0661056	-0.0418746	-0.00247343
UUCGA	0.50204	-1.04821	0.00683622	-0.561635	-0.18862	0.530907
AAGGA	3.42357	0.526795	-1.18332	-0.197298	-1.03728	2.5882
CAGGA	0.95309	-0.700831	-0.690743	-0.148246	0.286967	-0.163123
GAGGA	10.6572	-0.527716	1.14503	-1.21963	-0.676312	-0.0382307
UAGGA	0.896974	-0.355294	-0.563038	-0.234505	-0.147881	-0.117774
ACGGA	-3.61366	-0.542357	-0.653646	-1.90767	-0.388261	-0.385412
CCGGA	-1.00669	0.0920067	0.795419	-0.976977	0.656295	-1.23951
GCGGA	0.903682	-0.722149	-0.0996907	-0.322999	0.0176052	-0.0584362
UCGGA	0.55408	-0.842974	-0.375769	-0.0682488	0.198367	-0.0378231
AGGGA	0.189192	0.935891	-1.19953	1.2855	-1.82837	-1.84084
CGGGA	1.70297	-0.706193	-0.182276	-0.324974	-0.180354	0.0245288
GGGGA	3.57646	2.87428	-0.993982	0.103098	0.239371	0.0317318
UGGGA	-1.27494	-0.742839	1.15209	1.19576	0.493338	-0.166677
AUGGA	-1.06793	-0.0286224	4.23048	0.297108	1.09344	0.115666
CUGGA	1.77331	0.912054	-0.0871123	0.794222	0.0471835	0.724689
GUGGA	-0.658709	-0.324022	1.99758	-0.464698	2.72012	0.736353
UUGGA	-0.851689	-0.499064	0.644142	1.07456	0.658891	1.39096
AAUGA	-6.63558	-1.53985	-0.847601	-0.215378	-0.30118	4.27659
CAUGA	1.2615	-0.940051	-0.513894	-0.297401	-0.0910982	-0.159324
GAUGA	-3.25213	-1.59394	0.125581	0.895346	3.18599	0.0397939
UAUGA	-5.49482	-2.29978	0.719578	-1.33426	2.20371	-0.198436
ACUGA	1.0572	1.76915	-1.50379	1.73938	0.843793	0.85713
CCUGA	0.931274	0.331912	-0.79235	-0.0669064	0.617646	-0.810732
GCUGA	2.10122	0.106272	0.331488	1.74442	0.0125341	0.00656017
UCUGA	0.310468	-1.62957	0.934548	-0.449738	-0.150095	-0.122322
AGUGA	0.260329	-0.190908	-0.268591	-0.252922	0.223066	-0.122948
CGUGA	-0.000967799	0.781542	-1.73679	-1.27047	-2.34304	-0.401223
GGUGA	2.16912	1.12622	-1.08763	0.470509	-0.235872	-1.31006
UGUGA	-1.7911	-0.935886	0.586874	1.18102	0.259458	0.00721043
AUUGA	1.60733	-1.18116	-0.504088	-0.620377	-0.398843	0.0429416
CUUGA	0.0676078	0.989469	-0.941212	-0.301948	3.25921	-0.417973
GUUGA	0.872334	-0.724674	2.60943	1.87932	-1.45005	0.548611
UUUGA	-3.16849	-1.60125	0.341032	0.736809	1.57378	1.63812
AAAUA	1.55311	0.301203	0.936752	2.08096	2.62665	1.82013
CAAUA	0.928274	-0.736772	-0.589554	0.782743	-1.03161	-0.148578
GAAUA	-1.68616	-0.678557	2.00568	1.34259	-1.06097	-0.189031
UAAUA	3.57604	2.46936	-0.320921	-0.591328	-0.962367	0.847452
ACAUA	-1.29389	0.52405	-0.640712	-1.07427	-0.640222	1.45476
CCAUA	-0.918753	-1.4443	0.550781	-0.254493	-0.120131	0.158538
GCAUA	1.06303	-0.0087953	0.193255	-0.842519	-0.448233	-0.351535
UCAUA	0.928572	-0.0938218	3.92755	1.72756	-1.78875	1.58029
AGAUA	0.608478	1.85661	-1.0546	-0.20377	-0.412309	-0.0129101
CGAUA	0.251502	-1.06902	0.766625	-0.0868579	-0.307198	-0.242585
GGAUA	-2.53117	-1.45437	-1.16036	2.41628	0.293822	-0.45424
UGAUA	-0.48925	0.488153	-0.287962	-0.989349	0.410506	-0.917976
AUAUA	-0.25709	-0.111022	-0.74446	2.18922	-0.606865	-0.170934
CUAUA	0.919155	-1.29085	-0.581889	0.0276935	0.318823	-0.100845
GUAUA	1.39925	-1.21678	-0.0386521	-0.495492	-0.423199	0.124728
UUAUA	-0.927044	0.120832	-0.778425	-0.594663	0.570848	-1.19518
AACUA	2.62323	1.52302	-1.05673	-1.76827	1.32417	1.25965
CACUA	-2.30211	-0.178982	0.861603	0.387631	-1.9552	-3.47114
GACUA	-4.48892	-0.725878	-0.678356	0.944404	-0.918384	-0.12594
UACUA	-1.16633	0.215498	2.73735	0.703576	-2.53124	-1.60764
ACCUA	0.417631	-0.480671	-0.496226	-0.20725	0.000956192	0.618796
CCCUA	0.470503	-0.517219	-1.24625	0.885351	-0.274373	0.925816
GCCUA	1.39383	1.76325	-1.60017	1.29411	-0.28052	-0.209662
UCCUA	-2.23602	-0.579902	-2.14265	0.921381	1.19714	-0.091074
AGCUA	-3.93417	-1.02471	0.533331	-0.11554	0.612032	0.697269
CGCUA	-0.166424	0.108047	-0.0955487	0.0849201	0.0233366	0.164783
GGCUA	0.927594	-1.15549	0.103937	-0.133921	-0.0790486	-0.158348
UGCUA	1.75596	-1.0511	-1.02219	-0.48521	-0.0463895	-0.0467523
AUCUA	1.26424	1.03463	0.357079	-0.118691	0.455227	0.754
CUCUA	-3.89998	-0.224285	-0.332933	0.703932	0.308926	-2.2347
GUCUA	1.26683	-0.958758	-0.688103	-0.285291	-0.104944	0.0763108
UUCUA	-1.77001	-0.185945	1.08547	-0.0555565	-0.441796	-0.299832
AAGUA	0.0723111	-0.00721593	-0.452696	0.0866622	0.23751	0.0840415
CAGUA	1.45025	-1.2504	-0.683888	-0.363896	-0.0540971	-0.0700058
GAGUA	1.17796	-0.330156	0.167624	0.205075	-0.565507	0.493547
UAGUA	8.87227	0.417036	-0.579924	-1.40603	1.30465	0.518249
ACGUA	1.59716	-1.01772	-0.383765	-0.342364	-0.641929	-0.0238255
CCGUA	1.84189	2.24478	0.689329	0.214172	0.301956	0.673025
GCGUA	-0.10198	-0.626254	-0.326452	0.432962	1.05379	-0.0230849
UCGUA	-0.110836	-0.153909	-0.0599454	-0.229605	0.419208	0.14026
AGGUA	4.0857	1.6038	0.659175	-1.36772	0.041986	-0.0619521
CGGUA	-0.265024	-0.0287985	0.182265	-0.222892	0.144119	0.0233854
GGGUA	-1.77972	-0.835293	0.0032665	3.19602	-0.169586	-1.54797
UGGUA	-1.86896	0.192196	-2.37381	-1.81098	-0.444563	1.76893
AUGUA	-4.63616	-0.950122	0.930462	0.704802	-1.98812	0.562617
CUGUA	-0.539897	0.158652	-0.777383	0.438909	0.386088	1.29078
GUGUA	-0.346117	0.400637	1.94016	-0.265469	-1.01318	-0.150276
UUGUA	0.299185	2.4497	-2.48353	1.50981	2.77052	0.721543
AAUUA	-0.390155	-0.366493	-0.865591	0.568047	2.58027	2.8532
CAUUA	0.308809	0.029315	0.793593	1.59039	0.288145	0.0988138
GAUUA	-1.35952	-0.328967	-0.982921	0.107961	1.66045	-0.872892
UAUUA	-0.915407	0.65226	6.12382	-2.89264	-0.532159	-0.785298
ACUUA	-1.5983	-0.0022614	2.55755	-0.601605	-1.70518	0.722596
CCUUA	-2.13014	-0.743973	-2.7443	1.07355	1.3643	0.560682
GCUUA	1.98139	-0.176657	3.27704	-0.391251	0.236285	-0.0864319
UCUUA	0.541472	0.370561	0.734885	-0.800593	-0.551367	1.26795
AGUUA	2.91663	1.54203	0.025565	-0.197224	1.90773	-0.568087
CGUUA	-1.96078	0.0788281	0.0712554	-0.41048	0.867711	1.26848
GGUUA	1.10477	-0.734443	-0.571092	-0.319412	-0.0441401	-0.00152421
UGUUA	-1.38216	-1.95892	2.59414	4.33392	1.05771	-1.02106
AUUUA	1.18156	0.0592841	1.66458	2.00764	0.579931	-2.18939
CUUUA	1.12897	0.391765	-0.0169238	-0.785636	1.45014	-0.486881
GUUUA	0.400927	0.438133	-1.11885	0.46344	-1.54117	0.234204
UUUUA	-2.88087	0.268101	0.0764396	0.201325	-0.0525611	0.566487
AAAAC	-1.02457	-0.0470189	0.0107083	-0.883062	-1.26367	-0.819252
CAAAC	-1.12388	0.973314	3.77814	-0.173725	-1.59053	-0.194764
GAAAC	0.810084	0.306582	-0.833888	-0.525391	0.356925	0.0241234
UAAAC	1.20748	0.952991	-2.59512	-1.05689	3.56213	-0.75004
ACAAC	-1.15824	-1.42578	-0.750142	1.03428	2.03424	-3.26816
CCAAC	2.95689	0.0393715	0.586157	-1.0409	1.63413	1.10504
GCAAC	-1.42992	0.371179	0.490742	0.551176	-1.98681	-0.929312
UCAAC	0.278732	-0.0183488	-0.354501	-0.107162	-0.229727	0.0825397
AGAAC	-2.76288	-0.337963	-2.00301	0.12067	1.60536	0.720354
CGAAC	0.910503	-0.351397	-0.540808	-0.264605	-0.454955	-0.0113676
GGAAC	-0.392057	-0.1797	0.402042	1.20792	0.130982	-0.887449
UGAAC	0.197575	0.817171	-0.610128	-1.38697	0.103618	-0.911789
AUAAC	0.519351	-0.389433	-1.31494	1.37677	1.19985	1.23758
CUAAC	-2.32145	-0.167601	1.74783	-1.44715	-2.83239	-0.32314
GUAAC	1.66765	-0.951201	-0.85223	-0.16986	-0.498673	-0.233757
UUAAC	-1.83455	-1.73263	2.47659	1.91476	0.193644	-0.014992
AACAC	-3.29725	0.0332266	0.317347	-1.26057	-0.817476	-1.06243
CACAC	2.11308	0.292061	-1.62049	-1.55026	3.09243	1.95392
GACAC	0.279458	-1.70241	1.04976	1.63432	-0.147936	-0.723176
UACAC	-4.28345	0.0949256	-0.585544	-0.134827	0.0253236	1.03927
ACCAC	5.89704	-1.33204	-0.645385	2.14904	3.36292	0.643506
CCCAC	-0.634769	-0.0788081	0.507588	0.584903	0.56641	0.530491
GCCAC	-0.58362	-0.0428573	0.376414	-0.791185	0.38506	0.556436
UCCAC	1.84325	-0.325834	-0.692669	-0.739338	-0.711146	-0.458043
AGCAC	1.83114	-1.4351	-0.339562	-0.280199	-0.429586	-0.123292
CGCAC	0.0127232	-1.13754	0.903109	0.557511	-0.641797	-0.0872726
GGCAC	0.48381	-0.257854	-0.460826	3.59928	0.741642	1.17599
UGCAC	-0.346226	1.11922	-2.43695	-0.490642	2.35953	0.694968
AUCAC	0.725581	0.685549	0.743068	-1.82336	-0.297755	0.188827
CUCAC	1.24785	0.520111	-1.10246	-1.02623	-0.687637	0.121357
GUCAC	1.83077	-1.31497	-0.432505	-0.113443	-0.254188	-0.274409
UUCAC	1.1631	-1.07402	-0.2505	-0.440509	-0.16046	-0.146714
AAGAC	1.55053	-0.341378	-1.01347	0.634075	3.22108	0.227616
CAGAC	-0.292615	1.02582	-4.56126	0.564216	-1.54881	-0.537849
GAGAC	1.17361	0.280395	-0.284813	-0.316612	-0.830038	-0.660342
UAGAC	-3.64029	-1.79482	2.12901	0.236538	1.20688	0.477609
ACGAC	-5.05406	-0.271433	-1.2395	-0.150218	2.41354	0.793604
CCGAC	1.57711	-0.83982	-0.856193	-0.497957	-0.917795	-0.241728
GCGAC	0.510823	0.320536	-0.284884	-0.407648	-0.0232639	0.0234606
UCGAC	-1.09801	-0.588805	-0.0423531	2.27818	-0.537714	0.0105059
AGGAC	-1.66971	1.06755	0.402339	-0.700343	-2.80975	-0.831367
CGGAC	-0.388395	0.577194	-0.189418	-0.73729	0.0283609	-0.168088
GGGAC	-2.42483	0.371823	-1.3581	-1.14867	5.11395	1.45432
UGGAC	2.09752	1.27969	-1.76177	-0.434903	2.07101	-1.14966
AUGAC	3.82495	1.98653	1.85063	1.32219	-0.495763	0.805363
CUGAC	1.20237	1.17877	-0.33667	0.541335	-1.13497	-2.26507
GUGAC	0.968443	0.264674	1.19333	-0.752851	-1.04229	-1.33998
UUGAC	0.957543	-0.121179	-1.03426	-0.228888	0.0208896	-0.14434
AAUAC	-1.31583	0.577288	-0.759813	-0.541358	-0.00223796	1.84881
CAUAC	-2.15136	-0.578931	-1.87931	2.91954	-0.604835	-0.0165008
GAUAC	-1.14863	1.40697	-1.13479	0.0384107	-2.63677	-0.823281
UAUAC	-0.153391	-0.0930089	0.486388	2.37639	-0.930421	-1.94206
ACUAC	1.57744	-0.555763	-0.755961	0.523188	0.0352272	-0.244447
CCUAC	-0.538238	1.17142	-1.23837	-0.866498	-1.20079	1.65468
GCUAC	-2.85411	-0.113011	0.501126	-1.80466	1.70858	1.62206
UCUAC	0.52352	0.402025	0.138616	-0.224866	-0.793761	-0.273511
AGUAC	0.513351	0.539777	1.39884	-0.749344	-0.654849	0.462759
CGUAC	-1.23674	0.878929	-0.927294	0.77437	-0.276782	0.595575
GGUAC	-1.92809	0.420023	0.50481	-1.45081	0.704415	-0.544118
UGUAC	-2.43283	-2.02303	0.752441	-1.50744	-2.04177	-0.24411
AUUAC	0.738871	0.376823	-0.158369	0.859962	0.207595	-0.951305
CUUAC	-1.60802	0.489032	-2.93561	-2.03077	4.04427	2.04654
GUUAC	0.137128	1.33153	-3.1909	0.500783	-0.493938	1.38682
UUUAC	-1.08471	0.056867	-0.268	1.41541	0.521998	-1.0193
AAACC	-1.53926	-1.1312	-1.20058	1.04576	1.80917	-0.829798
CAACC	1.05601	-0.175001	-0.0773507	-1.80449	0.886747	0.0662486
GAACC	-0.391771	0.634576	-1.05418	-1.53044	-0.315987	0.0198617
UAACC	1.70165	-0.850895	-0.639892	0.0364765	-0.89102	-0.199258
ACACC	2.57961	0.526835	-0.761638	-0.134166	0.766045	-0.26788
CCACC	1.90483	-1.59014	-0.678437	3.10135	3.94714	0.808999
GCACC	-1.07784	1.22059	-0.111697	-1.46931	-1.62482	1.90278
UCACC	0.338908	1.2834	-1.6044	-1.86416	-0.366402	2.10472
AGACC	-0.727203	-0.0692881	0.121955	0.452929	0.654763	1.38748
CGACC	0.430202	0.647307	-1.25212	0.0708616	0.302402	0.113847
GGACC	0.7216	-1.09065	1.08002	2.84822	0.659903	-0.249216
UGACC	-1.0333	-0.103178	-1.34628	0.756997	2.25443	-0.130099
AUACC	-1.90057	-1.00901	0.0315916	0.705764	1.04789	0.96079
CUACC	0.872093	1.00695	-1.08141	-0.186975	-0.725744	0.575751
GUACC	-4.68692	0.402333	-3.43067	-1.06219	-1.21498	-0.808779
UUACC	-0.740312	-0.349377	0.410145	0.0743303	0.420759	1.15804
AACCC	1.39413	0.334957	1.48267	-1.48913	0.0789909	-0.0949871
CACCC	7.22218	-0.545881	2.02829	0.140269	2.6567	0.850115
GACCC	1.36322	-1.14054	-0.530596	0.0976732	-0.416292	0.0356031
UACCC	-0.635789	-0.0121414	-1.59311	2.30263	-0.970182	-1.33404
ACCCC	-5.11125	-2.99963	0.345462	1.36174	-1.43846	1.16453
CCCCC	0.802177	0.0377759	1.2028	1.29377	-0.160429	0.220563
GCCCC	0.138339	-1.41943	-0.123736	0.592413	-0.167094	0.267154
UCCCC	-0.480415	1.08723	-0.569226	2.0781	-1.49684	-1.23881
AGCCC	0.323917	1.60784	-1.11713	-1.26403	0.713426	0.788167
CGCCC	-2.18377	0.249205	0.625785	-1.04321	0.0138972	0.508906
GGCCC	-3.7173	-0.423074	1.52637	0.111276	0.958605	1.9392
UGCCC	0.201903	-0.185092	1.70681	1.9631	0.766148	-0.028446
AUCCC	1.28516	-0.719849	-0.739017	0.373561	-0.591505	-0.337577
CUCCC	-2.03999	-1.47294	-0.251902	2.69687	-0.718178	0.192015
GUCCC	1.27041	-1.12149	-0.367524	-0.473825	-0.0863649	-0.0328439
UUCCC	3.59223	-1.31417	0.413299	3.09553	0.342008	2.08055
AAGCC	-0.497451	0.256495	0.788884	-0.254594	-0.480084	2.50805
CAGCC	-1.31376	0.308262	-0.962545	-0.41787	-1.50169	0.861855
GAGCC	-1.41303	0.677437	-1.36027	0.186569	0.0996438	-0.990876
UAGCC	-1.48675	-0.45681	0.4959	1.47928	-0.0968291	-0.131878
ACGCC	-1.08616	-0.917587	-1.01137	1.71983	0.130681	-0.217388
CCGCC	-1.57432	-0.087924	-0.320026	-0.0134962	1.76229	0.0235215
GCGCC	1.21825	0.203181	0.838333	-0.787923	-0.100963	0.0751139
UCGCC	-0.318211	0.0686305	0.513117	-0.496861	2.3359	0.292033
AGGCC	1.19154	-0.259017	-0.290229	0.00391395	0.0436981	-0.0414955
CGGCC	-0.536587	0.447262	0.0715265	-1.60425	-0.42481	0.0429774
GGGCC	0.349853	1.86864	0.0293508	0.100143	-0.158866	0.0446137
UGGCC	-0.460204	-0.998798	-0.0353246	1.9552	-0.315426	-0.481864
AUGCC	-0.182137	-0.180965	-0.0776657	-0.0957967	0.318827	0.200365
CUGCC	-0.770132	0.38164	0.471441	-1.36391	1.57026	1.25749
GUGCC	-1.41431	-0.129252	-0.690012	1.4421	1.73039	0.676706
UUGCC	-1.75273	1.27605	-1.89773	-0.858087	-1.51329	-0.397433
AAUCC	-1.12107	-0.396944	-0.801995	1.5464	-0.291923	-0.280183
CAUCC	6.22882	0.931047	-0.967809	-1.78295	0.795092	1.68452
GAUCC	0.419953	-0.279411	-0.527774	0.167966	-0.125578	0.420528
UAUCC	-0.494051	1.23936	-3.36766	-1.09175	-1.31115	-0.43181
ACUCC	-0.784594	-0.918176	1.66721	0.67347	-0.980107	-1.05888
CCUCC	0.431006	0.342414	-0.191284	0.229568	-0.370336	-0.702304
GCUCC	-0.462829	0.171179	0.249436	0.928725	-1.05264	0.575971
UCUCC	-0.275691	0.417092	0.125401	0.831279	-0.423872	-2.68485
AGUCC	1.09927	-1.09503	0.0690095	-0.416991	-0.221148	-0.0646323
CGUCC	0.983802	-0.280378	2.80221	-0.054139	-0.191503	-0.0487855
GGUCC	0.905059	0.160024	-0.173486	3.15889	0.670683	-0.726121
UGUCC	-3.72776	0.49975	-2.87409	-2.38992	-1.22038	-0.897247
AUUCC	0.826967	0.0502834	-0.65443	-0.858981	-0.385756	0.528456
CUUCC	0.0568396	1.1803	-2.0164	3.03086	-3.38311	0.899028
GUUCC	0.0032851	-1.16343	-0.425953	0.552955	0.827393	-0.322618
UUUCC	1.95635	1.21999	1.1444	1.02826	-1.07219	1.34939
AAAGC	1.59077	0.568994	1.53484	-0.0707478	-2.4416	0.541869
CAAGC	0.597315	-1.36243	0.399267	-0.282847	0.00853193	0.337063
GAAGC	1.95849	-0.716861	-0.491057	-0.501666	0.403599	-0.0126457
UAAGC	-1.66327	-1.22566	1.16377	0.278741	-0.609879	0.603192
ACAGC	1.77218	0.0990012	-0.639208	0.152792	-1.5164	-1.4583
CCAGC	1.10915	-0.079362	0.439551	1.45901	0.310817	-0.530546
GCAGC	8.42334	0.764818	-0.699692	0.283755	0.487081	0.146946
UCAGC	-2.90695	-1.81153	1.46056	-0.414779	-0.003122	0.528323
AGAGC	-2.33732	-1.55497	4.9655	0.988968	0.381925	1.0432
CGAGC	-6.41114	0.055099	0.409752	-1.46187	-3.82844	1.68741
GGAGC	3.97349	1.01278	-0.467427	-0.673758	-0.714578	-0.081654
UGAGC	7.04098	2.42127	-1.39684	-0.587416	0.82969	0.18426
AUAGC	-1.00955	0.456359	0.76339	0.0988857	1.56727	-0.409208
CUAGC	-2.0718	-0.299537	1.26178	1.66155	-0.825197	-1.00644
GUAGC	-0.630401	-0.201847	0.313971	0.151316	0.00881772	0.576509
UUAGC	0.677307	-0.306913	1.56648	1.32047	-0.181038	-0.486147
AACGC	2.00137	-0.546874	-0.723354	-0.680201	-0.230091	-0.114711
CACGC	0.671729	-0.591608	0.0758699	-0.32947	-0.399899	-0.0492407
GACGC	-2.57071	-0.696978	0.0814731	1.79682	1.83393	-0.35009
UACGC	1.21251	-1.20791	-0.0964471	-0.338139	-0.350721	-0.0249511
ACCGC	-2.67524	-0.52929	0.000948985	1.97338	-0.91573	-0.409943
CCCGC	0.906423	-1.11049	-0.0360155	-0.171844	-0.158226	0.0137813
GCCGC	3.31393	-0.227228	-0.211185	-0.416537	0.587263	-0.0449228
UCCGC	0.291153	-0.3551	-0.0288605	1.8134	-0.55823	0.734486
AGCGC	-0.286537	-1.15006	0.695058	1.17981	-0.160038	-0.0953522
CGCGC	-2.42295	0.0403408	1.49651	-0.894901	0.323917	0.298607
GGCGC	0.709995	-0.437447	-0.241908	-0.218998	-0.0693112	0.0842081
UGCGC	0.98829	-0.887338	-0.134826	-0.464496	0.080999	-0.0450843
AUCGC	0.626414	0.356629	-1.22973	-0.0247156	0.459326	-0.0321984
CUCGC	-2.68886	-0.0101878	-2.05281	1.07078	-0.427373	0.64546
GUCGC	0.464116	-1.29292	2.42134	-0.222443	-0.131592	0.0692431
UUCGC	-1.54033	-0.380003	1.16517	0.579434	0.947866	-0.0648468
AAGGC	0.517101	2.35368	-1.28261	-1.9677	-1.48371	-0.59833
CAGGC	1.32056	-1.4147	-0.575331	-0.142135	-0.141551	-0.0706434
GAGGC	0.0682529	0.389919	0.0694178	-0.497907	1.67985	0.806936
UAGGC	0.0673461	0.152856	0.288016	0.592552	-0.273897	-0.680902
ACGGC	-2.23727	0.0306204	0.403905	1.27094	-0.552794	1.64611
CCGGC	-1.56529	-0.130281	-1.39676	0.883116	0.974816	0.213827
GCGGC	4.42609	-0.88829	-0.0557889	-0.514548	-0.100207	0.143404
UCGGC	1.46218	-0.040168	0.577906	0.0398953	-0.895616	-0.485391
AGGGC	-2.2892	-0.607078	1.66012	0.882348	0.171195	2.01001
CGGGC	-0.559948	-0.264303	-0.874263	2.07824	-1.02434	-0.211087
GGGGC	4.54943	1.12383	0.332829	-0.105285	-0.0581456	0.0869421
UGGGC	1.64897	-0.102177	-0.811182	0.106667	0.43774	0.0596218
AUGGC	1.72928	-0.654176	0.531276	2.56891	1.40633	-0.222779
CUGGC	-1.86543	0.0877485	-0.147165	0.467242	1.64715	-2.10806
GUGGC	0.782245	0.189997	3.39464	1.19356	1.08255	0.492911
UUGGC	1.32676	-1.16861	-0.43552	-0.36307	-0.0911254	-0.0604782
AAUGC	0.795151	-0.830822	1.0395	-0.168722	-0.54796	0.0567734
CAUGC	-1.23176	0.811202	-2.83884	-1.36247	-1.198	2.24211
GAUGC	-3.4733	-1.15309	-0.611018	1.2568	1.14731	-0.0700443
UAUGC	-0.253452	0.471262	0.339797	-0.583656	-0.17208	1.18335
ACUGC	0.575334	-0.408519	0.258548	1.63804	-0.0596862	0.031524
CCUGC	2.02065	1.09218	-0.156633	-1.58789	-0.747748	-1.10223
GCUGC	0.811638	0.535558	-0.311004	-0.501214	-1.41488	-0.226941
UCUGC	-1.35129	-1.41523	-0.257906	2.26834	-0.556065	0.294105
AGUGC	-3.9084	-1.46117	1.91986	1.71928	-0.258322	2.45491
CGUGC	0.0638856	0.828114	2.05644	-0.338005	-1.85682	0.0820643
GGUGC	-1.13867	-0.040384	-2.49635	1.678	2.69038	1.01402
UGUGC	-0.530574	0.226619	-0.612238	0.831818	1.9122	-0.433492
AUUGC	1.78631	-0.490539	-0.624995	-0.00406318	-0.681691	-0.288606
CUUGC	1.27338	-0.783434	-0.777998	0.287271	-0.776486	-0.0439522
GUUGC	0.886323	-1.19658	0.313987	-0.526152	-0.0830141	-0.0491926
UUUGC	-3.57816	-0.191072	-0.962654	-0.751605	0.438212	0.517332
AAAUC	0.848288	2.1752	2.87822	-0.391908	-0.397667	0.0227021
CAAUC	0.398824	-0.118356	-0.42353	0.275552	-0.282256	-0.122928
GAAUC	0.104652	2.76342	-0.949915	0.699766	0.668133	0.691456
UAAUC	1.81936	-0.879728	-0.653155	-0.44935	-0.502613	-0.298193
ACAUC	3.41695	-1.21316	-0.244495	-0.367582	-0.711542	0.828029
CCAUC	-4.34964	0.400628	0.265972	-2.10915	-0.403101	-2.78894
GCAUC	-1.94199	-1.07485	0.660954	-0.0450324	1.3425	0.123402
UCAUC	0.0472597	1.66755	0.131726	-0.352041	1.78175	0.694527
AGAUC	-1.02059	-0.234679	0.481414	-0.26545	0.457354	1.59909
CGAUC	-5.73797	-0.730866	-2.69324	-0.0211535	1.87022	0.166692
GGAUC	-0.954559	-0.259202	-0.0125629	1.63613	-0.782312	1.45883
UGAUC	1.27072	-0.994699	0.0527492	-0.43859	-0.403752	-0.0788051
AUAUC	-2.30765	0.0993453	-2.25147	-1.19699	1.18554	1.3565
CUAUC	-2.47408	-0.188346	-0.441132	-0.0737003	0.748018	0.343021
GUAUC	-1.86884	0.554045	0.101693	-2.3817	1.52988	0.0952293
UUAUC	-0.770057	-0.639207	-0.166239	2.01551	0.0621298	-0.58447
AACUC	-0.232064	0.421987	2.38883	-2.07555	1.19109	0.0943275
CACUC	1.17947	0.420685	-1.49879	-0.650487	0.773456	0.572626
GACUC	0.290655	-0.0590324	-0.164006	0.715266	1.47555	-0.702192
UACUC	-1.73711	0.225083	-0.228739	-0.941023	-0.575606	1.08449
ACCUC	0.523536	-0.667296	0.478927	0.261806	0.586685	-0.30295
CCCUC	-0.805548	0.0268596	0.520593	1.4696	-1.81991	-0.183242
GCCUC	-0.480707	0.152541	0.468647	0.568528	-0.84411	-1.26515
UCCUC	2.18073	0.702565	1.64505	-1.34549	0.456674	-0.161066
AGCUC	-1.93486	1.04161	-1.44877	-1.58258	-1.64037	-1.63889
CGCUC	1.02767	-0.934961	-0.137139	-0.154119	-0.263136	-0.0305656
GGCUC	0.126154	0.0698442	1.37471	1.35587	0.300785	0.423147
UGCUC	-0.61656	-0.543895	0.812434	0.469189	-0.386073	0.0701346
AUCUC	0.435363	-0.988634	1.26072	-0.20459	0.00467298	0.255768
CUCUC	1.02553	1.23311	-0.776199	-4.08012	0.130791	-2.87316
GUCUC	1.65712	-1.67156	-0.590698	-0.350803	-0.227652	-0.0704015
UUCUC	2.06956	-0.928152	0.0279417	-0.409169	1.96657	-1.53662
AAGUC	0.686811	-1.11572	0.863745	-0.639347	-0.487852	0.0128353
CAGUC	0.382941	2.14704	0.139062	-2.63282	-1.18929	-1.05257
GAGUC	-1.74447	-0.778718	-0.203336	0.444662	1.65119	0.973639
UAGUC	-0.36101	-0.637914	-0.279418	2.43054	2.13183	1.79555
ACGUC	-4.201	-0.0611165	0.96651	-0.692035	-0.153132	-0.783875
CCGUC	2.76689	1.4346	-1.59958e-05	-1.5998	-0.7402	-0.943772
GCGUC	0.729281	-0.90967	-0.386891	0.135087	-0.13657	0.0462571
UCGUC	-1.66647	0.72551	-0.763939	-1.75555	0.261034	0.893508
AGGUC	2.24939	0.823759	-0.116896	-0.636985	0.128102	-0.862283
CGGUC	-4.07051	-0.331946	-1.59904	0.892215	1.68638	0.854577
GGGUC	-0.409933	0.746208	1.92152	0.0733578	-0.619313	-0.143937
UGGUC	0.95382	-1.00794	-0.177491	-0.159005	0.00820467	-0.00729604
AUGUC	1.28651	-0.32716	-0.733479	-0.646473	-0.357327	-0.0797803
CUGUC	0.0405613	1.00935	-1.71862	-0.27072	-2.25713	1.36415
GUGUC	-0.570126	-0.299581	-0.819592	1.29842	-0.600079	-0.342161
UUGUC	0.963002	0.302503	-0.413037	-1.19909	0.155563	0.0386835
AAUUC	0.657663	0.970208	1.00295	-0.283922	-1.14448	-1.77301
CAUUC	0.695473	0.503934	2.72431	-1.44322	-1.49938	1.60647
GAUUC	-3.67487	-1.64908	0.694987	0.378242	0.355944	-0.429375
UAUUC	-2.7559	-0.0372069	-0.0377192	-1.36775	0.97191	-1.25401
ACUUC	0.464157	-0.755793	-0.400546	0.772736	3.38264	1.00151
CCUUC	-0.788964	-0.0910339	0.255227	0.0508969	0.157208	0.305695
GCUUC	2.66225	-0.763843	-0.574114	-0.28005	0.0126874	-0.0311131
UCUUC	-1.48144	0.0172189	1.03992	-0.866459	-1.77538	-1.13877
AGUUC	0.992237	-0.935722	-0.0910133	-0.105969	-0.571625	-0.0205558
CGUUC	-1.6777	0.272725	-0.893483	1.27097	0.818253	-0.725288
GGUUC	1.65521	0.199067	-0.883915	0.667543	-0.227071	-0.146206
UGUUC	0.260278	-0.224409	-0.248325	-0.280269	0.387105	-0.17709
AUUUC	0.515487	0.0531762	-0.108301	0.835778	-0.178905	1.42926
CUUUC	-0.45572	2.03944	0.442368	-1.91096	-0.437382	2.33433
GUUUC	-0.241456	-0.664744	1.64333	-1.22252	0.964262	-1.60188
UUUUC	0.336092	0.289913	-0.202524	1.47904	0.116069	1.44862
AAAAG	-0.290563	-0.279355	0.121129	-0.289802	0.985877	1.27091
CAAAG	-1.0874	0.0894859	-1.46523	0.907523	-1.75924	-0.0639721
GAAAG	-3.19833	-0.192351	-0.992513	-0.682439	0.356676	4.17875
UAAAG	-1.50183	-0.564602	0.687611	1.31503	-0.909025	-0.596772
ACAAG	-6.04956	-2.65003	0.762998	0.574685	-0.0857579	3.79309
CCAAG	-1.86447	-0.558309	-0.042181	1.04569	-0.643351	2.26855
GCAAG	1.1452	0.636437	-0.950115	-1.64009	2.01883	3.07858
UCAAG	-0.987183	-0.324078	0.232396	0.751134	-0.639045	0.290252
AGAAG	-0.306186	0.509069	-2.25136	-1.27399	0.631449	0.319396
CGAAG	0.564857	0.263325	-0.152256	0.207211	-1.18975	-0.26755
GGAAG	2.40186	1.68964	0.160513	-2.78248	1.2298	0.31076
UGAAG	-1.09081	-0.00948882	3.06598	0.930966	0.314899	-2.822
AUAAG	-0.432568	-1.08957	1.60885	0.549822	0.674164	0.104764
CUAAG	-2.4501	-0.993595	-0.240421	1.65112	0.191485	3.64492
GUAAG	-0.113811	0.171571	-0.587429	-0.211321	0.335879	0.199868
UUAAG	0.998736	0.329088	0.868146	0.160839	-0.594849	-0.548461
AACAG	-5.18495	-0.750836	-1.03023	1.01697	-0.195087	0.0713851
CACAG	1.98431	2.40069	-0.793025	0.728127	1.61378	0.741335
GACAG	1.91134	0.633668	1.56427	-1.52622	-0.579391	-3.74945
UACAG	0.583913	0.154634	-0.575566	0.771563	-1.45594	-0.074564
ACCAG	-4.4762	-0.943763	-0.0187269	0.0218203	1.82169	0.278289
CCCAG	1.40191	1.4596	0.00316338	-1.82011	0.914314	-1.24642
GCCAG	0.0359618	0.233699	2.33305	0.491752	0.567749	-2.51999
UCCAG	-1.43191	-0.674048	-0.715402	2.04198	1.19435	0.783784
AGCAG	1.13031	1.62107	2.10996	-0.753536	-0.318106	0.460624
CGCAG	-2.0897	-0.288038	-0.575621	1.63402	-0.400966	0.242162
GGCAG	9.86214	2.26687	-0.303096	0.653038	0.332753	0.102981
UGCAG	0.553365	0.24029	0.301024	2.18409	1.63867	1.41604
AUCAG	0.486724	-0.72921	3.33677	0.175772	0.802703	0.441745
CUCAG	2.1449	2.75463	-0.299391	-3.26389	-0.345052	1.06965
GUCAG	-1.46836	-0.0414283	-1.45131	0.643245	-0.455423	0.411422
UUCAG	-0.57932	0.390063	-1.90115	2.55313	-1.18324	3.41862
AAGAG	2.59213	-0.304445	-0.730416	1.25632	1.04145	0.807774
CAGAG	-1.52811	0.783611	-2.16627	-1.02815	-2.24125	2.00884
GAGAG	2.23825	0.530655	-1.23165	-0.0131607	0.477034	-0.72993
UAGAG	0.0633768	0.995672	-1.0047	-1.04642	0.264129	-1.38457
ACGAG	0.686932	0.991249	-0.631355	-0.0799184	-0.537016	-1.19792
CCGAG	-6.23801	0.402727	-2.42817	-1.62571	-2.90188	-0.266326
GCGAG	5.96473	1.37384	-0.567157	0.43428	0.472814	0.0366617
UCGAG	-0.305571	0.88913	0.2227	-2.58313	0.605464	1.23971
AGGAG	0.588456	0.0626106	-0.995436	-0.343105	-0.0687726	0.10862
CGGAG	0.527683	0.387808	1.42693	0.997413	0.368048	-0.0346117
GGGAG	5.43826	1.07178	-0.855381	-0.597286	-0.962174	0.211865
UGGAG	5.83198	1.33529	-0.0967611	-0.573863	0.149125	0.126795
AUGAG	-0.924585	0.116679	-0.361382	1.68628	-1.69745	-0.523654
CUGAG	-0.0264902	0.800783	0.127003	-2.33218	1.04237	1.64715
GUGAG	-0.89534	-0.141823	0.923554	-0.827577	0.757645	0.0958191
UUGAG	-6.55461	-0.379906	-0.12115	-0.181259	-0.461004	3.97413
AAUAG	0.921929	0.667739	-0.817136	-0.923297	0.100631	-0.764622
CAUAG	1.35999	-1.11098	-0.547575	-0.123356	-0.327807	-0.151342
GAUAG	1.23161	-0.319908	1.88607	1.39927	0.280792	0.401611
UAUAG	-0.380389	0.0677237	0.351478	0.599896	-0.446336	-0.297138
ACUAG	0.863307	0.106319	0.984349	-1.34881	-0.566073	0.557508
CCUAG	-0.589217	0.0616077	-0.0347142	1.4746	-0.412005	-0.0054201
GCUAG	-0.0741125	0.44429	-0.851543	-0.325341	-0.208752	-0.115811
UCUAG	0.179892	-0.51862	-0.878392	2.59243	0.793938	-0.62434
AGUAG	1.8443	1.09556	-0.715251	-1.50561	1.97337	1.56317
CGUAG	0.533985	-0.589557	0.275944	-0.255104	-0.132483	0.0292238
GGUAG	-0.0689629	0.236281	0.390285	-1.53691	0.334127	-0.439129
UGUAG	-1.16543	-0.0482546	0.752801	2.90053	-1.9119	0.0386734
AUUAG	0.496109	0.252051	-1.04242	0.278986	-0.135031	0.622024
CUUAG	0.323465	0.0290603	2.0737	-1.90674	0.0413647	0.401539
GUUAG	-0.469035	-0.383758	0.25907	1.24761	0.569472	-0.750997
UUUAG	0.472078	3.57208	-1.27392	1.76739	0.441659	1.16005
AAACG	-5.56082	-1.30599	0.593561	3.40164	-0.878569	-1.08642
CAACG	0.675059	-0.444335	-0.349373	-0.401364	-0.282399	0.344224
GAACG	-0.778224	-0.368102	-0.1529	-0.240044	2.19278	0.151928
UAACG	0.970572	-1.00617	0.0318523	-0.257588	-0.160562	0.0118892
ACACG	-0.0401019	-0.84237	1.13817	1.04928	-1.08896	0.030073
CCACG	0.226661	-0.22886	-0.396725	0.15113	0.281143	0.48948
GCACG	-1.28524	-0.159361	-0.440623	1.29856	0.0207077	-0.265335
UCACG	0.745482	-0.669659	0.00290908	-0.370784	-0.175356	-0.0159165
AGACG	0.371787	-0.379871	-0.620755	0.43104	-0.120828	-0.212457
CGACG	-1.9032	0.614351	0.573183	-0.749459	-0.893087	-0.0699796
GGACG	0.252778	-0.0877807	0.935005	-0.76406	-0.02716	-0.236065
UGACG	-0.00600686	1.83291	-0.143854	0.866824	-1.02662	0.281358
AUACG	0.762697	0.254445	-1.26527	0.500388	-0.849981	-0.514751
CUACG	-2.53251	-1.44059	1.26081	-0.447914	1.20629	0.148021
GUACG	-4.35334	-0.04791	0.112051	1.1933	1.00318	-0.239734
UUACG	0.52207	0.112719	-1.58029	0.413549	0.636025	0.0546
AACCG	-0.340964	-0.745777	-0.986465	2.80335	3.12727	2.11752
CACCG	0.531458	-0.804798	-0.167953	-0.290415	0.165381	-0.0247919
GACCG	-1.47197	-0.390149	0.256041	1.33557	-1.07455	-0.19599
UACCG	0.202191	-0.24404	-0.686141	0.213182	0.443519	-0.111102
ACCCG	-2.41167	-0.435473	1.46345	1.23549	0.115758	-1.35982
CCCCG	1.21608	-1.37349	-0.208544	0.082982	-0.024166	0.00106567
GCCCG	0.816005	-0.953649	-0.333076	0.343989	0.445065	0.126444
UCCCG	1.06318	0.0576654	-0.159686	-0.489025	-0.217193	0.226774
AGCCG	0.935872	-0.336002	-0.111793	0.116268	-0.0148395	-0.13599
CGCCG	0.274165	1.74274	-1.68895	-1.37777	-0.395272	0.216236
GGCCG	0.00598142	0.565212	-1.4448	-0.342161	-1.0253	0.0151338
UGCCG	3.92207	1.2553	1.22198	0.224053	0.579739	0.00605081
AUCCG	-0.929125	0.210442	-1.3891	-0.627481	1.12979	1.40173
CUCCG	0.446421	-0.839325	1.49161	1.18504	0.0798298	-0.421325
GUCCG	1.44035	1.63892	0.690342	0.555223	0.37542	0.21901
UUCCG	-0.511338	0.828642	-0.330695	-0.0474428	0.429214	-0.283634
AAGCG	-2.38334	0.290461	-1.00238	-1.51465	1.23597	1.15422
CAGCG	3.01754	-0.634067	-0.223576	-0.103758	0.505798	0.0840333
GAGCG	-1.4377	-0.40589	0.539973	0.501554	0.249642	0.0464212
UAGCG	-3.01498	0.339301	-1.88587	-0.200179	-0.0522288	0.0301149
ACGCG	-3.36735	0.47889	-0.80081	-0.203437	-1.72145	0.133028
CCGCG	-1.25658	0.538572	1.43659	-1.52326	0.260387	0.101779
GCGCG	0.56047	-0.679899	-0.125042	0.0296966	-0.0924209	0.0405529
UCGCG	0.758345	1.69717	0.449939	0.300007	0.2584	0.0128196
AGGCG	0.843363	-0.9251	-0.432905	-0.166906	-0.0426239	-0.0266868
CGGCG	-1.02552	0.261262	1.24786	-1.99125	-0.0762658	-0.0467616
GGGCG	-0.22079	1.01114	-2.30721	-0.27359	-0.0711864	-0.135617
UGGCG	-1.6709	0.48469	0.389163	0.13634	1.85521	-0.531746
AUGCG	1.15563	-0.950576	-0.188749	-0.359898	-0.253856	-0.0572276
CUGCG	0.249552	-0.323795	0.401475	-0.333346	0.0992174	0.154044
GUGCG	-0.228346	-0.335881	-0.438553	-0.537014	1.15655	0.10742
UUGCG	-0.0334325	0.702879	0.346355	1.15999	-0.499724	-0.541412
AAUCG	-5.09767	0.107934	0.902139	-1.40198	-0.52763	0.0319556
CAUCG	-4.28674	0.100272	-0.420975	0.664537	-1.67519	-0.0340035
GAUCG	-1.1863	1.13605	-0.995183	0.490484	0.0909547	-0.259679
UAUCG	-0.458862	-1.09121	1.04621	-0.169128	0.583351	0.32406
ACUCG	-2.63005	-0.852099	0.970184	1.39575	-0.0617612	0.934837
CCUCG	1.10808	-0.839723	0.0357994	0.0104844	-0.453606	-0.247247
GCUCG	-2.52106	0.283142	1.83934	-1.79178	-0.538544	-0.30778
UCUCG	-2.29374	0.270371	-1.7907	-0.560321	1.00814	-0.587332
AGUCG	-1.96127	-0.578509	-0.43914	2.12695	1.62537	-0.0287611
CGUCG	1.12076	-0.875478	-0.79156	-0.339836	-0.007019	0.0815653
GGUCG	-0.640485	-0.504165	-1.16094	0.77461	1.35112	0.0120836
UGUCG	-2.76314	-1.12399	-0.818084	2.21097	-1.12591	0.148146
AUUCG	-0.989508	-1.18023	1.6117	-0.112383	0.330541	-0.480219
CUUCG	-1.10938	1.21517	-0.100252	-3.54103	-0.0876759	1.89755
GUUCG	2.20342	1.41851	0.845406	0.0310153	0.173564	0.0736027
UUUCG	-2.2625	-0.194783	2.43825	-0.169272	0.169603	1.88885
AAAGG	0.833453	1.35975	-2.88635	0.189376	0.259734	0.857901
CAAGG	-0.388197	-0.735651	1.27077	0.195931	0.733576	0.0722745
GAAGG	-0.0293894	1.09161	-2.2438	-2.31702	-1.05742	-0.611907
UAAGG	-5.79432	-1.19109	0.217402	2.53509	-1.18166	0.160643
ACAGG	-2.87991	-1.37481	-0.657669	1.63377	1.53317	0.199284
CCAGG	0.283394	-0.255712	-0.956946	0.765316	-0.475569	-0.0503462
GCAGG	2.64241	-1.17756	-0.588715	-0.297174	-0.017888	-0.0912187
UCAGG	-0.985721	-0.0683159	1.65724	-1.53798	-0.356045	0.00661189
AGAGG	-0.0689411	0.309194	-1.7918	-1.25801	0.220546	-0.637906
CGAGG	0.0588248	0.269973	-0.266058	-1.08927	1.03841	0.272377
GGAGG	0.574593	2.63917	-0.711511	-3.85063	0.636032	0.605101
UGAGG	0.581084	0.0714316	-0.118153	-0.0223182	-0.460908	-0.0466037
AUAGG	0.0754366	0.189102	1.25881	0.406399	-0.183682	-0.768185
CUAGG	0.691707	-0.0614091	0.459674	0.0694846	-0.410013	0.702661
GUAGG	1.3742	-1.0857	-0.196107	-0.406784	-0.398849	-0.0636341
UUAGG	-1.37134	0.217961	-0.910329	-0.267551	0.166162	1.44049
AACGG	-0.272695	-0.232213	0.500854	-0.680605	0.372127	0.14961
CACGG	-0.306679	0.189654	0.954692	0.431126	-0.320169	0.0647967
GACGG	0.759376	-0.854976	-0.263244	0.157886	-0.22222	-0.0171177
UACGG	-1.93934	0.472645	-2.18886	0.121327	0.899786	-0.180629
ACCGG	7.09924	1.07673	0.167729	-0.000549873	0.82301	-0.0642798
CCCGG	-0.725194	-0.123109	0.0658288	1.12371	0.152809	-0.913638
GCCGG	4.73569	0.675567	0.041451	0.132587	0.0797636	0.0491857
UCCGG	0.449662	1.17684	-1.57775	-1.85495	0.745588	0.994179
AGCGG	2.81925	1.5584	1.01048	-2.14135	-0.100991	0.114172
CGCGG	-0.352483	0.403048	0.44907	-1.07161	-0.172314	-0.036571
GGCGG	1.08285	-1.22452	-0.405039	-0.234364	-0.116564	-0.00908325
UGCGG	0.522943	0.191399	3.92131	-0.712195	2.76155	2.05209
AUCGG	0.353888	-0.530199	0.389818	0.0209706	-0.438372	-0.0367674
CUCGG	0.0920317	0.170637	-0.0331811	0.0829604	0.991896	-0.687388
GUCGG	2.61511	-0.752008	-0.747569	0.353753	-0.333427	-0.0259143
UUCGG	0.940938	0.195025	-0.323947	-0.648652	-0.635048	-0.279567
AAGGG	0.0150209	-0.221317	-0.0224417	-0.0428714	0.292703	-0.164496
CAGGG	4.95705	0.579683	1.09238	1.87275	-1.21616	0.507151
GAGGG	6.03365	0.73677	-1.33611	-0.183713	-0.00468692	-0.376397
UAGGG	1.21688	-1.01578	-0.252879	-0.209971	-0.312751	0.0235654
ACGGG	-0.190856	-0.0278844	0.434787	0.522075	-0.304548	0.0331338
CCGGG	2.84286	-0.0292596	1.15664	-0.520094	0.147699	-0.0389802
GCGGG	1.8017	1.20809	-0.900664	-1.49912	-0.628991	-0.110542
UCGGG	-7.76006	0.0121981	-0.37564	-1.24125	-1.82013	2.1664
AGGGG	0.888949	-0.751652	-0.336593	-0.345832	-0.151298	0.187006
CGGGG	4.25674	1.4753	0.763908	0.173778	0.195246	-0.0207331
GGGGG	1.90548	2.06922	0.254063	0.377562	0.0356866	0.0507996
UGGGG	8.55998	3.61067	0.139602	0.442851	0.18299	0.0765019
AUGGG	2.1052	-0.361302	2.33342	3.07445	-0.447528	-1.82463
CUGGG	-0.805916	-0.0912596	-0.0225361	-0.710855	1.02242	-0.366351
GUGGG	0.194722	1.45126	-1.98037	-0.827765	0.876507	0.352174
UUGGG	1.32058	-1.60462	-0.567539	-0.0843673	-0.0920412	0.157622
AAUGG	-0.346307	2.13191	-1.1726	0.349926	-2.2208	-2.43684
CAUGG	0.128858	-0.556375	3.47392	1.41346	-1.18694	-0.648357
GAUGG	1.09316	-0.582181	0.0452877	0.0171614	-0.189308	0.0417134
UAUGG	4.93131	-1.76847	0.268294	2.11001	-0.562042	0.896427
ACUGG	-4.66502	0.14567	-1.16332	-0.775242	-0.13346	1.02826
CCUGG	0.736175	0.2721	0.00937285	-1.06058	-0.258109	-0.291872
GCUGG	1.13468	-1.22985	-0.407857	-0.283792	0.0342743	-0.0458119
UCUGG	-4.04601	0.0677315	-0.699451	-0.656959	-0.415428	2.22578
AGUGG	2.41598	0.688766	2.31915	-0.415107	-0.744254	0.898114
CGUGG	-3.21584	-1.08249	-1.98617	-1.03649	1.83397	0.201493
GGUGG	5.56211	2.46725	-0.961526	0.636188	0.0551398	0.0537587
UGUGG	-0.0203784	-1.0814	1.36176	1.05086	-0.176736	-0.482128
AUUGG	0.381181	0.29079	1.48597	-0.030075	-0.538696	1.07642
CUUGG	-2.63351	-0.146186	-0.815009	0.495277	1.44327	1.59543
GUUGG	-1.56582	0.00282963	-1.00569	-0.389223	2.4589	0.835557
UUUGG	-3.14369	-0.206507	0.832087	-1.10108	-0.329393	-0.300847
AAAUG	-0.39518	2.4145	3.43982	-0.903085	-2.23672	-0.837168
CAAUG	1.0993	-0.0189341	1.13626	0.295403	0.705025	0.395418
GAAUG	-0.880323	-0.151968	0.736844	-1.57321	-0.407719	-0.382957
UAAUG	0.919316	0.886006	-0.198022	-2.81693	-2.01214	0.942073
ACAUG	4.75515	0.0340832	0.892818	1.28695	0.585484	-0.885008
CCAUG	1.1898	1.18213	-0.229549	-0.602087	-1.83284	-0.752759
GCAUG	-1.81013	-1.96571	1.04938	-1.1289	-0.41048	0.23437
UCAUG	-0.054856	0.970982	-1.14783	-1.15595	-0.849602	-1.1083
AGAUG	1.5546	0.310641	-2.50384	2.12066	2.09287	-1.90303
CGAUG	2.35767	2.24229	1.03936	1.33865	0.750434	0.324379
GGAUG	-0.329352	1.61021	-2.43413	-0.715235	-1.68074	0.151967
UGAUG	1.11009	1.90908	1.86108	1.10178	1.05497	0.330531
AUAUG	-0.846828	-1.38275	0.298702	-0.531807	0.178063	0.437247
CUAUG	-1.75304	0.018493	0.763676	0.0104555	0.760239	-1.41077
GUAUG	1.16331	-0.127962	0.251701	1.96365	1.45688	-0.361991
UUAUG	0.382504	0.77949	1.53925	-1.18893	-0.926537	0.0597984
AACUG	-1.977	-1.00589	-1.58756	1.58285	1.131	3.6533
CACUG	-0.703195	-0.741589	2.16418	-0.897681	1.10288	1.20241
GACUG	0.139858	-0.419345	2.25691	1.67465	-0.58613	0.235545
UACUG	-0.396316	-1.45035	-1.03658	1.09445	-0.0989559	-1.16033
ACCUG	3.25719	0.430895	0.609894	-0.586799	0.146054	0.748862
CCCUG	-0.0898615	-0.244375	3.70315	-1.37466	0.00746328	-0.222183
GCCUG	1.44866	0.516518	-0.300986	0.0993261	-0.976456	0.664987
UCCUG	2.68095	0.33327	-0.325843	1.33609	-0.0358886	-0.598121
AGCUG	2.01076	1.7673	-1.38265	0.698433	0.142904	-0.0349062
CGCUG	1.39586	2.14903	0.402552	0.985077	0.188735	0.193159
GGCUG	3.17466	-0.865081	-0.101377	-0.166877	-0.349952	0.00110937
UGCUG	-0.505187	0.290486	0.44399	-1.51168	2.55239	0.973377
AUCUG	0.477737	0.233943	1.5068	-1.26695	-0.042012	-0.322862
CUCUG	0.582167	-0.273933	-0.216786	-0.587047	0.404837	-0.00210346
GUCUG	1.46536	0.570512	-1.08392	-0.213765	0.038521	0.325312
UUCUG	1.01992	0.398939	-0.625039	-0.726293	3.80459	-0.466157
AAGUG	0.313125	-0.181202	-0.461758	-0.406572	0.732656	-0.20361
CAGUG	0.161437	0.24175	0.527857	-1.44177	1.49533	2.02666
GAGUG	-0.640131	0.37812	-0.534344	-1.32114	-1.51859	1.67295
UAGUG	0.983048	-0.693101	-0.255264	-0.376497	-0.185431	-0.0286337
ACGUG	-0.960841	0.637243	-0.0966654	-0.641846	-0.628874	0.0784939
CCGUG	2.28614	-0.941453	-0.627138	0.890279	-0.2667	-0.195306
GCGUG	-3.09951	0.480338	-2.03445	-0.996156	-0.750323	0.454548
UCGUG	0.980281	-0.761789	-0.558948	0.121219	-0.167266	-0.0165566
AGGUG	-0.566567	-0.474916	-1.92697	0.946164	1.53071	0.0104329
CGGUG	-0.623008	-0.531668	0.976926	1.02848	-1.56035	-0.217184
GGGUG	-2.51116	-0.888853	2.24806	-0.441087	-0.0759759	-0.206534
UGGUG	-1.29177	-0.600132	-0.0322718	1.40738	0.779439	0.699165
AUGUG	1.54277	-1.21084	-0.171152	-0.605376	-0.164213	-0.205295
CUGUG	0.182722	0.27155	-0.0595237	2.04209	0.99028	0.304777
GUGUG	0.637929	-0.171038	-0.241634	-0.013905	-0.521453	-0.0669247
UUGUG	1.52439	-1.27577	-0.244726	-0.500323	-0.345676	-0.05062
AAUUG	2.28406	0.397899	1.69863	0.70218	-1.99746	0.654772
CAUUG	0.593671	-1.57774	0.608579	-0.62637	-0.228065	0.69271
GAUUG	2.47771	2.70787	-1.60152	0.777652	1.27831	0.220245
UAUUG	1.33852	0.929364	-0.344824	-0.184031	0.21288	0.37192
ACUUG	1.16628	-0.949355	-0.447402	-0.064535	-0.448877	-0.174887
CCUUG	-0.204333	0.0950819	0.419408	0.184434	0.0102676	1.11638
GCUUG	0.616426	0.168498	0.475833	0.462723	0.982649	0.818678
UCUUG	-0.135946	-0.971323	-0.593312	1.62856	0.903261	1.75485
AGUUG	-2.67626	-0.917958	1.45092	0.0466215	1.84026	-0.952527
CGUUG	-1.04732	0.39851	1.46542	0.454297	-0.509134	0.10948
GGUUG	-1.98303	-0.564574	0.731542	1.05321	-0.938851	1.46541
UGUUG	2.44959	1.65737	-1.06059	-1.26655	-0.465554	-0.743879
AUUUG	2.7763	2.33672	-2.28345	-2.92967	0.956844	-0.0641623
CUUUG	-0.940819	0.256365	3.44872	-0.280406	-1.12658	-1.0044
GUUUG	-1.74921	-0.49566	-0.0985101	0.866642	1.6643	2.56279
UUUUG	-0.104765	-0.265748	0.470216	0.0248878	-0.464073	0.243186
AAAAU	1.47837	-0.789635	-0.520647	-0.0394201	-0.735884	-0.509884
CAAAU	6.88981	-1.41173	0.697549	-0.119726	0.151854	1.88134
GAAAU	-1.1348	0.457299	-0.534868	0.0247526	-1.07013	1.56223
UAAAU	0.774003	-0.750169	0.662604	0.19792	-0.259458	0.262252
ACAAU	1.12104	0.185209	-1.80459	4.39807	0.506666	-0.898741
CCAAU	0.879405	-0.120914	-0.277397	-0.842918	2.43704	-1.85492
GCAAU	-1.70073	0.282788	1.27087	-0.923436	-0.109999	0.330096
UCAAU	0.632051	1.69307	-1.17171	-1.05088	-1.08933	-0.197065
AGAAU	0.448212	1.81855	-2.28615	-2.41545	1.3414	1.12353
CGAAU	1.0651	-0.83615	0.187309	-0.0448271	-0.281898	-0.197587
GGAAU	0.866537	1.14932	0.82856	-2.08093	-0.418866	1.62051
UGAAU	-3.08679	-0.432409	-0.295693	0.753753	0.376377	0.269029
AUAAU	1.2537	-0.732207	0.382323	-0.828362	-0.772678	-0.265088
CUAAU	-0.154476	0.78091	4.17531	0.100704	-0.508634	-1.17389
GUAAU	-0.0543137	0.747225	-1.53485	-0.470989	-1.22699	0.574326
UUAAU	-1.45684	-0.0974091	-0.391345	0.705569	-0.270608	2.13206
AACAU	-0.211324	1.92347	-2.9407	-0.847456	-0.0291141	2.1599
CACAU	-3.32697	-0.251371	-0.159338	1.40227	-1.9493	0.563902
GACAU	1.01834	-0.379928	-0.355169	-0.134337	-0.264665	0.0935109
UACAU	-5.60617	-3.41217	0.0610209	-1.0891	-1.99462	1.15389
ACCAU	-1.84429	0.0339844	-1.58386	0.778361	0.342197	1.05917
CCCAU	-0.144275	-0.0202786	0.119315	2.22449	-0.454051	-0.306143
GCCAU	-0.92685	-0.193088	0.183233	0.991889	1.15938	0.536821
UCCAU	-0.199582	-1.86004	-0.354584	-0.598529	-0.00264369	-0.460868
AGCAU	-1.43527	0.00919973	-0.446795	0.961232	-1.94308	-0.718338
CGCAU	1.41473	-0.749728	-0.513421	-0.216962	-0.374899	-0.297085
GGCAU	-0.30205	-0.0485024	1.54143	0.825386	0.230599	0.200279
UGCAU	-0.78982	0.889932	-4.16543	-0.714337	2.90182	-0.551637
AUCAU	-1.03023	-0.0501649	-0.385418	4.43114	-0.0860757	1.53504
CUCAU	0.700088	-0.18508	-0.121592	0.41296	1.52831	-0.647211
GUCAU	-2.38615	-2.22797	-0.374332	1.59237	0.66805	0.577413
UUCAU	-1.2138	-0.137723	0.216556	1.88757	-0.860728	2.76372
AAGAU	-2.11815	-0.922073	-1.07049	1.9095	-0.111497	0.80412
CAGAU	5.21565	-0.803142	1.44426	0.149663	-0.348196	-0.124205
GAGAU	-4.76589	-0.179406	-0.872472	0.196302	-1.07747	1.20914
UAGAU	2.65055	0.478904	2.34851	-1.73279	-1.85863	-0.761677
ACGAU	-4.60515	-1.11853	-2.51325	1.56354	1.67805	0.528545
CCGAU	0.735134	-0.662194	-0.371884	0.0407232	0.099755	0.00229439
GCGAU	0.866129	-0.74793	-0.640415	-0.3921	0.262193	0.0117441
UCGAU	-1.03732	-0.0332223	1.53782	-0.238116	1.02843	-0.677265
AGGAU	-0.0685113	-0.185645	1.96157	1.09563	-0.719697	-0.174905
CGGAU	-0.617871	0.293402	-0.510385	0.180527	0.878943	-0.214521
GGGAU	0.46505	-0.106787	-1.61119	0.331847	0.11839	0.27204
UGGAU	-0.442204	-0.708481	0.672227	0.0211832	-0.0259408	0.175872
AUGAU	-1.57141	-0.919901	-0.427741	2.55338	-0.921276	-0.277585
CUGAU	2.49291	1.03629	2.02338	-1.65397	-0.446224	-0.500896
GUGAU	-0.662275	-0.0366425	-0.200543	-0.222213	0.91769	0.00323383
UUGAU	0.141947	0.580034	-0.354976	-0.6924	-0.339367	0.0633908
AAUAU	1.81489	-0.50665	1.23374	0.435427	-0.853166	0.315389
CAUAU	-0.570458	0.450975	0.453039	1.55541	-1.11609	0.79
GAUAU	0.568029	-0.110412	-1.63597	0.912993	-0.0195353	-0.21031
UAUAU	-2.06999	-0.855434	-0.932442	-0.592893	2.23669	-0.852124
ACUAU	0.538485	-0.252913	-0.313075	0.200019	-0.119564	0.785419
CCUAU	-5.05679	0.46738	-1.82079	-0.633349	-1.86276	-0.0860534
GCUAU	1.90693	1.40211	-0.687609	-0.957533	-0.96663	-0.843128
UCUAU	-0.53657	-0.259977	0.159338	2.24069	0.98075	3.90639
AGUAU	1.26624	0.108245	0.125555	1.19549	2.29775	-1.30066
CGUAU	1.87901	-0.488804	-0.270123	-0.356568	-0.958839	0.0353304
GGUAU	-1.19052	-0.8689	2.14341	1.99514	1.39302	0.306472
UGUAU	0.905089	-0.246795	-0.115655	-0.595427	0.018054	-0.264386
AUUAU	-2.35673	-0.811849	0.645558	0.908128	-0.48682	1.83944
CUUAU	-0.122261	-0.326536	0.393265	0.52254	-0.259445	0.236142
GUUAU	0.217846	-0.217799	0.237152	1.97957	0.327332	0.889365
UUUAU	2.06564	-1.11784	-0.775738	-0.569334	-0.767033	-0.18944
AAACU	-1.78412	-0.852542	-0.609393	-0.480098	0.207629	2.07956
CAACU	0.459042	-0.110746	0.624836	0.761208	0.718431	-0.388035
GAACU	-0.163317	-0.0123534	-0.0958412	0.683295	0.127595	1.27186
UAACU	1.79807	-1.24799	-0.911035	0.23132	-0.889063	-0.27133
ACACU	-3.05303	0.0782755	-1.56212	1.19774	-1.40353	-0.934546
CCACU	0.385082	0.491609	0.27886	-1.42486	1.69073	0.104152
GCACU	1.08298	-1.3625	-0.276028	-0.286004	-0.0725267	-0.0359824
UCACU	0.535867	0.0215376	-1.15567	-0.227027	0.578812	-0.104894
AGACU	0.456772	0.464736	0.114937	0.331788	-0.110327	0.546104
CGACU	-0.805296	0.561122	-0.157585	-1.12761	-0.0777701	0.01176
GGACU	1.76014	-0.978118	-1.10478	-0.14189	0.0430692	0.0330087
UGACU	-0.271273	0.578747	-0.593758	0.758239	0.0764632	-1.61755
AUACU	0.329493	-0.0244103	0.0302724	2.85176	-1.7453	0.27211
CUACU	-0.654498	1.37705	-0.814858	2.6821	-1.9721	-1.64197
GUACU	-0.343469	-0.310095	-0.809023	2.65698	-0.776544	-0.0397759
UUACU	-6.97488	-2.89083	-1.57602	2.64135	-2.13566	1.5105
AACCU	0.375555	0.447913	-0.64835	2.07904	0.0975289	0.367785
CACCU	-0.400431	0.116835	0.407277	0.481418	0.577999	0.782221
GACCU	2.45436	0.229926	-0.258131	2.10781	-0.455525	1.33082
UACCU	0.653174	-0.423386	0.539209	0.686714	0.619721	0.848421
ACCCU	-0.76581	-0.336403	0.794263	2.01108	-1.46719	-0.67511
CCCCU	-5.48188	-3.54122	0.792373	0.570132	-0.366648	-0.643927
GCCCU	2.95701	0.00775422	-0.958731	0.0675532	1.6691	0.42459
UCCCU	1.7919	-1.39674	-0.758535	-0.313651	-0.366479	-0.083931
AGCCU	1.17424	-1.4032	-0.500034	-0.0111523	-0.244049	0.00386439
CGCCU	0.356509	0.102005	0.0838111	0.477403	-0.544583	-0.174231
GGCCU	-4.18207	-1.43667	0.672362	3.01472	1.28724	-0.506312
UGCCU	1.42379	-1.40316	-0.54285	-0.251841	-0.251836	-0.0648007
AUCCU	-0.450222	-0.699283	-1.08696	1.14525	0.966112	0.699189
CUCCU	0.48496	-0.333635	0.549263	-0.532521	-0.246131	-0.392484
GUCCU	-5.49158	-2.62627	1.49595	-0.314717	-2.12906	-0.0869244
UUCCU	1.12005	-1.09139	0.876631	-0.248772	0.0207797	-0.162568
AAGCU	1.42664	-1.33504	0.239066	-0.656429	-0.161341	-0.168814
CAGCU	0.643961	-0.597459	-0.245033	1.01094	0.0858081	-0.509808
GAGCU	-0.699207	0.646477	0.042676	-1.28048	-0.190275	-0.866069
UAGCU	0.950586	-0.0652906	-0.856309	-0.801107	-0.184429	0.337813
ACGCU	-0.432729	-0.41497	0.823828	-0.076999	0.112236	0.143914
CCGCU	-0.737002	0.177004	-1.29576	0.863949	-0.63837	0.390662
GCGCU	-0.106115	0.121624	-0.626082	-1.4264	1.45491	-0.16107
UCGCU	0.803359	-1.1101	-5.12798e-05	-0.0569905	-0.169969	-0.0363566
AGGCU	-4.16796	-1.28338	-1.1283	2.74893	-1.71682	-0.765933
CGGCU	-1.97958	1.24419	-3.4146	-3.04119	-2.09235	0.976806
GGGCU	0.614636	1.25411	-0.497238	-0.118077	0.313885	0.0559117
UGGCU	0.460578	-0.33836	-0.211185	-0.166593	0.09812	0.0642842
AUGCU	-1.69555	-0.180084	0.181527	1.03789	0.153441	-0.93329
CUGCU	0.622576	0.808133	0.286136	0.600918	-0.545908	0.304787
GUGCU	2.27495	0.982466	2.52655	1.11597	-2.09734	-0.101166
UUGCU	1.45421	-1.04706	-0.767671	-0.464948	-0.137401	0.0479713
AAUCU	0.517536	-0.176136	-0.557038	0.0492498	-0.0690754	-0.0665468
CAUCU	3.81399	-0.125025	-0.25406	1.12334	0.0473624	0.518502
GAUCU	0.699016	-0.316626	-0.0647696	-1.05393	-0.430493	0.668805
UAUCU	-0.416759	-1.06117	0.568315	-0.734197	1.9611	-0.502445
ACUCU	-1.12733	-0.399858	-0.919278	-0.982765	1.75071	0.232414
CCUCU	-0.0989802	-0.563479	0.160809	0.0285888	0.789567	0.268421
GCUCU	1.29166	0.42171	0.509517	-1.42919	0.011885	-0.380942
UCUCU	0.689192	2.08829	-0.668014	-2.07146	-0.437192	-0.535113
AGUCU	-1.55384	0.0611243	0.650469	0.470506	-1.19843	2.90382
CGUCU	1.02613	-0.724854	-0.481788	-0.262682	-0.222788	-0.0639519
GGUCU	0.985875	-0.82109	-0.121645	-0.201045	-0.139159	-0.12429
UGUCU	0.449415	0.150961	-0.493647	-0.746058	0.221749	0.380703
AUUCU	-0.898964	0.0316434	-0.11337	0.086429	-0.309926	0.367931
CUUCU	2.6668	1.58205	2.07195	0.620024	-0.0234115	1.44602
GUUCU	0.850754	-1.28595	-0.040196	-0.2165	-0.0250981	0.0159461
UUUCU	0.242956	0.42844	0.199465	1.58013	0.683661	-2.55831
AAAGU	1.14897	-0.37123	-0.569978	-0.659571	-0.182369	-0.00555011
CAAGU	1.50118	-1.09274	-0.768628	-0.605066	-0.352326	0.0971176
GAAGU	1.30303	0.399919	-2.39226	1.93462	-0.248813	-0.225116
UAAGU	0.92473	-0.698375	-0.221423	-0.0258858	-0.0209955	-0.242976
ACAGU	-0.216662	-0.29966	0.693789	0.134117	-0.0839048	-0.157304
CCAGU	-0.420046	-0.331258	1.09913	-0.359547	1.35791	-0.506894
GCAGU	-0.954041	-0.377671	-0.271033	0.608266	0.67097	0.406245
UCAGU	-0.288162	-0.396419	-0.875131	0.324875	0.86958	0.245326
AGAGU	-0.951011	0.505854	1.32656	-1.49512	0.109438	1.45796
CGAGU	-0.567629	0.384047	0.493687	-0.209344	1.03799	-0.411736
GGAGU	-1.02394	0.57275	1.02585	-0.320411	0.0600632	2.78572
UGAGU	-0.946675	-0.153171	1.38775	1.04745	-1.59832	-0.785297
AUAGU	0.808864	-0.812326	-0.377789	-0.299083	0.181654	-0.108537
CUAGU	0.298706	0.813481	-2.80672	1.58413	-0.0246991	0.294746
GUAGU	0.455673	0.944327	-0.572339	-1.05318	1.12467	-0.775149
UUAGU	-0.887474	0.559904	0.155299	0.594231	-0.932472	-0.732522
AACGU	1.24313	-0.836404	-0.0326468	-0.110573	-0.665087	-0.107735
CACGU	-2.42345	-0.505466	0.658157	-2.71091	-0.806326	0.103106
GACGU	0.860607	-0.716959	-0.43942	-0.182663	0.0442354	-0.0975984
UACGU	0.912966	-1.09364	-0.291237	-0.0815898	0.280557	-0.00174822
ACCGU	-1.25295	0.356747	1.06067	0.265885	-0.1768	0.409284
CCCGU	-0.837985	0.451762	-1.64734	2.17841	-2.51876	-0.761962
GCCGU	-0.565718	1.1131	2.74837	-3.21894	-1.34106	-2.39769
UCCGU	1.95724	-0.034696	-0.252142	0.363463	0.554395	-0.416027
AGCGU	0.826936	-0.670364	-0.374609	-0.415716	-0.328626	0.410016
CGCGU	-1.28612	-0.301451	0.249211	1.437	-0.279135	0.0202637
GGCGU	0.854473	-0.502836	-1.82485	0.599301	0.871071	-0.180492
UGCGU	0.846315	-0.809789	-0.246175	-0.0712189	0.0391568	-0.027435
AUCGU	0.638094	-0.699478	-0.591887	-0.0878411	-0.210977	0.207661
CUCGU	-1.35796	0.555862	1.19306	-0.185653	-0.767267	0.106243
GUCGU	-1.55635	1.50248	-2.91373	-0.370474	1.67186	0.495833
UUCGU	-1.00626	-1.92568	0.148509	1.0568	0.0182075	0.318432
AAGGU	0.738794	-0.820546	2.99505	1.12607	0.622846	0.318145
CAGGU	1.21704	0.795496	-1.21661	-1.83726	0.172581	-0.183292
GAGGU	0.199704	0.156988	0.38265	-1.42811	-0.0675325	0.3972
UAGGU	0.1137	-0.262497	-0.00285462	0.097174	-0.217119	0.174427
ACGGU	-1.26044	0.520627	1.23293	-1.18296	-1.16801	-0.0106717
CCGGU	-2.79794	-0.382065	1.46244	-0.0805531	-0.506627	-0.309795
GCGGU	0.767529	-0.491514	-0.107533	-0.349083	-0.080009	-0.0227234
UCGGU	1.17267	-1.13749	-0.174908	-0.143649	-0.190925	-0.145144
AGGGU	-3.04082	0.210025	-1.82117	-0.483382	1.19219	-1.65204
CGGGU	1.33054	-0.546752	-0.281662	-0.518691	0.219337	0.0813482
GGGGU	-3.34978	-1.60776	0.179907	3.76023	0.87332	-0.305806
UGGGU	-1.10792	0.118625	0.61674	-0.124421	0.266504	-1.6842
AUGGU	-1.28201	-2.21213	0.597525	3.48794	-0.114488	0.981648
CUGGU	-4.01574	0.240092	0.00777957	-0.167971	-0.910488	-0.560914
GUGGU	-1.22207	0.441521	0.70389	-1.12141	0.303769	0.411121
UUGGU	-2.72392	-0.169506	0.424552	-0.762723	-0.543296	3.92925
AAUGU	1.4767	-1.33769	-0.122908	-0.293096	-0.292834	-0.191258
CAUGU	0.54594	0.100462	-0.136218	-0.693692	-0.0887568	0.0714803
GAUGU	-1.86162	-0.574605	5.03926	0.00921183	1.14304	-1.04785
UAUGU	-1.90529	1.28528	-2.58144	-1.88044	-2.41772	-1.6747
ACUGU	-0.836276	-0.332683	0.363236	-0.110354	-1.27636	-0.142558
CCUGU	0.899359	-1.36313	-0.350229	0.026682	0.0507818	0.172973
GCUGU	4.863	1.91601	-0.165827	-0.173706	0.0667965	0.298465
UCUGU	1.30691	-1.45479	-0.176897	-0.394589	-0.0726373	-0.111407
AGUGU	1.27671	-1.32311	0.027997	-0.235855	-0.180824	-0.0978706
CGUGU	-2.33188	-0.165564	-0.508168	0.842742	0.808081	1.06459
GGUGU	1.40819	1.0414	1.05078	-0.603474	-1.97529	-0.819211
UGUGU	-0.705784	0.0321348	-0.262213	-0.583785	1.51146	-0.048164
AUUGU	-1.19234	-1.38909	0.475213	2.65931	-1.34798	-0.618742
CUUGU	-0.824746	0.0971503	1.56932	-1.31303	2.71089	-0.340065
GUUGU	0.41608	-0.661507	0.354489	-0.275253	-0.318982	0.165085
UUUGU	2.83247	-2.17093	-0.399992	-0.767696	-0.813664	-0.238583
AAAUU	-1.18618	0.169459	0.273788	-0.320219	0.953677	-0.917163
CAAUU	0.465309	-0.926725	-1.19125	0.16882	1.99146	-1.33162
GAAUU	-3.61528	-0.766156	-2.83622	-0.184599	0.545572	1.29019
UAAUU	-0.296427	-0.144245	-0.617405	0.5626	0.565725	-0.108688
ACAUU	-0.177916	0.392303	0.645948	-0.256938	-0.479138	-0.0636562
CCAUU	0.668213	-0.0742666	2.88816	0.248763	-0.780325	1.58211
GCAUU	-1.08561	-0.212537	1.04941	-0.494615	1.867	-1.52604
UCAUU	-0.464872	-0.0152672	-0.097414	-0.333776	0.347903	0.159425
AGAUU	-0.383554	0.678426	0.262403	0.033062	-0.660708	-0.147297
CGAUU	-0.360911	0.268068	-0.627249	-0.0929692	0.932542	-0.0405785
GGAUU	2.28691	1.29184	0.0134918	-1.67097	0.344153	1.09515
UGAUU	0.522938	1.00007	1.17756	-0.560374	0.145873	-1.92559
AUAUU	-0.0733585	-0.811823	-1.09346	0.735301	0.0421015	0.875561
CUAUU	0.130112	-1.20483	-0.377347	1.53977	0.0829296	3.90509
GUAUU	0.467825	-0.532377	-0.0867635	0.0475118	-0.017729	-0.226187
UUAUU	1.90113	-1.05461	-0.655073	-0.709245	-0.670214	-0.131799
AACUU	-0.651922	1.00057	-2.03862	0.534773	-0.0667827	-0.990957
CACUU	0.0084528	-1.31223	0.373312	-0.345368	0.851631	0.277663
GACUU	1.39581	-0.770719	-0.723108	-0.390894	-0.431779	-0.111394
UACUU	4.61996	-0.81088	-0.782852	-0.354495	-1.12784	0.2965
ACCUU	7.50742	-0.101894	-0.302789	1.18271	-0.664326	-1.14969
CCCUU	7.47419	-2.45561	0.727458	-2.25668	-0.723978	-0.241585
GCCUU	1.27516	-0.966716	-0.739187	-0.354318	-0.0763104	0.0687641
UCCUU	0.420235	0.861019	3.11249	-2.32179	0.229133	1.61266
AGCUU	-1.01971	-0.517334	1.43759	-0.98991	0.111847	0.135188
CGCUU	0.983657	-0.96658	0.0849088	-1.24852	-0.100212	0.0377419
GGCUU	-2.38721	-1.16426	-2.8845	1.93193	-2.05482	2.19534
UGCUU	0.0260323	0.319467	-0.964899	0.161946	-0.442992	-0.356993
AUCUU	0.399218	1.93354	-0.725027	-1.30861	2.26839	0.405585
CUCUU	1.77784	-0.208664	-0.316836	-0.298909	-0.235613	-0.296654
GUCUU	2.60632	0.165158	1.4167	1.25273	-0.740236	-0.575283
UUCUU	-1.40991	-1.36433	0.479581	0.423527	0.229659	1.00466
AAGUU	-1.53836	1.3846	-1.24409	-1.79565	-1.73623	0.304783
CAGUU	0.520974	0.563107	0.706136	-0.5237	0.133497	-1.29981
GAGUU	1.16749	-0.626831	-0.288412	-0.625031	-0.0708565	-0.00451917
UAGUU	2.09728	-0.557939	-0.608847	-0.916327	-0.497575	-0.328922
ACGUU	0.900471	-1.15476	0.057081	0.171974	-0.311301	-0.0313282
CCGUU	1.22272	-1.0795	-0.126644	-0.323975	-0.125767	-0.281319
GCGUU	1.05775	-0.871721	-0.0965911	-0.459888	-0.0902352	0.0118015
UCGUU	-3.27108	-0.597025	1.41748	0.149452	-0.694107	0.312605
AGGUU	0.804492	-0.875314	-0.396825	-0.13662	-0.0614393	0.0431775
CGGUU	0.920985	0.583606	-0.678294	0.664753	-0.117495	0.20299
GGGUU	-1.06543	-0.38032	0.62273	2.24722	0.235128	0.933366
UGGUU	0.851677	-0.599163	-0.362615	0.0329966	-0.213024	0.00383161
AUGUU	0.533662	0.180751	-0.194485	0.229753	0.660844	-0.935596
CUGUU	-0.0312866	1.41458	-0.308262	-1.43898	-1.08635	-0.530458
GUGUU	-0.121059	-0.831695	0.898321	1.06903	-0.950959	-0.0457307
UUGUU	1.42902	-1.28466	-0.297381	-0.371094	-0.504757	-0.0933943
AAUUU	0.725885	0.196853	0.107396	-0.709816	0.340192	0.355298
CAUUU	0.327204	-0.162283	-0.788966	0.869216	-0.0950621	0.189179
GAUUU	4.77709	-0.730363	-0.890293	-0.979081	-1.39561	-0.429682
UAUUU	0.229177	0.44084	0.106881	-0.498288	0.310669	0.0192748
ACUUU	1.09693	-0.384007	-1.25548	-0.0636156	1.07668	-0.0183003
CCUUU	2.32404	-0.932979	-0.728112	-0.970416	-0.645794	-0.238687
GCUUU	-0.850351	-0.24736	3.78656	0.32291	-0.741476	1.84215
UCUUU	2.07435	-1.11149	-0.710652	-0.712621	-0.729095	-0.213636
AGUUU	1.09916	-0.800419	0.0429661	-0.366436	-0.450037	-0.134777
CGUUU	-3.68729	-1.48563	1.17559	1.32967	0.243971	-0.109934
GGUUU	0.454221	0.373685	-1.9062	-0.489285	-0.379629	0.43049
UGUUU	0.302861	0.165825	-0.552336	0.00962125	-0.838381	0.725871
AUUUU	0.868505	0.0708042	-0.910022	0.120112	-1.01861	0.154943
CUUUU	0.430197	0.400357	0.803924	-0.0643031	2.27358	-0.279557
GUUUU	1.33879	-1.11107	-0.399685	-0.298035	-0.492434	-0.0380357
UUUUU	6.04954	-2.04608	-1.8315	-0.971674	-4.17372	-1.12084

Relative affinities to the structural contexts 
P	0.420775
H	0.0152058
I	1
M	2.15862e-09
E	0.00888225

