Error on the test set seq only: 226705
Error on the training set: 0.037406
Number of parameters: 1031

Base Parameters
-3.14647	-1.6521	-2.54765	-1.11438	-8.45919	-2.19458
-0.152819	-0.833237	0.46202	5.3703	1.83259	-1.15395
-0.615349	0.490228	4.53276	0.831423	4.88032	-0.930304
-0.989136	-1.44451	-1.00471	-0.800082	-1.38157	-0.553018
1.94	0.67053	0.633245	0.421932	-6.76758	-0.205568
-0.180988	-0.194161	-0.625188	-0.450292	0.556906	-0.362755
-0.380712	1.307	4.86203	4.44557	-7.49523	-0.498891
-0.594465	2.53872	1.95916	5.84609	-4.51368	3.33877
-0.840326	-1.51152	4.13085	0.427422	-6.38112	0.880435
0.0873466	-3.0537	2.02042	4.68352	0.610439	1.03975
-1.59183	1.13396	-2.74802	1.43512	4.84144	-1.55129
-0.850835	-2.17884	-0.550653	-0.819208	-0.703244	-0.145087
-0.111809	0.76001	0.673278	-1.71625	2.6583	3.99621
-0.801623	-1.34128	-0.559789	-0.511593	-1.09755	-0.332807
0.325454	0.441071	10.9883	-7.7556	0.0381825	9.18459
-1.06628	-2.20822	-0.865263	-0.786525	-0.979556	-0.462767
0.399539	-2.30205	-0.791196	4.84891	1.14836	-1.91846
0.164724	-1.19854	-1.87053	5.57402	2.33325	-4.15892
0.236099	-1.93716	2.27601	3.74439	6.14884	-3.40005
0.847885	1.3589	0.906853	-4.18335	0.942891	-3.91773
-0.287449	5.01788	-5.86872	-2.74133	-0.907285	-1.86725
-0.179419	0.564909	-0.228688	0.0846667	-0.646439	-0.374415
0.544988	1.31358	-5.99536	-1.44219	-3.07024	-1.15574
3.37556	-0.109619	0.655092	0.0165081	-2.66347	1.25052
0.99388	-2.36983	1.18675	3.52836	4.37149	-2.33618
1.6719	-2.18729	0.153846	4.31622	1.74763	2.05321
1.1216	-2.29442	1.95545	1.2934	2.4351	-6.30679
-0.791818	-2.28672	-0.399777	-0.697503	-0.412278	-0.0389219
2.3242	1.18879	-5.49815	-1.73974	-3.60111	-0.673538
-1.01237	0.630154	5.30555	-2.68946	0.406308	-0.339726
0.286101	0.651011	0.885745	2.25663	-1.75433	4.72796
-0.223187	-1.66471	-1.17286	0.732947	-1.50891	-1.49535
0.597937	-0.617732	-5.92958	2.36471	2.49561	-3.69164
-0.747958	5.32368	-0.596142	1.51196	-1.36044	2.15208
-0.363735	1.27953	1.70276	-3.44506	3.49519	-4.41047
0.884018	0.199957	-8.96171	-2.45951	5.68261	-8.72883
2.5188	0.684481	-1.44707	1.86673	-3.8481	0.68444
1.11975	0.745093	0.637411	4.0702	-6.8727	-2.79238
0.755747	1.10052	-2.70898	3.4054	0.190584	-0.60583
-0.516281	-0.723791	-0.359189	-0.518828	-0.666144	-0.0550935
0.0664672	0.503022	1.06871	-3.14354	-1.18149	-1.66074
-0.457712	-0.881567	-0.561601	-0.137592	-0.231334	-0.0856165
-0.46085	3.14972	-3.71456	-3.65627	3.48904	-2.82098
-0.587415	-1.48943	-0.779566	-0.253628	-0.395075	-0.031696
2.46204	0.0674915	0.270585	-1.81289	-0.0712518	0.1874
0.273264	-0.868816	-2.84168	2.80183	1.73307	-1.1969
0.153375	-0.313308	0.538744	5.58573	-2.65759	1.10085
-0.190458	1.63888	0.0175008	2.24714	0.575544	-5.92178
-0.754907	-1.6204	-0.653527	-0.456177	-0.494427	-0.22273
-0.579161	-1.6554	6.16281	-1.35316	-1.8724	3.63179
-0.470341	-1.33335	-0.692459	-0.374593	0.158006	-0.138994
-0.467803	-0.987923	-0.43242	-0.234759	-0.525361	-0.0820126
2.41864	0.674621	-1.93897	-5.21109	-3.96645	-2.42552
-0.467951	-0.857499	-0.263956	-0.260996	-0.79553	-0.331205
0.679797	-1.37013	-0.00339609	4.46517	5.25353	-2.70222
-0.872117	6.12479	-0.726413	-1.21889	-0.397144	-0.0446042
-0.637765	-1.60618	-0.97402	-0.546753	-0.058536	-0.154483
0.227015	2.28594	-2.895	0.173014	1.31893	2.57225
-0.856939	-0.798005	-1.0079	-0.0734873	0.156518	0.123938
-0.336732	0.294872	0.917945	0.357024	2.10979	0.487454
0.14502	-4.5058	-3.75579	8.69073	5.08416	-1.55932
-0.471458	-1.08922	0.219301	-0.560361	-0.581291	-0.157168
-0.647352	-1.516	-0.692451	-0.792361	-0.178345	-0.176173
-0.572334	-1.24508	-0.537136	-0.351263	-0.606457	-0.0395549
3.21027	-0.012355	0.0727728	0.158519	-0.0296816	0.0867704
0.0288305	-2.71037	1.68045	-1.27957	6.71624	3.96652
0.040441	0.560738	0.950685	0.191841	-0.16128	9.24099
-0.224753	2.82787	2.41001	-4.3923	-0.246757	-2.45436
-0.796228	0.775672	-1.99248	-2.97379	4.277	5.11082
0.0214392	1.07734	0.590425	-0.445488	0.109668	1.96046
1.35077	-2.72497	2.10574	-1.72918	-2.47537	0.851461
0.158787	0.144922	-0.40404	0.137025	0.327721	0.489408
0.180199	1.4102	-3.22622	8.61684	-0.726695	-7.39581
1.20805	-0.794118	2.35784	0.276809	-0.380072	2.12972
-0.639235	4.4857	-1.71333	-0.353132	-4.13293	0.393588
2.42032	0.369938	-2.98068	-3.35031	-3.07076	6.62019
-0.295447	0.377643	1.05227	0.503552	-0.282454	-0.486253
0.616399	-0.459767	4.68426	2.50553	-2.5463	14.9006
-0.220485	-0.771478	0.868621	0.0343295	-0.700398	-0.180911
3.32109	0.090455	0.376467	-8.06571	-1.23629	3.03412
-1.45063	2.22241	-5.79808	-3.05133	1.28958	1.20244
0.276262	0.839263	0.588627	-1.54117	-4.84897	6.98505
-0.318637	-1.00396	-0.0712258	-0.233495	-0.160688	-0.0920314
0.587109	-0.213361	3.62761	1.3148	-5.64864	-0.430248
0.619898	-2.22526	-0.270371	2.00565	2.86921	2.09143
-1.00022	4.0403	-3.68109	0.847548	-1.0903	1.62859
0.617753	0.658391	1.75063	-8.08454	3.64318	-0.441967
1.82211	-4.39693	-0.349887	2.9318	1.65207	-1.63992
2.3064	-1.49011	0.507495	2.01809	0.439522	1.46325
-0.955872	1.3123	1.23075	-1.6559	-2.22461	1.92638
-0.213843	0.265367	-2.28011	-0.614633	5.2682	-0.418299
-0.687761	2.12553	6.56092	-5.69048	-7.275	-1.82906
0.273141	1.4611	-1.47114	4.00145	-7.18196	-4.69832
-1.03478	2.73471	-4.8699	-1.81921	0.54677	0.554675
-0.40804	0.148468	-0.670298	4.58435	5.50844	-1.46134
0.020136	0.128221	0.715568	-0.453427	0.450797	-0.535354
-0.570787	-1.3177	-0.351695	-0.279962	-0.605867	-0.0529545
-1.71035	2.5254	-0.31199	0.198056	0.780295	0.00150087
-4.12907	3.00275	-0.833646	0.272207	0.110414	0.102887
-0.402057	-0.769491	-0.532742	-0.643171	-0.0384288	-0.147414
-0.482319	-0.928778	-0.516448	-0.389472	-0.410982	-0.0528944
1.68439	0.621184	1.53552	1.32079	-3.90151	-7.09627
2.55051	0.147931	-6.20583	1.18822	1.31526	0.247189
-0.381894	-0.940772	-0.256468	-0.258715	-0.221134	-0.185427
2.78709	0.262224	0.671646	-0.734129	-2.75271	-4.47313
-0.37179	-0.586713	-0.177977	-0.0867037	0.413302	0.0461048
-0.188417	2.76852	-4.12037	-5.99892	1.55517	0.34106
-0.094774	4.27371	-1.0278	0.704891	0.157937	0.0805127
1.42458	0.268595	-6.73301	1.50619	-4.01912	6.54443
0.849867	0.113333	-1.44304	0.33017	3.78573	-3.5806
-0.416244	0.875526	3.57237	1.52456	-2.20405	-0.602642
1.09253	-0.0868733	-0.375499	2.12328	-5.44765	0.339424
-0.0298925	3.27645	-2.27699	4.53434	-4.7221	-2.26084
-1.69854	-2.36812	5.1022	0.319993	1.36791	1.02392
-1.08606	-1.40729	-0.153101	-0.441486	-0.33103	0.0490562
0.0906157	-1.5427	8.50842	0.679593	-3.32571	-2.02627
1.02304	-0.775198	0.138693	1.3175	0.672577	4.5579
-0.189988	1.66476	5.34927	-4.66241	-0.475292	0.116667
-0.747153	-2.37918	-0.53538	-0.793782	-0.219112	-0.109374
0.148746	-0.828311	0.437429	8.80048	-2.30381	2.26762
0.291405	-1.27041	8.47458	-2.6115	5.85851	8.16108
2.31781	-0.217791	-3.53496	2.13336	0.147786	3.61987
-1.97766	3.13771	-2.07025	1.07382	1.02464	0.717074
0.00438099	0.407648	-1.20621	0.665572	-0.0777995	-0.21292
0.468032	2.03879	-1.00129	-6.90865	4.28344	-3.37164
-0.399627	0.53344	-0.912428	0.281615	0.535189	0.361377
0.28505	1.15068	7.05787	-2.19168	-11.341	0.330331
0.510746	0.172669	1.75569	1.24648	-3.8662	1.53443
-0.89127	-1.60999	-1.39722	-0.0271351	-0.815113	-0.358199
-0.0984135	-0.20493	0.420768	-0.307997	0.956004	0.516053
-0.0273887	-2.33742	6.46729	-2.30393	-0.964071	-0.204534
0.519722	-0.584585	3.16667	-7.21281	7.24298	2.6352
0.659352	0.0837254	-0.887924	7.73198	-9.38906	1.04449
0.0022116	0.580722	-2.34803	3.67984	-8.4061	-1.10422
0.556124	-1.82316	1.73746	-0.581515	-1.39974	0.141991
-0.678934	-1.26282	0.00210231	-0.027737	-0.293632	0.144491
-0.120818	0.00920719	0.656987	-0.119206	-0.30548	-0.331122
-0.44274	-0.761462	-0.594435	-0.589675	-0.214155	-0.0218295
0.283724	-1.69562	1.23029	2.26395	-4.21133	-0.263478
-0.638569	-1.88383	-0.503886	-0.393097	-0.449625	-0.0400041
1.01789	-4.92173	-2.32214	5.59604	1.20709	0.893041
0.33324	-0.340021	5.22203	1.749	0.751372	-5.44189
0.789276	-0.0641869	1.12032	-3.88972	2.12129	-1.82042
-0.717769	-1.45849	1.38681	-2.21696	10.6731	-1.28887
0.829794	0.791179	-2.60238	-1.5189	1.65481	-1.16739
-0.459465	-1.11517	-0.468556	-0.327708	-0.201785	-0.0152969
0.743008	2.52647	-2.01614	-3.41913	-2.47159	-0.989301
2.26346	1.07749	0.17127	-0.192247	-0.299571	0.307429
-0.169075	-0.288267	0.135849	-0.351801	-1.52008	0.489169
0.378176	0.233047	-4.00368	4.01108	-2.20063	2.36227
0.470509	2.12165	-3.45022	-4.37055	0.916137	3.69526
0.398881	0.734603	0.347938	0.328608	0.392317	0.271407
0.70246	-0.317789	3.38885	-0.741547	1.53156	0.443731
1.402	-0.458169	-1.15529	2.77153	-0.968505	-0.142461
-0.139084	-1.24425	-0.983716	0.382228	-0.629375	-0.0994698
-0.243228	-0.745264	0.190719	-0.0796493	-0.348465	-0.279509
2.33148	-0.0224921	-2.5049	1.59552	-4.48044	-3.60426
-0.504387	-0.606952	-0.388225	-0.414872	-0.736231	-0.115732
0.291273	0.397053	-0.162001	0.152401	0.455594	0.636746
0.0723041	-0.779792	0.756312	-0.423889	-0.627067	0.377985
-0.979474	4.29369	1.99832	-5.07265	-8.02735	5.53065
-0.225954	-0.703331	-0.594451	-0.172051	0.489302	-0.104664
-0.73062	3.9182	2.60017	0.400185	-1.46554	0.200338
-0.49299	-1.29044	-0.628522	-0.402935	-0.125714	-0.0699857
-1.26893	-0.368933	-0.616785	-3.32367	-0.631997	-1.12858
-0.191686	-0.810379	-1.33159	-0.793767	0.215135	-0.683176
0.0383797	-0.440475	1.03163	-0.287259	0.117945	-0.0553966
-0.378067	-1.03822	-0.723025	-0.129077	-0.0422087	-0.00207761
-0.297628	1.14974	-0.128073	4.59538	-3.35545	-3.24534
-1.16387	-0.149739	-0.629469	0.192991	-1.0899	0.372451
-1.59357	4.03703	-3.42968	0.707133	-0.555212	0.0404717
-0.220293	-1.18067	-0.077485	0.00570083	-0.0684652	-0.00223806
-0.45945	4.09576	-1.97722	-6.35216	2.88487	4.2899
-0.761889	3.52568	-3.61469	0.102551	-0.969097	0.317526
-0.654015	3.1418	-3.42393	-7.29198	-0.64958	0.650486
0.690764	-1.57924	2.32513	0.537749	3.29126	-1.49795
-0.833504	5.76338	-1.28983	1.52237	-0.840412	1.02361
-0.0124888	-0.273955	-0.53891	0.349562	0.356717	-0.100297
0.154259	0.665225	-6.23978	2.01783	4.44618	-10.2013
-0.314453	-1.13353	-0.170455	-1.07288	0.213331	-0.107387
-0.68495	-0.143672	0.154769	3.33025	1.05975	1.16901
0.59179	0.575272	-3.87464	-0.076165	1.45899	1.3348
-0.824634	2.03967	-1.03915	1.65435	0.181493	-0.0164776
-0.695236	-2.05955	-0.496964	-0.385301	-0.296933	-0.0813815
-0.638055	-1.94301	-0.624044	-0.660343	-0.127254	-0.154705
1.16877	2.24327	-4.93457	-4.08764	-1.77666	0.840192
1.98939	0.452388	-2.32063	-4.69212	0.240267	-3.53665
-0.259541	-0.820289	4.12767	-0.158529	0.977081	-0.672392
-0.477452	-1.15349	-0.584711	-0.606825	-0.0405062	-0.0157454
-1.92714	4.34049	-2.56217	-3.89546	4.28585	0.119117
-0.522831	-1.38522	-0.368154	-0.404134	-0.249068	-0.0388323
-0.797511	-2.03021	-0.42423	-0.949553	-0.371942	-0.201982
-0.761245	1.96221	8.84638	-0.190973	-1.85171	6.08693
0.168625	-1.37652	-0.299262	2.14703	-0.343158	0.0617922
-0.405926	-0.823813	-0.523927	0.0302446	-0.555324	-0.13278
0.250068	0.362545	-0.579775	0.772421	-1.50514	2.33098
-1.1525	1.50321	-3.45638	-0.633119	2.84966	-1.59838
0.699294	-2.16451	1.55953	-1.19498	-2.08899	-0.821754
-0.506072	-1.03976	-0.510063	-0.422339	-0.339266	-0.0782087
-0.0542933	-1.21858	-0.0677032	-1.77916	-0.176498	0.403003
1.32055	-5.44988	2.63838	5.03745	-6.10948	-1.41332
1.3657	-1.09433	1.95862	0.0203651	1.10212	0.533944
1.24988	-0.766605	-3.38222	2.83515	-0.487533	-0.696538
-0.380814	-1.00569	-0.45567	-0.359047	0.0771517	-0.0701804
-0.682032	-2.39457	-0.713921	0.00899755	-0.195783	-0.229634
-0.371198	-2.62398	1.69576	1.70901	-0.146791	0.138965
-2.10473	-1.06385	-0.138544	0.434143	-0.801492	1.29421
-0.701671	-1.68793	-0.449188	-0.803875	-0.714403	-0.156752
1.58996	-3.22386	-0.0449313	-2.40565	2.00215	4.2932
-1.71008	-0.960442	0.558181	-1.11049	-1.34014	-0.00265275
0.423944	-0.657033	-3.47699	1.61547	3.13331	-2.08911
-0.012516	0.659395	0.0514419	0.591378	-1.35937	-0.109803
-0.539203	-0.938332	-0.569867	-0.5441	-0.679659	-0.108034
-0.180803	-1.17051	0.605893	0.429571	-1.23039	-0.019878
-0.535145	2.08912	0.786311	-3.22595	-0.867498	-1.65714
-0.0167862	1.97828	-1.49367	-2.30141	-2.65429	-1.82193
-1.75478	0.29722	-2.35791	3.78768	3.45429	2.2212
-0.38622	-0.792964	-0.381164	-0.246003	-0.600069	-0.130162
-0.172032	-0.906151	-0.285378	0.143853	0.387333	-0.112202
1.76519	-1.80431	-2.10211	1.78471	-1.44977	-0.20366
3.44825	-6.56461	1.30402	-2.2654	-0.0237476	-0.581369
0.124805	0.56141	-1.06015	-0.173157	3.33122	-3.95653
-0.392	-1.06928	-0.797906	-0.273619	-0.0675677	-0.0724759
0.59769	-3.94211	3.78405	-4.9124	4.6006	1.6848
0.337548	0.149877	-0.601111	0.664159	0.736519	0.785116
-0.424607	-1.49292	-0.635148	-0.386613	0.505866	-0.00965488
-0.202703	-0.301876	-0.200292	-0.29849	-0.0568078	0.0196767
1.11225	0.535927	0.0579074	-3.85434	2.38153	3.79582
0.577613	1.8881	0.302683	-1.43941	-1.32205	0.383761
0.384815	2.61579	-1.31461	1.60237	0.665566	1.29811
1.11985	-1.3314	-1.269	4.18898	2.17142	4.77109
0.041382	-0.519318	-0.32213	0.596854	-1.5333	-0.414421
-1.07066	-0.83166	-0.000965037	-0.878445	-0.301111	0.47429
-0.237265	-0.852191	0.0279869	-0.376561	0.0236367	-0.069606
0.0889397	0.444847	0.268869	0.685285	-0.195953	0.421187
2.87461	0.255479	-4.78231	-4.29996	0.999292	4.99099
-0.812099	0.710098	-0.0617504	-2.2852	-5.0394	1.93625
-1.30553	-0.10897	-2.2866	5.01754	0.871007	-0.986862
-0.177287	-1.04915	0.120111	-0.214876	-0.0993298	0.205925
0.206654	-0.477051	1.19123	7.32529	-4.51896	-8.42001
1.234	0.124627	-4.7912	-3.17975	0.712454	6.34033
0.243987	-4.22962	0.97921	4.82258	3.4996	2.12242
-0.588329	-1.60487	-0.20866	-0.490716	-0.289487	-0.146568
-0.890202	1.18119	8.77422	-4.03567	-2.33393	-1.65556
0.929656	-4.85392	3.52884	-3.10038	1.4869	6.59797
-0.686212	0.995291	-2.40089	-1.70455	0.110103	-1.13004
1.98262	-0.969668	2.98425	2.20482	-2.10784	-4.47097
-0.394548	-0.522489	-0.469098	-0.363089	-0.284854	0.0101813
-0.0105638	-2.79697	-2.22383	3.81637	7.79225	3.16389
0.213217	0.601758	0.748396	-1.40693	4.63564	4.8778
-0.620157	-1.88668	-0.376666	-0.566529	-0.229698	-0.0321946
1.42754	-0.594532	0.906374	2.70729	1.55291	-2.4073
-0.206977	0.371191	2.38532	0.413297	2.12749	-0.233494
-0.282357	1.0376	0.768298	0.983733	0.0868855	0.318429
-0.584215	-1.67032	-0.342827	-0.725963	-0.269222	-0.058672
-0.122588	6.59158	0.267789	1.47587	0.794072	-1.01074
-1.39614	4.92046	2.33882	-1.74603	0.236881	0.365976
0.157799	1.34232	0.0625937	3.20739	-3.5617	0.100058
-0.113377	-0.511508	-0.280628	0.413386	-0.341331	0.241019
-0.379977	1.46928	3.75649	-4.27733	4.56026	1.57987
2.308	0.266329	-0.905722	0.949585	0.665816	-6.722
-0.0135019	-1.04268	2.21301	-0.330036	4.4349	-3.18106
-0.0971801	-0.459301	-0.403226	0.73721	-0.294494	0.02457
0.753446	0.373876	0.880863	-0.398686	0.239178	2.6309
-0.730618	-0.994998	-0.639533	-0.253729	-0.306103	-0.117053
0.387394	2.6801	1.53949	0.826504	-2.50517	0.263475
0.681526	-0.926531	0.721167	2.91339	-0.0686316	-1.19183
-0.977721	0.674791	-3.06793	-3.42221	-1.06829	0.958912
0.028907	-2.09721	-0.251094	5.91184	2.73984	1.78168
0.429873	0.268314	4.68191	-0.0331035	-7.46754	-0.240794
-0.496395	-0.987987	-0.701542	-0.280291	-0.390697	-0.218328
1.15287	-2.39493	2.47205	-1.78539	2.54161	0.928521
-0.112178	1.762	-0.158822	-0.992291	-1.32257	-1.70896
-0.136314	-3.5802	0.633349	-1.08521	6.83172	4.1044
1.97999	0.180229	0.699517	0.120533	-0.851613	-2.76782
-0.211486	1.35703	-2.34702	1.02511	0.248197	-1.8073
-0.304454	-0.815352	-0.449628	-0.186316	-0.20714	0.848379
-1.47682	-1.22421	2.72489	2.05793	7.07654	0.0403171
-0.281995	-0.918382	-0.478463	-1.24041	-1.75383	-0.446045
-0.544552	-0.669349	-0.739734	-0.59543	-0.518317	-0.226765
-0.482717	-1.37621	-0.621776	-0.458605	0.0333284	-0.129984
-0.463482	-0.751448	1.92103	0.446114	-2.00939	-0.261045
0.40118	-0.574336	0.563173	3.87746	4.26561	-0.515037
4.09955	-0.0505694	-2.88866	0.492258	-1.97509	1.1437
-0.795362	-0.0374889	0.0118816	-3.47966	1.4172	-0.362971
-0.587714	-2.0752	-0.329101	-0.387126	-0.266661	-0.0057338
-1.42633	-0.380872	7.63647	2.20728	-3.20373	-1.54855
-0.881569	-2.20067	-0.677947	-0.546244	-0.406457	-0.383946
-2.80521	-0.53326	-1.93305	-1.00475	1.67601	0.846584
-1.0114	0.451746	-5.1088	3.83433	2.3271	-0.909085
-0.28847	-0.792434	0.144586	-0.076448	-0.573513	0.0106313
1.71385	-0.00491042	0.248828	0.589661	1.93129	0.641717
-1.40075	-0.830982	-1.67079	-0.211934	0.632257	0.513977
-0.305745	-0.962484	-0.282786	-0.161595	0.255228	0.12341
-0.187452	0.0684788	-0.219641	0.0313123	-0.0200475	0.0192624
0.575337	0.205905	1.13686	2.13858	-0.352809	0.650464
0.670658	-0.101865	1.02727	3.13144	-3.96255	-3.31037
-0.0233529	2.40032	-2.16603	-4.73164	0.308069	0.638416
-2.49318	2.41323	1.3001	0.732952	0.630351	0.0674897
-0.661976	0.217748	-1.05101	-0.994845	3.60049	-0.240403
4.53564	-3.587	0.0863555	2.90438	-0.853536	6.38559
-0.13242	1.47264	-0.913124	2.72656	-5.54912	-6.71935
-0.747281	3.95069	-2.52905	0.544902	0.546163	-0.0777979
-0.667731	1.75987	-0.627251	0.367604	0.262813	-4.57971
0.462865	0.63482	0.306749	1.32412	-2.78662	14.3561
0.590462	-0.748341	-2.10201	7.28737	-0.66375	-4.7855
0.72758	1.31292	-1.53004	-0.778573	-1.80325	2.79898
0.754267	-0.372918	-1.79559	14.21	-3.72345	-8.81263
0.146224	-0.248694	-0.54219	-0.135531	0.93283	-0.0462115
-0.421492	1.52101	-3.17002	2.87338	-4.49713	2.36639
0.703089	-0.298455	-0.653565	-0.620217	5.28642	3.43843
-0.439801	-1.53363	-0.512385	-0.64741	-0.289384	-0.156384
0.0230357	4.43333	-5.58144	-1.05169	-4.7348	-2.57304
0.877274	1.03018	3.67671	-2.10431	0.296108	1.51803
0.280704	1.24834	1.2865	-0.769038	2.08929	1.00464
0.00374148	0.256361	-2.83646	2.34306	-1.07342	1.4235
0.776864	0.44899	0.0994758	-1.62658	1.9164	-0.0432593
0.695343	0.178814	-1.53233	-1.99245	8.4011	6.04678
-0.962087	0.967176	-2.84132	-0.994538	-0.570254	3.61701
-0.363372	2.19351	-1.13398	0.138736	1.16455	-5.27103
0.341289	-0.860535	0.408491	2.90227	-0.382375	4.79111
0.281239	2.29569	2.71582	-4.25686	-5.59984	-0.248791
-0.218716	4.05479	-0.222038	-5.18397	0.554324	1.05452
0.102497	0.686709	0.502739	0.117623	-0.459497	-0.715649
-0.372302	6.69645	-0.262008	-3.22503	-0.880716	-6.52229
-0.710514	-0.652302	-3.97465	2.41964	6.37845	2.43111
0.47012	0.97512	-2.0433	3.07622	-2.64799	10.1222
-0.0479795	1.54787	-0.313925	3.26816	-2.33102	-3.05822
-0.198614	0.0157246	1.5711	3.62476	-1.33755	-0.828616
2.36287	0.828081	-1.09822	-1.46946	-4.67628	-1.13545
-0.0827902	0.11747	0.345976	7.17904	-0.735402	-0.861417
0.758779	0.405364	0.21573	0.955876	0.432632	1.23365
2.04618	-4.21086	-0.818744	2.27579	1.11027	0.911744
0.48746	1.10045	-0.361996	-1.23577	1.03607	-4.91321
2.38869	0.544769	-4.74973	0.253889	-4.81174	-2.92731
3.01108	-2.1946	-4.95924	3.47666	-0.458036	1.03535
-4.59101	-0.644325	2.93209	0.521755	-1.6528	1.33493
-0.7896	-1.5465	4.44006	0.638306	-0.466216	1.99748
-0.114117	0.209255	-1.97776	1.64586	-0.0106761	-0.277434
2.15066	-2.94509	-3.01971	3.15928	0.565654	0.617147
1.78055	-2.82175	0.409121	0.396476	-1.0483	4.69473
-0.0995883	0.196173	-4.82791	4.91902	2.34552	-2.74836
-0.296625	-1.57008	-0.589029	0.91734	0.289832	0.597702
0.0976625	1.5237	-1.15231	6.14865	-6.63012	0.546496
-0.993998	3.096	-3.9998	1.30635	0.868061	0.676054
-0.347172	-1.17394	-0.192796	-0.242681	0.122831	0.00653622
-4.53774	2.80271	-0.832655	0.487915	0.218689	0.190145
-0.26244	-1.25459	2.34199	4.24184	6.82338	-0.336944
0.807795	-4.76292	0.403385	6.60518	-0.187103	-0.106155
0.563661	-3.88635	0.413638	6.38923	-0.761176	0.542904
0.47291	-2.07794	1.3704	0.0236549	0.121647	-0.260887
0.0197543	-3.04236	0.690889	8.25681	0.239672	0.857319
0.388301	-3.0592	4.92696	8.94558	-4.99756	0.458199
-0.17428	-0.395855	-0.679485	0.500425	-0.048875	-0.164535
2.50849	0.277028	-1.69333	-0.296095	1.23956	-0.891047
-0.331539	-1.39914	0.0240299	0.0116499	-0.233931	-0.0381766
0.588247	-0.0807302	-3.80793	2.63143	4.40466	1.08656
0.728591	0.379805	-1.28204	0.733489	0.947584	1.81291
-0.077415	-0.298777	0.198839	-0.180998	0.0565549	-0.00432698
0.0129328	-2.07413	4.91204	4.32914	-1.33932	-0.0558174
-0.54242	-0.984117	-0.327547	-0.665604	0.101056	0.0044358
0.503719	0.546051	-2.31696	1.26569	1.1952	-0.999031
-0.554988	3.33577	-0.734915	-1.5746	-0.595353	-0.000184832
2.73091	-0.855806	-0.963406	2.4768	-4.76018	3.84031
-0.15769	-0.368087	-0.374361	-0.27256	-0.0145652	0.201154
-0.10538	0.58397	7.76306	1.8217	-0.0733224	6.87233
-0.227407	4.49454	-5.27187	-2.20084	2.84525	1.97025
-0.557723	-1.07534	-0.126997	-0.639806	-0.480141	-0.130908
-0.605198	-1.20373	-0.633607	-0.313848	-0.629794	-0.322986
-4.31513	3.2789	-1.95857	-2.6757	-0.118554	0.769007
0.302393	-1.04695	6.39267	2.30638	-5.30701	1.35181
-0.161068	3.823	-3.71318	2.32533	-0.370134	0.157857
2.12305	-1.94049	0.770128	-0.134724	-1.29624	0.4738
-0.519827	-1.2725	-0.0821259	-0.48118	-0.629672	-0.253543
0.248286	-0.378429	1.43495	5.42665	-6.9672	0.377787
0.275489	0.77004	0.502181	0.491087	1.4088	-2.40202
-0.331732	-1.00534	-0.0627929	-0.41684	-0.189692	-0.00337749
0.167327	-1.0509	3.8988	0.389152	-0.756576	0.708509
0.674523	0.256148	1.0601	1.05611	1.1602	-2.97769
0.642808	1.34365	-6.16567	-0.778079	-3.54792	0.541325
-0.348487	-0.129737	-0.734749	-0.495971	-0.421796	-0.015943
-0.204796	3.31237	-3.43721	3.70459	-6.87076	-2.22231
0.00500443	-0.716125	0.268364	0.115789	0.332206	-0.142071
0.0508696	-1.82303	0.029831	6.95799	0.658577	-3.33731
-0.608484	-1.48511	-0.0346847	-0.610764	-0.865942	-0.15349
-0.163471	-1.96553	0.798109	0.336749	-0.289774	0.39992
0.470737	0.645469	-2.3443	-6.53518	2.22807	4.61884
0.291066	-1.6572	-0.358056	1.96089	1.05861	-0.710813
0.083248	1.25404	-2.42837	-3.76932	1.44403	-3.55995
-0.115988	0.0850389	2.35452	-2.05224	4.5597	0.712953
-3.25477	3.13893	0.127542	0.377618	0.203737	0.0888977
-0.262507	0.751485	1.15643	-0.242337	5.45215	2.35323
0.318069	1.1235	1.77313	-0.542406	0.91182	-3.87925
0.393219	0.689158	-0.496802	1.91141	-2.17965	2.03585
2.62083	0.117123	0.231577	-0.266081	-5.18907	5.33178
-0.815474	2.23899	-2.23304	-4.60651	-0.00915709	-0.471772
0.488739	-0.38701	1.23099	1.42821	3.99212	-0.561186
1.79717	-2.05635	3.79272	-1.27737	0.264607	-0.254832
-0.362266	-1.22446	-0.637879	0.0972217	-0.145928	-0.0768707
-0.506506	-1.46223	-0.571863	-0.188594	-0.411405	-0.0521228
0.0674483	0.978044	-3.60773	3.35105	0.925598	1.04821
-0.435943	-1.01365	-0.225469	-0.523718	-0.274457	-0.056052
0.672209	0.272554	-1.22028	0.883048	2.40172	0.643646
-0.322665	-0.917288	-0.0117777	-0.327421	-0.136143	-0.0350323
0.687935	-0.516677	-0.518095	4.13015	1.30943	-1.67952
-0.396837	-1.22419	-0.316764	-0.172175	-0.208126	0.0495331
-0.680014	-0.362294	-0.0211068	0.0850319	0.463506	-0.00567294
-0.314938	-0.58342	-0.481554	-0.216964	-0.160159	0.0216078
1.67922	-1.69118	1.43152	4.00127	0.234659	-0.189277
0.359235	1.12474	3.97379	-4.50983	4.30014	-0.364239
-0.450847	0.983855	-2.45287	0.831449	-2.49512	0.457335
-0.37169	-1.06195	-0.0798991	-0.496377	-0.0356143	0.0101228
1.21511	-0.389655	0.240037	2.97108	0.678251	-0.0293981
0.456077	2.5803	-3.27831	-1.70076	-0.809516	0.870101
1.09439	-1.3666	2.34566	-0.321475	-0.559889	0.0206031
-0.238206	-0.822045	-0.0774819	-0.153635	0.0851295	-0.223508
-1.16188	3.8863	-4.21903	0.0720956	0.866326	-0.55069
-0.523909	-1.91056	-0.389203	-0.307561	-0.0255126	0.00175749
-0.732302	3.47026	-3.72864	-3.10882	-0.997473	-1.8778
-0.0554507	-0.443508	0.0693075	0.240447	-0.363456	0.0547666
0.552061	-0.246437	-3.11381	7.48722	-0.640174	-0.445588
-0.292697	0.04857	-2.73548	1.61356	-0.946254	0.95663
-1.29886	-0.574952	-0.066936	-0.359894	0.14039	-0.00767197
0.831662	1.48055	-2.93222	-2.98652	-2.67427	-5.47805
-1.02599	-0.749146	-0.142401	-0.168443	0.107989	0.124732
0.833868	0.234979	-4.19657	1.41006	2.14559	-0.25372
-5.24024	4.23378	0.211174	0.279408	0.0698947	0.0753455
-2.49836	1.66013	-3.66969	-0.440309	1.65284	-0.76437
-1.15461	3.60632	0.599367	0.76595	0.723084	0.0721607
-0.324166	-1.24303	-0.333923	-0.130725	0.0576084	-0.0410032
-5.80981	2.04375	0.206785	0.897178	-0.136178	-0.030369
-0.765454	-2.38414	-0.434503	-0.62162	-0.154362	-0.103186
0.664901	-2.39661	0.0992469	-0.241341	0.0419025	0.206117
0.925057	1.56998	-0.82092	-6.22273	-2.7212	5.65935
1.60349	-2.91426	4.07267	-1.44102	-2.00317	0.675607
-0.405696	-1.21988	-0.201136	-0.48798	-0.171285	0.0208043
-0.31217	-0.953802	-1.5642	3.85604	1.37635	0.163778
-0.129158	3.48861	-2.73955	-8.46252	-1.52873	-3.81221
-0.934241	4.23327	0.0802834	0.527234	0.120216	-0.00621624
-0.264796	-1.27932	-0.216522	-0.0214853	0.0674993	3.98278e-06
-0.0309723	-1.66448	6.56308	0.542073	-2.56421	4.84122
-0.549113	1.40596	1.83811	0.614181	-6.10262	0.0551121
1.01599	-1.83493	-3.77314	4.97382	7.20491	0.625255
-0.0781999	0.461428	0.473718	-0.316362	-0.0441806	-1.35436
0.402049	-0.808893	1.86151	1.25934	1.09555	8.73048
-0.420934	0.636673	0.69786	0.95358	-0.148129	1.07765
-0.645887	-2.13824	-0.151621	-0.360413	-0.162652	-0.0913446
-0.319623	2.91373	-1.73885	-3.14562	3.09131	-3.72211
-0.371639	1.35359	8.04782	-2.02544	-1.21527	-6.71027
-0.337194	-1.40102	1.35339	0.0221574	-0.74977	-0.421799
-0.0221051	4.23521	-5.718	-3.42294	0.309987	3.05867
-0.643403	-1.42116	-0.683962	-0.542939	-0.523036	-0.19313
0.0606968	-0.115683	1.03958	0.866878	-0.404634	1.48378
0.129695	2.73106	1.8633	-4.29019	0.102056	-1.53156
4.52611	-3.80789	1.60279	4.45811	1.24331	4.03878
-0.660275	3.341	1.10457	-3.1979	1.95287	0.222354
0.210518	-0.966311	-0.0291535	-0.385479	1.24283	0.74367
0.459796	0.0426919	-0.122654	-0.655459	4.17214	-0.346405
-0.285933	-0.925012	-0.243262	-0.117309	-0.21437	-0.0195857
-0.553047	-1.78146	-0.16942	-0.4892	-0.271316	-0.0377863
0.209689	-0.547044	-2.75972	-2.64331	6.20563	0.590853
-0.262671	-0.939275	-0.0948343	-0.253854	0.0739997	-0.0336046
1.84353	-4.8105	-3.64857	0.701601	7.82279	5.01513
0.501379	-6.79388	4.00004	4.4032	4.43287	-1.40191
-0.401662	-0.258417	1.5198	-6.43964	4.83792	2.31378
-0.34686	-1.26223	-0.533224	-0.0741334	0.0875331	-0.136942
1.21314	-1.4346	-3.46717	3.95354	5.3473	3.19445
2.60951	0.44967	0.434777	-1.39434	0.134246	-1.85565
-0.517514	-1.16926	-0.55088	0.173295	-0.524494	-0.452176
-0.598113	-0.829005	-0.00394922	0.588642	-0.733627	-0.219099
-1.03041	-2.94286	-0.321008	-0.703471	-0.658592	-0.269606
-0.00354839	0.128872	8.53179	-1.42761	-0.329141	-1.31005
1.46561	-0.0533855	-0.259577	0.792017	1.22246	-4.71585
-0.189946	-1.04919	-0.0912801	-0.104407	0.121844	-0.0224464
0.110642	0.0789762	9.13257	0.426657	3.20727	5.90348
-0.289043	-0.982809	0.0528988	-0.0446301	-0.320483	-0.0759571
-0.025919	-0.61729	3.56084	-1.52976	0.800234	0.491761
-1.34081	2.51776	0.373022	-3.27642	1.61949	-6.29463
-1.09593	-3.36451	-0.855668	-0.750086	-0.33669	-0.0223885
-1.49699	5.18921	-3.60375	1.69039	-1.60489	-2.01389
-0.50452	-1.19319	-0.298929	-0.56905	-0.382429	0.0830549
0.119383	-0.167047	1.19889	1.2	1.49596	-0.0794378
3.09595	-1.04836	-0.234699	-1.03392	4.29894	3.15083
0.555874	-0.594474	0.735218	-3.21136	11.5201	3.16112
0.312231	0.753949	2.89504	-0.494655	-0.202041	0.168443
0.68046	-0.619385	-2.2554	-3.12676	1.5741	-0.327137
-0.3268	-1.03155	-0.0781057	0.00497939	-0.127128	0.153905
0.950764	-1.0185	-1.87353	0.705507	5.80127	2.87931
1.21999	-0.416568	-8.36723	4.51357	1.17482	-9.74955
1.01611	-0.359748	-2.38749	1.32738	1.99131	0.184656
1.62387	0.664225	-0.745394	-0.418165	-4.02753	0.189149
-0.440445	-1.81382	0.14652	-0.404136	-0.111381	-0.0535078
-0.0632236	1.32899	-0.036431	2.77144	-2.74135	-4.80657
0.973375	0.514891	-0.152408	0.939609	-2.6055	4.48668
0.0755061	0.102983	-0.0370172	0.297729	-0.0195873	-0.127195
-0.530049	-0.805654	-0.65364	-0.700921	-0.303654	-0.0861642
1.27712	-3.82694	-3.56172	3.60562	-0.966293	-0.813785
-2.15438	0.197223	7.48337	-0.17345	-4.90527	2.32003
0.980415	-3.29432	3.22394	-1.59495	6.12412	0.842711
0.803066	0.431012	-6.70535	-2.52911	2.46152	0.745764
-4.73817	1.68061	-0.899578	1.17543	1.68488	0.320394
0.0470502	0.996683	1.8177	-2.86858	0.454317	4.80697
-1.35888	0.971759	-2.26352	-0.257069	2.93099	0.653014
0.993899	0.392264	1.13049	-0.0854316	-0.649157	-1.35866
1.29965	-0.448038	0.611015	0.840108	0.148002	0.100215
-0.475335	0.911226	-3.00511	3.82139	-0.314251	-1.7849
-0.250532	-0.851658	-0.187267	-0.208448	-0.0375075	0.0242134
0.755313	-0.632262	0.699435	3.3446	0.960793	-4.62511
-0.13955	7.4811	-3.91	-4.52912	-3.0908	-1.46497
0.360353	3.35621	4.74048	-5.89832	4.45849	-4.22386
-0.395061	-0.975864	-0.0297197	-0.562414	-0.0788959	-0.306804
-0.963643	-2.51175	-0.779537	-0.0996317	-1.06132	-0.476855
-1.05994	-1.76891	-1.22676	-0.625104	-0.972776	-0.362999
-0.545781	3.39102	-1.0966	-0.0938872	-9.04042	-1.66983
0.17395	0.407074	0.384016	0.358897	-0.525143	11.3847
0.68256	0.107253	1.01647	1.13194	-1.03609	0.450488
0.726534	-2.45301	2.48636	-0.550192	-0.29261	7.11873
-0.577188	1.30312	-1.33497	-3.49025	2.62236	10.135
-0.304687	0.91355	-7.11234	-0.323966	4.51654	1.16985
-0.0652683	6.28513	-2.85071	0.217437	-6.24141	3.52746
-1.47984	2.08669	-1.75521	-3.03951	-0.795083	0.41353
-0.511731	-0.782413	-0.753487	0.283382	-1.05354	-0.422387
-0.80532	3.28135	-0.510555	-8.37525	1.43901	-3.69714
0.146436	0.216111	13.4129	0.67443	-0.0386799	-4.15309
0.129453	-0.526433	1.12485	2.44289	0.106596	0.567124
1.4878	-0.400949	-2.1545	-0.880938	0.596751	7.48338
0.840334	-0.647822	0.0411394	0.0496401	3.47975	1.85356
-0.0668433	-0.557571	-0.369473	7.27585	-0.791737	0.547013
0.400858	-1.37717	-0.634335	3.81756	-0.792964	-5.41108
0.162953	-0.910441	2.38288	-1.00712	3.78441	3.59585
0.144319	2.62688	-0.465045	-5.30755	-0.724617	-9.91277
-0.0050156	-1.7108	-1.048	1.72182	4.01256	1.20576
0.566837	-0.858804	1.47957	-1.50359	6.34536	-0.867639
-0.540693	1.63091	-0.0554587	3.90801	-7.21722	1.54015
-0.325871	0.527469	7.95481	1.61199	0.624659	-2.24742
0.942721	-4.09508	-2.41675	3.82795	4.8862	4.41697
-0.320297	3.32058	-0.191782	-0.401436	-2.2106	-3.26669
0.48864	-0.743456	-1.36026	7.8235	1.33305	1.2552
-5.22388	3.55126	-1.26478	0.047977	0.43498	-0.00501917
-0.278523	2.73032	-5.7744	7.96019	-1.64295	-1.90905
-0.230691	1.93809	6.27277	-4.8677	2.46927	-0.14551
-0.857157	3.49376	-2.92285	-2.86325	-6.60924	-0.389731
0.69396	-0.0799219	-0.67345	1.79446	0.233414	-1.12659
0.280742	0.401949	-3.67892	3.70832	-3.13353	16.7295
-2.39842	4.58577	0.228523	2.75477	2.06736	0.831718
-0.285794	2.66392	-7.21599	-2.71734	-8.53413	4.47442
0.127033	-1.70037	2.39111	0.706704	-0.179459	-0.613617
0.699538	-1.52196	1.40638	-0.652229	-0.21482	-0.484137
-0.362957	-0.0644797	-0.332308	-0.379051	-0.416321	-0.153926
3.16994	-0.275911	-2.12819	-4.86233	-2.70204	-1.83722
-0.438748	-0.488325	4.46918	2.74865	3.41907	0.780347
-0.552042	-0.72908	-0.300672	-0.0604194	-0.501648	0.0167788
-0.798331	-0.89404	-0.722418	-0.630067	-0.520381	-0.245567
0.667052	0.518099	2.65384	-2.63465	-1.34225	-1.09045
-4.65346	4.64848	-0.399726	0.184595	-0.0718833	0.0209166
-0.730739	5.83253	-0.938711	-1.74384	0.623786	0.358011
-0.421964	-1.0328	-0.320761	0.0677366	-0.47323	-0.021249
-0.514111	0.733987	4.83638	7.69206	-7.00479	1.32919
-0.476925	-1.16894	-0.788682	-0.288132	-0.106174	-0.0377722
0.625323	0.39908	-0.213293	1.09788	1.03303	2.52216
-0.151699	1.01121	5.70342	0.199407	-3.92872	-0.336161
-0.319315	0.682197	1.32305	1.4607	-0.432801	1.59347
0.366625	1.00469	1.65131	-0.528794	4.03295	-5.79456
0.258661	0.631096	0.576925	-0.296006	-0.0236735	-0.0744288
1.08968	-4.95339	1.63014	3.48039	1.67256	-0.86161
-0.619161	-1.70114	-0.3801	-0.355988	-0.281413	-0.0862982
0.186558	0.781319	0.152308	0.932508	0.65448	-1.2253
0.219575	-2.65091	0.635132	12.7839	2.64929	0.288435
-0.769548	1.19625	-0.709138	-1.35667	-1.05058	1.019
-0.167814	-0.519809	0.0634862	-0.0584591	-0.11162	-0.0124464
0.131582	0.08959	-0.21108	0.0210184	0.295566	0.276482
0.252556	0.642212	0.854829	12.9322	-1.12138	-1.3733
-0.463272	-1.39255	-0.420349	-0.116863	-0.461832	0.127086
0.332727	0.80227	1.75166	0.339725	-3.60493	4.78585
-0.354075	-1.4693	0.129031	-0.212715	-0.151755	-0.114972
0.221389	5.90285	-3.36441	-0.11653	-14.7215	7.28573
0.607316	-4.6306	7.36453	-0.320362	4.49505	1.09879
0.163054	-0.612171	-0.0930013	-0.857092	-0.32644	2.14414
0.430237	-1.72371	-0.942671	-2.17924	1.96032	-0.251359
1.53982	1.18541	-1.45982	-1.72614	-3.76652	-1.72926
-0.356153	-1.65189	0.074733	-0.521889	-0.586042	0.455771
-0.390228	-0.7971	0.0606936	-0.0675676	-0.930671	0.623894
0.370489	-1.55276	-1.22061	2.96781	5.99171	-1.77555
-0.449038	-1.18263	-0.319939	-0.565791	-0.24119	-0.0544886
-0.268797	1.16884	-3.26587	-1.13711	-0.693977	-0.302669
0.964535	-0.353262	-0.0533386	1.93354	1.47816	1.27888
0.817981	-2.30615	5.35264	3.27501	-0.0706848	0.488528
0.396518	0.681	-1.74666	2.82075	-0.010183	-4.3803
1.57371	0.860022	-1.71296	-1.22054	-2.59846	-1.21423
-1.51011	-1.53562	3.97793	-0.0549796	-1.1511	0.240514
2.17892	0.0149762	0.734661	1.91713	-1.12084	3.37132
-0.14386	-1.82146	-1.03651	2.00764	-0.481528	-0.000267732
3.60805	-1.46178	0.527143	3.4084	0.0415909	1.61776
-0.128446	-0.352823	-0.173441	-0.17532	0.0803061	-0.108636
-0.499695	-0.731283	0.0848559	0.229566	-1.1337	-0.0811784
-0.887868	0.753255	-1.54196	0.197238	4.36579	0.753442
0.222004	-1.40849	6.82659	6.09684	2.02489	-3.34497
-0.588643	-1.16117	-0.399209	0.186709	0.0748484	-0.0450028
-0.520676	-0.931068	-0.179055	-0.175946	0.155679	0.0721126
-0.355788	-0.935164	-0.447874	0.0155179	-0.141464	-0.0376912
-0.791479	-1.15687	-0.0773676	-0.00424292	-0.125752	-0.178254
-0.15529	0.522366	-5.08165	3.54304	0.446301	0.120286
-0.419724	1.80086	4.01679	-2.97102	-2.61612	2.41836
-3.38558	2.18905	1.09096	0.394148	1.04123	0.149735
3.07098	0.177001	-0.301119	-0.124514	0.313802	0.93974
-1.43877	3.04783	-1.05042	2.31588	-1.50297	-2.8049
0.674888	0.580919	-0.977816	1.5802	1.01459	1.49966
0.110104	3.81802	-1.47292	-1.99079	-3.43582	-2.14356
2.20445	-1.24033	2.24936	-0.526308	1.50646	0.85037
-3.81798	3.19877	-1.47228	0.351303	0.421896	0.224256
-0.0925248	2.80605	-1.03094	-3.3208	-1.32211	0.243442
-0.261482	-0.959406	-0.0752342	-0.272456	0.0112127	0.0078284
0.0702209	2.37614	-0.52853	-0.91833	0.0132552	-0.0214555
-0.178731	-0.583033	-0.146246	-0.05813	-0.0253349	0.0283884
-0.416209	-0.953474	0.0490511	-0.188655	-0.0851509	0.0475119
-2.59812	1.9968	0.00157198	0.387387	0.158323	0.046029
-0.248415	-0.975849	-0.319568	-0.126296	0.0140733	-0.0178239
-0.82157	-0.80321	-0.0300769	-0.400916	-0.250658	0.0353263
0.176804	1.02533	-1.64224	0.269579	-0.880901	-1.32606
1.33015	0.576744	0.259536	0.702523	-0.246839	-2.89058
1.03004	-1.63857	6.72095	1.01059	-2.91103	-0.881828
-0.742832	-0.806601	-0.064678	-0.584478	0.0575437	0.0411011
-0.401935	-1.17229	-0.0963285	-0.455878	-0.0185344	-0.0589612
-0.157945	0.357264	0.0740436	-0.0253403	-0.409905	-0.739077
0.427399	0.474004	2.60967	1.18629	1.41067	-4.55217
0.341395	1.89318	0.204279	7.81529	-7.13474	0.782425
0.523713	3.96234	0.867354	-7.79874	-1.27437	-1.22265
1.46092	-2.83308	1.26968	-1.13537	0.381909	-0.396942
1.11708	1.49319	-2.55222	-1.54585	3.48567	-2.23021
-0.601969	-0.46592	-1.04693	0.51718	-0.480818	-0.107135
1.47959	0.288336	2.47299	0.836662	-1.52355	-0.45783
0.137703	1.92346	-4.07046	-0.363079	-3.25431	-0.235023
0.0478221	-0.355411	1.02804	6.02117	2.93218	2.31455
0.519789	1.13448	-3.58459	1.80444	1.14277	-0.0195229
-1.23689	-0.609792	-3.32323	0.11375	-0.0846788	0.00205342
-0.271656	-0.866768	-0.256602	-0.411205	-0.0911086	0.0198002
2.21765	-1.39394	1.79812	-2.51582	-3.42102	-1.81021
1.30722	0.122383	-1.08169	-1.10169	1.86486	0.338257
1.04928	-1.27685	4.70388	2.63365	-1.25325	0.51763
0.462235	-0.981268	1.59058	-1.12129	0.121655	0.9186
-1.09213	4.39428	-6.95331	0.763026	-1.18903	0.260147
0.327254	-3.6763	6.45873	1.8555	4.22635	1.26802
-0.872535	2.49061	-7.05931	-4.85853	-2.3068	0.982836
0.000901404	0.731487	3.44315	4.80593	-6.65834	-3.35871
1.43761	-1.53279	-0.455531	-0.562503	1.90473	0.571159
-0.53738	-1.48204	-0.573192	-0.320554	-0.274742	-0.104582
-2.99085	2.50094	-0.298948	0.556105	0.0292188	-0.103772
0.107391	-0.0377435	2.60603	-0.203758	2.65899	0.155718
-0.686178	1.74174	0.28426	-2.71284	-4.55799	-1.86374
0.624019	0.5216	0.00717155	-1.72912	5.80669	-1.24207
-0.849721	4.04814	3.99137	-6.28478	2.2166	-5.04553
-0.421718	-0.816794	-0.611685	-0.530246	-0.148024	-0.0754349
-0.48061	-0.989874	-0.348256	-0.411093	-0.595554	-0.203322
1.58258	0.511772	-0.0969992	-3.08754	1.18611	1.74166
-0.359549	-0.883367	-0.25264	-0.264524	-0.456279	0.0207113
0.261831	0.645015	-3.55439	0.18697	1.2914	4.73625
1.02874	0.574068	9.22826	-4.11309	-4.02753	5.98741
1.06967	0.336686	-2.18595	0.337049	-1.01502	3.30819
-0.222643	0.641488	-0.265643	2.10055	1.15392	-0.190343
1.14995	0.655573	0.575408	-3.09954	4.95185	-2.05555
0.385467	0.403318	2.33392	-0.0539626	1.93921	-0.894271
-0.0115232	0.234278	0.130564	2.94648	0.782235	-0.19625
-4.41262	0.11046	0.0515215	-0.152625	-0.0382723	0.0390191
-0.813478	-2.99678	0.190095	-1.34432	0.482474	0.265826
-0.149768	0.338076	0.246593	0.320057	-0.203125	0.198514
0.344307	3.54856	0.896708	1.10237	-0.90884	0.0784532
-0.32081	-1.02425	-0.3583	-0.126058	-0.0405547	-0.0610056
0.401324	1.20698	1.11951	-3.28493	3.07323	-6.84472
-0.404555	-0.634266	0.429706	-0.00335503	-1.1096	-0.26231
0.366172	0.701295	-2.62917	0.808986	1.33069	-3.32942
0.986735	-0.0553922	-1.23872	2.58327	1.04033	-0.383091
0.273229	3.22594	-3.06174	-5.26484	-2.16582	0.582328
-0.456079	-0.797897	-0.368662	0.419381	-0.0579203	-0.15276
0.094328	0.52833	3.55847	-1.31728	-0.606739	11.4266
0.0255393	-2.07979	-4.13934	6.76728	2.70157	1.57107
-0.336022	-0.603735	-0.158136	-0.344031	-0.519469	0.018016
0.0585666	-0.236015	-0.604643	-0.0101482	1.26887	0.951586
-0.472972	1.2728	0.184134	-1.69291	-0.468013	-1.34414
-1.86185	3.08349	-0.47788	-0.096156	-0.405842	-0.148334
1.47779	-0.640358	-1.06523	4.17035	-0.749492	1.48521
0.110583	0.18008	0.423672	1.20959	0.316993	11.865
-1.24914	1.95473	0.981025	-0.232066	-0.0112203	-0.00595721
0.411031	0.263027	-1.41105	1.67808	-2.37307	-1.98538
-2.56921	5.8718	-0.038418	0.768287	0.263986	0.0507588
0.204253	-0.5053	12.0455	2.64332	1.36074	-10.7582
0.0292319	0.913278	1.01256	0.465789	-0.848947	-4.01875
-0.863459	4.01674	-0.237501	0.826773	0.1292	0.10939
1.04644	-0.180342	0.0992196	2.00686	0.937167	5.10755
0.245593	4.53521	-4.68677	0.0122276	-3.38655	-13.6212
1.24537	-2.3359	0.164866	2.04956	2.71807	-0.237311
-0.472677	-1.99077	1.79557	5.53261	0.489792	0.712188
-0.0776389	-0.210384	1.61289	1.1885	0.581654	2.51796
0.453053	1.97658	-1.0861	-9.92007	-4.95929	5.57924
-0.520501	-1.95201	-0.199947	-0.19287	-0.0352133	-0.0135733
-0.443441	-1.52574	-0.273523	-0.188493	-0.0830265	-0.034254
-0.719607	5.59079	-2.98815	-3.37988	-1.67146	1.23264
0.0408919	0.79084	2.15281	-0.189211	-1.45981	10.397
0.980696	0.716171	-4.99425	-0.641151	-1.08581	1.20848
-0.648293	0.755225	-2.03354	1.93333	-0.400085	2.14772
-0.350541	-0.0669134	7.54381	0.408858	1.50328	-4.51397
-0.379523	-0.944113	-0.10168	-0.617808	-0.218487	0.0422776
-0.314691	-1.21804	-0.449576	-0.266944	0.148163	-0.0717165
-0.668901	4.96894	-1.24357	-3.01492	1.45643	0.756324
-0.55312	0.394988	3.58173	-0.63889	0.791444	-1.17556
-0.0179789	0.897877	6.94624	1.21375	-4.25061	0.745789
0.141068	-0.266593	7.73031	-1.77888	3.3054	3.62653
1.33636	-1.00606	0.907226	-0.809107	-0.273234	-0.269111
-1.80717	0.387175	2.89817	-0.385157	-2.42254	-1.50519
0.762475	-0.439073	-2.71615	3.77725	-0.607931	-9.78175
-0.750974	1.46544	-0.344301	2.95059	0.363364	-4.18845
1.67283	-0.386105	0.916015	-2.71521	1.22092	0.832257
-0.25417	0.191091	-1.0067	-0.435287	0.445061	0.361162
0.276131	-0.170396	-6.08493	4.92155	-4.71551	2.42219
1.28473	-1.71844	1.0363	3.73865	1.32861	7.40886
-0.547296	4.32092	-0.460003	-7.4985	-0.185334	-2.4981
1.51184	0.252486	0.250427	0.891395	1.2156	1.53771
0.0422144	0.363127	-0.833625	0.369642	0.458882	-0.0300522
-1.84953	3.3833	2.8129	-2.933	-3.89894	1.07685
1.14437	-2.79566	1.98048	-1.58573	5.32077	-1.99046
-0.631623	1.72276	1.86645	0.586887	-5.28756	8.81583
0.927414	-2.37927	1.85844	2.32307	1.79155	6.2513
0.929042	-2.51134	2.59617	-0.984476	1.55866	0.886564
0.130428	0.449329	2.1302	2.37605	-0.158494	-5.90768
0.167959	-1.20423	-0.469469	5.81864	2.49844	-8.79192
1.46514	0.318717	-1.82755	-5.69791	-0.375763	-2.87425
-1.80444	-1.44839	3.1611	-1.85589	4.43422	2.11012
-0.426004	-2.04246	-0.208247	0.0968809	-0.212668	-0.0171807
-0.494531	0.223729	4.37757	1.44253	1.24178	-4.43466
-1.28079	4.22359	-1.82576	0.986511	-0.0201078	0.315507
0.624932	0.287895	-6.10928	4.05446	-3.72745	-1.97436
-2.19344	-0.603547	-0.181119	-0.0443755	0.00910201	0.0456517
0.138379	0.197356	-0.572575	-5.77934	8.48672	2.50073
-0.511448	-1.94705	0.0389621	-0.747642	-0.175375	-0.0310307
-0.678525	-1.56649	-0.79525	-0.543593	-0.307362	-0.133361
1.51091	0.684499	-3.61642	-5.66507	-2.37545	-1.52539
-0.488843	-1.67792	-0.279112	-0.426015	-0.105673	-0.175597
-0.466985	-1.32956	-0.381057	-0.456633	-0.246747	-0.0235315
-0.957867	1.33233	3.31958	-4.23408	0.843533	6.08022
2.56634	-0.0981285	0.478609	-0.118272	0.077277	2.56777
0.152196	0.350049	0.028049	0.479323	0.0527092	0.0903524
0.0641432	2.77594	0.871146	-4.39911	-7.59038	0.688858
-0.471519	-1.69938	0.945283	0.178637	-0.00105732	-0.177089
3.22352	-0.66362	0.939435	1.31469	4.22323	0.772161
-0.397315	-0.730183	-0.548404	-0.168981	-0.121071	0.0414646
0.248477	0.0981778	-1.27221	-4.38995	9.27893	1.24033
-0.176589	-0.374604	0.740815	0.121923	-0.335599	-0.238281
-1.86853	3.08408	0.163885	-4.08187	2.37361	0.948653
-0.908143	3.31603	-3.55424	-2.09183	0.830953	-0.0342934
-0.339572	-1.09049	0.0332907	-0.551364	0.0384235	-0.133358
-0.224815	3.54219	-3.52622	7.20209	-1.5214	2.59918
-0.361111	-1.03393	-0.864022	-0.0156695	-0.123996	-0.0652164
-0.514166	-1.78236	0.0211178	-0.504831	-0.35419	-0.0256489
-0.863172	1.7265	6.80069	-3.01585	-2.8487	-0.529338
0.583625	-3.04733	0.493951	2.5049	3.74051	2.88807
-0.0719928	5.10698	-4.39803	-3.42078	-4.23073	-1.79258
-0.38327	2.25747	4.21732	-3.93342	-0.261636	-1.3485
0.140021	0.765167	0.414561	0.421258	0.0462401	1.46075
0.35532	0.625493	1.35503	0.78579	0.829837	-0.559126
3.42135	-0.604083	0.306068	1.17104	0.223395	3.15089
0.146969	0.3195	-2.21605	1.17204	2.82987	2.11406
0.690183	0.0467223	-1.90705	-1.68119	2.59391	2.00918
1.85899	0.530192	1.20952	-0.103672	-4.14366	1.29667
3.83437	-6.03814	4.93191	1.02693	0.0509799	-0.56475
-0.820431	-2.54031	-0.736102	-0.655734	-0.279238	-0.0954003
0.545745	0.357389	-0.231183	-0.26217	0.902241	-0.649253
1.58617	-0.0831811	0.758234	-0.284866	0.906921	0.295588
-0.0943802	-0.196961	-2.95248	0.431762	5.91463	2.75797
-1.57518	-3.48917	-0.882901	-1.30683	-1.92004	-0.466692
-1.07759	-1.74434	-0.687335	-1.01744	-1.45751	-0.549306
1.92578	0.299122	-3.66341	-4.19385	0.273777	2.32818
2.12266	0.298394	-0.153529	-1.12037	-1.6605	2.64463
0.468468	-0.00522944	-0.613411	0.341178	0.692537	1.75016
-1.01111	-0.49154	-1.3665	5.19468	6.06116	2.33211
0.0053089	2.27984	-0.0349408	-8.3861	5.6905	-0.660473
-0.048911	0.513083	0.51328	-0.47343	-0.641985	0.26316
-0.797099	-0.855777	-1.11267	-0.90533	0.343976	-1.3168
-0.562501	4.1499	-2.04143	-5.13243	-0.332292	4.29175
-0.651398	-1.08682	0.0415673	-0.628794	-0.11588	-0.161034
-0.0272779	-0.296426	4.01952	-3.47488	5.11826	3.94981
3.72682	-0.59014	-0.423551	0.488405	0.856553	-0.264087
-0.725492	-1.46689	-0.701684	-0.588862	-0.582312	-0.221591
0.147382	2.20088	7.28582	-1.95185	-5.38831	0.891653
-0.551716	-1.26358	-1.03519	-0.339967	-0.100578	0.122469
0.697688	0.224455	-0.608292	0.866283	0.686432	-1.59016
0.0521031	5.16735	-1.05908	-4.22595	-3.30314	2.0303
2.1148	0.377077	0.0579581	0.340216	-2.26795	2.32767
-1.09297	4.62561	-3.1116	-1.93121	0.92471	0.841666
1.66905	-4.56122	0.0746271	-0.853933	-0.512393	0.206956
-0.0518116	-0.790349	0.363518	0.00473676	-0.0775028	-0.0047235
2.00607	-1.96533	-0.412473	2.64547	1.88937	-4.52994
-1.46609	1.92503	1.64038	1.79939	1.66737	1.1955
0.40832	-2.72321	0.742728	-3.61272	1.66313	-2.73397
-0.0638187	1.29811	2.92882	1.29133	-5.01865	-2.12744
-0.477889	-0.614919	-0.732199	-0.252337	-0.553465	-0.309125
-0.211418	-1.04466	0.501788	-0.195369	-0.00985306	-0.0281943
0.243273	1.28488	-8.8071	-3.45883	6.82226	-0.464128
0.623786	-0.251041	0.0788059	3.69759	0.638291	4.25195
-0.255627	-2.53081	6.75486	1.05334	2.56161	-0.414853
-0.39439	-1.49567	0.867973	5.7845	-0.849721	4.27076
0.498938	-0.580556	3.15036	3.26391	-5.55075	12.3431
-0.0387304	0.640685	-1.77848	0.81701	0.522819	-0.875247
-0.545093	-1.55793	-0.369132	0.00404625	-0.680828	-0.143812
0.520661	-0.034307	0.492345	0.185805	7.28104	6.2053
0.966361	0.73361	0.755572	1.23564	-6.69909	-2.30051
2.05674	-1.68558	-4.19947	2.46293	-0.95625	0.7113
-0.162934	-0.612562	0.0265151	-0.0408724	-0.050735	-0.0689485
0.303793	-0.218443	-0.266689	0.55373	2.33791	0.0471519
0.04991	2.20311	2.01129	-2.57389	-2.25156	-0.509381
0.143288	-2.5527	1.25621	-0.851797	-0.377346	-0.277454
1.13441	0.888355	-1.22618	-2.52939	-0.0492271	-0.470788
-0.343946	-1.01521	-0.684398	0.192379	-0.0198487	0.0509891
-0.967276	-1.07318	-0.231823	0.272665	0.359605	0.664859
0.950079	-2.21404	-1.64884	-0.960193	1.92446	-0.772371
-0.38756	2.43827	0.343228	-7.23997	-5.40685	-2.98526
-0.146118	-2.04545	1.20195	-0.357164	0.18046	0.00960208
-0.488918	-1.15752	-0.487062	-0.730947	-0.143645	-0.0468648
-0.84655	3.42984	-0.262386	-0.963435	-1.0721	-1.66645
0.43042	1.02458	0.551981	-4.91432	7.16583	-0.908058
-0.405236	-0.574314	-0.742251	-0.276066	-0.117148	-0.0178413
-0.722062	-2.26046	-0.622013	-0.232513	-0.416818	-0.0503636
-0.316928	-1.18353	-0.461885	0.0224953	-0.106859	-0.287399
-0.171097	3.37954	-6.15304	-4.37924	-4.69559	-1.64656
0.307879	1.579	0.26404	-3.63182	0.183386	-6.17237
1.06047	0.235458	0.801933	2.41078	-0.0648842	1.19772
-0.0197207	-0.171246	0.977841	10.6373	-0.16879	0.459258
3.5644	2.28013	-1.1145	-1.70142	-6.65584	-0.306337
0.630952	-0.466534	2.44643	1.13896	1.17196	-2.10169
0.0273604	4.67921	-1.55473	-6.80474	2.36048	-5.16188
0.161113	-0.364185	9.25987	1.33775	-4.43515	1.70401
-0.190406	1.80726	-3.35177	3.00899	-1.23814	-0.257786
0.0995218	0.294834	0.66927	1.64295	-0.413688	8.52476
-1.33556	-2.34603	-1.23121	-1.23777	-1.78024	-0.346513
0.551278	-6.24532	-0.582782	-1.62518	7.71493	0.02736
-1.35041	5.94528	1.85036	-0.956107	-5.05051	0.546336
-1.00825	5.02186	-0.422017	0.897037	-1.04099	-1.80043
-0.427437	-1.24552	-0.841852	0.115995	-0.371257	0.036783
0.456175	3.0194	-6.35262	3.96458	-11.0464	-3.49322
0.238185	0.930179	5.03388	-5.52954	2.93442	-1.76562
-0.36723	-1.35089	-0.414036	-0.287923	-0.0165705	-0.046489
-0.304372	-1.56548	-0.24623	-0.243733	0.177538	0.0247174
1.06783	0.480591	1.06981	0.433767	-2.5111	0.171513
0.387052	-0.649019	0.228497	1.82294	2.45529	-0.155658
-0.105398	-1.98303	-0.268539	1.34653	-0.204156	0.0556315
-0.0681326	-4.41096	-3.7279	5.92152	-2.1072	-1.55007
0.0266692	0.162809	2.88767	8.0164	-6.72044	0.919952
0.167815	0.0497146	-0.696964	6.80368	1.75682	-9.02502
2.44414	-2.22573	1.82975	0.235737	-0.639435	0.320037
-0.310662	-1.21243	-0.556039	-0.0551815	0.0577257	-0.0618103
-0.468366	3.43328	4.35616	2.01259	-1.91989	-1.67698
-0.21189	4.11581	-0.0653121	-1.20467	-9.24729	-2.47443
-0.474756	0.846953	-0.695973	6.29806	-7.58252	1.90634
-0.474447	-0.926784	-0.789013	0.107857	-0.598549	-0.336588
-0.483786	-1.17394	-0.525601	-0.298423	-0.240043	-0.198711
-0.278905	0.385142	7.25953	-0.0157952	-6.91219	1.60559
-0.479937	3.22795	2.6234	-5.6244	0.599881	0.164852
-0.610725	-1.6323	-0.451952	-0.137247	-0.627602	-0.225969
-0.948046	-2.97643	-0.715941	-0.331024	-0.362636	-0.123996
0.115832	1.00089	0.891862	-2.95113	-0.204736	1.67679
0.752244	0.350994	-1.49395	0.00322029	0.18208	1.87634
-0.948936	-3.0075	-0.459898	-0.841889	-0.564091	-0.169507
-1.65655	-0.982177	-1.10545	-2.41948	0.870702	-0.266894
-0.588687	-1.78122	0.225538	-0.581402	-0.645525	-0.147545
1.834	-2.96522	1.81748	0.081669	-3.85906	0.277655
-1.51232	2.21688	-0.734085	0.55301	-4.0224	-0.692359
-0.808252	-1.43922	-0.293198	-0.634794	0.632352	-0.546847
0.415199	0.56153	0.379828	0.638185	-5.21598	-2.06992
0.261544	0.459409	3.56252	-7.83297	1.06622	-1.21922
-0.486343	-1.7683	-0.526114	-0.036274	-0.0792676	-0.0301527
-0.24444	-1.00337	0.159462	0.124178	-0.359463	0.035295
-0.583116	-1.01917	-0.0148011	-0.339596	-0.0912493	0.146158
-0.448561	-0.912321	-0.49081	-0.800778	0.183043	-0.0692758
-0.0655138	1.21465	-0.411261	2.01044	0.0355957	-0.565895
-0.0441449	-1.04856	-4.0475	6.95899	-2.56168	2.34986
-1.43839	3.10096	0.0146314	0.416579	0.224891	0.0359501
-1.14781	2.36491	0.429006	-0.529102	0.175202	0.0570363
-0.53432	-2.09714	-0.135583	-0.278978	-0.124884	-0.0728555
-0.821981	2.80715	-5.08663	-0.474959	-3.45081	-1.18798
0.777984	0.448751	0.874465	-0.17351	-0.298347	1.5111
0.201786	0.8624	1.73285	0.565607	-0.659267	1.7469
-0.470369	-1.06201	-0.824238	-0.448544	-0.0924621	0.0734911
-0.192771	-2.00703	0.966499	-0.701681	-0.485555	0.0104309
0.295123	-2.86613	0.484169	5.76569	0.74431	3.1008
-0.705833	-1.88253	-0.934249	-0.645572	-0.0963191	-0.060633
-0.430586	-1.18006	-0.100585	-0.830767	-0.0529082	-0.134071
-0.370412	-0.873131	-0.551267	-0.645854	0.179115	-0.298579
0.296453	-2.41096	-2.51296	1.33197	1.70238	-0.566367
-0.893908	-1.19549	0.0487858	-1.27445	0.603545	-0.410732
-0.71077	1.08017	1.8088	1.60378	-1.81296	-3.15246
-0.516839	0.906381	-1.17093	7.14721	-2.63636	3.28419
-0.42041	-1.06003	-0.268874	-0.461299	-0.129009	-0.0284261
-0.686826	-2.27426	-0.374499	-0.605051	-0.0486616	-0.0213805
-0.908169	3.14453	-4.04314	2.69598	-0.445062	-0.70053
-1.05421	1.75229	-4.7108	0.191915	4.46028	2.7707
-0.858671	7.04615	-0.610977	0.4813	-0.183878	-2.93026
-0.841222	-2.43203	-0.428924	-0.779342	-0.377147	-0.098143
0.541625	-7.39673	0.511074	4.8685	1.1974	-1.30844
-0.95569	-2.03687	-1.11986	-0.704186	-0.744359	-0.122104
0.268532	1.62365	-1.00042	-2.54631	-0.223128	7.50633
0.379984	-0.720538	-0.13771	5.41566	-2.88522	-4.38282
-0.37126	-0.521106	-0.383174	-0.360398	-0.240332	-0.268264
-0.177454	-0.538104	0.302987	0.00304984	-0.349137	-0.26105
2.80122	-2.44125	-1.84442	-3.67015	5.76282	0.888411
-1.84509	3.07149	-1.25385	1.47147	1.2003	0.0472864
-0.693257	2.28838	-3.96018	-2.64431	0.308976	2.13256
2.48227	0.303268	1.03232	-1.36964	-0.873105	1.13537
-0.174575	3.21764	-1.75153	2.29238	0.148792	-0.186734
2.57395	0.633525	-0.582498	-7.10474	-5.00826	5.90747
-0.354919	-1.31849	-0.00805057	-0.155056	-0.0564312	-0.0773849
0.713008	-2.96616	-5.47563	-1.11478	7.35883	1.19682
0.538401	0.772575	-2.76143	-0.664898	-1.71515	0.369745
1.25986	0.785152	-1.30908	-1.44129	0.730253	0.211718
-0.0654336	0.301127	1.17722	1.61404	1.30506	0.922301
-0.353612	-0.701363	-0.0891696	-0.279843	-0.550453	-0.139415
1.4994	-1.40898	-0.705829	-2.963	1.32164	0.903528
0.374163	-0.151073	-2.65274	1.6814	0.648697	0.357199
-0.305798	-1.10374	-0.264325	-0.242014	-0.142294	0.00157796
0.508719	0.21796	4.14123	0.14208	-1.07851	2.11667
0.697477	0.526957	-2.93836	4.3182	-6.41434	-0.567957
0.513896	2.08169	4.4973	-5.83941	-1.13816	-9.49148
-1.60891	-0.173008	-0.972125	6.76641	0.996892	1.8077
-0.148471	-0.958203	0.0371768	-0.612226	0.22694	0.478064
-0.231442	-0.804609	-0.0306481	-0.196922	-0.0960959	-0.0316522
-5.08824	1.65339	-2.51624	1.1536	0.750904	0.238619
-0.180151	-0.805264	-0.0295609	-0.0027061	-0.0643143	-0.0399629
-1.04448	-0.492292	-0.0787627	-0.364035	-0.154584	0.232084
0.504921	0.947588	-0.0514454	-0.908245	0.395598	-0.150305
-0.0472828	1.95631	-1.88121	4.50131	2.05665	0.496446
2.80184	-3.90104	3.51747	0.679555	-0.0482686	0.0782792
0.498021	-2.36352	5.03023	1.6395	0.0348016	2.43069
0.199087	0.155985	-1.21918	-0.637464	1.59542	0.913152
-0.491513	-1.3943	-0.496118	-0.417532	-0.0431019	-0.00299473
1.81516	-2.22889	1.50514	-0.468058	-0.724982	-0.0288292
3.61884	-0.143595	0.859837	0.797349	-3.64549	3.56918
0.611179	-0.325209	2.04574	1.32001	0.0210648	-0.411569
-0.224644	-0.690358	-0.0308853	-0.318624	0.193486	-0.0829955
-0.153142	-0.739061	-0.943087	-0.113052	-0.826448	-0.0656965
-0.185214	1.07076	0.455857	2.76557	3.14752	-4.59867
0.322111	0.0708425	-0.284502	3.81217	0.288832	1.59569
1.72759	0.191027	0.569775	0.644514	-2.31971	3.21338
-0.379493	0.833225	-2.58214	-0.492589	3.20681	-7.17683
1.58561	-4.62133	0.3109	3.41029	4.63237	0.218424
2.3944	0.249735	0.532023	0.244301	-0.987566	-2.53728
0.181473	0.818295	0.223001	-1.99148	4.03239	9.3856
0.719183	0.221293	2.30775	-0.992759	-0.461	2.94302
-0.662287	-2.0723	-0.229658	-0.397337	-0.302016	-0.150179
-0.514846	-1.23732	-0.336961	-0.587252	-0.200481	-0.203153
0.501986	-0.617962	6.60485	0.0939357	5.393	-7.3004
0.369587	-0.202214	-1.28614	1.40191	1.19392	-1.73242
-0.0105759	-1.18959	-0.834448	-0.871603	-1.22246	0.183888
-0.480422	-1.59879	-0.361212	-0.0701347	-0.39576	-0.100772
-4.63123	0.107082	-0.925948	-1.43348	0.315516	0.148229
-1.08239	-3.34933	-0.719423	-0.681691	-0.372258	-0.205556
-0.536335	-1.55692	-0.299344	-0.384242	-0.222817	-0.0298065
-0.314303	-0.95186	-0.792197	-0.169032	0.107675	0.137591
-1.09232	3.30518	-0.615765	0.869677	-0.694684	-0.446191
-0.410123	-0.914217	-0.73556	-0.175341	-0.026914	-0.0127387
-1.34984	0.557323	-2.72464	7.34437	-4.98826	-3.40966
2.61355	-1.90401	0.714401	1.99352	0.779206	0.0505427
-0.473025	-1.55044	-0.35615	-0.355204	-0.159881	-0.0630208
-1.86597	-4.7295	-0.953495	-1.74887	-1.59667	-0.473268
0.0678571	-2.18489	-0.406619	-1.3618	-0.869677	-0.435301
-0.155768	-0.213404	-0.988745	0.094449	0.145944	-0.115719
3.11402	-0.287767	-4.45208	0.0059138	0.568889	-0.723215
-0.93773	-1.99755	-1.29013	-0.303134	-0.880921	-0.157995
-0.53956	2.8618	-0.494928	-4.94462	-2.44624	3.99659
1.23822	0.40693	0.997271	0.614244	-2.23971	1.35392
1.0326	0.0209868	1.4577	-0.777978	-1.10193	0.191774
-0.409511	-1.40193	-0.292252	-0.456444	-0.0273186	-0.137883
-0.623491	0.0293068	-0.0837148	5.72548	-2.58987	0.437573
-0.300112	-0.616929	-0.367139	-0.613437	0.0136071	-0.0776165
0.141413	0.58684	0.432462	0.929228	-1.6224	8.57638
0.255306	-0.102715	0.961012	0.552832	0.780915	-0.662443
-0.650071	-1.85463	-1.1415	-0.220243	-0.467735	0.292639
0.205215	-2.11502	-3.50142	3.36592	6.79445	8.43332
-0.726935	-1.65661	-0.665274	-0.360633	-0.902243	-0.00294166
-0.922801	-1.81326	-0.792853	-0.7138	-1.09411	-0.432528
-0.0839352	2.20566	2.79096	-6.40871	-1.0497	-1.02569
0.35885	0.0176332	0.467234	-3.34227	3.61526	0.700054
0.875428	0.316034	-3.03879	-0.363495	0.962972	3.26941
-0.361087	-1.42104	-0.465271	-0.620019	-0.508966	0.215476
0.769944	1.17627	-4.49636	-1.42943	-6.14224	1.2888
-0.410166	-5.62054	5.95672	-4.91194	0.174007	0.186421
-0.636539	-1.96853	-0.413833	-0.517269	-0.196692	-0.017482
-0.871113	2.45428	5.61799	-1.04452	-3.95439	-0.881838
2.17772	-1.1235	2.61031	-1.86541	2.26209	0.270809
0.596644	-0.512266	1.93478	-1.54386	5.57803	-1.57874
-2.52297	-1.37858	-1.77698	1.51528	-0.630876	0.863135
3.33268	-1.62623	-5.22626	-5.25293	5.40606	1.47886
3.4787	-0.30552	-0.583678	-0.372065	0.577594	0.619126
-0.79535	-2.09734	6.41712	-1.21507	-3.17019	0.397372
0.28942	-0.29701	-5.42611	3.64757	1.84987	-4.66164
-0.75189	-1.32618	-0.581606	-0.671421	-1.15466	-0.197358
-0.44885	-0.618724	-0.924167	-0.454476	-0.241182	-0.215517
-0.321202	1.86015	1.36938	-4.00574	-0.457677	0.878907
0.243675	0.723608	0.223757	-0.379751	1.75785	1.81274
1.09709	-2.74845	3.39113	-3.37848	-1.74704	-1.49914
-0.40357	-1.29964	-0.6204	0.143493	-0.215786	0.141157
-0.389845	-1.21993	-0.110847	-0.0505436	0.184151	-0.171228
-0.38358	-1.08561	-0.0399373	-0.444389	-0.0705457	-0.0093334
0.280065	0.495819	-0.0446567	0.374746	0.269355	-0.113263
-0.549516	-1.79174	-0.232715	-0.613452	-0.0955264	-0.0426487
1.96969	0.901064	0.205316	-2.75861	1.8054	0.0430899
-0.356973	-1.29246	-0.249402	-0.0495099	-0.0760461	-0.0922152
0.510414	0.0478866	0.187606	0.321762	1.78467	0.15708
-0.737873	-1.78272	-0.619302	-0.854397	-0.330713	-0.152675
0.83358	1.25687	-0.162759	-1.34592	-0.476309	0.713573
-0.629702	-2.11089	-0.471219	-0.327665	-0.132566	-0.128594
-1.59448	-4.28199	-0.849887	-1.29088	-1.0869	-0.446118
-0.705132	-1.2238	-0.973363	-0.671513	-0.693934	-0.318286
-0.898417	-2.10918	-0.745607	-0.582139	-0.998707	-0.216827
-0.527774	-0.713935	-1.80007	-1.32211	-1.6422	0.197143
-1.15781	-2.22288	-1.35642	-0.378429	-1.57739	-0.260774
-0.361792	-0.882311	-0.80542	-0.471634	-0.0695917	0.294139
-0.700335	-0.358247	3.05183	-4.3758	-0.869621	-0.703768
-3.55753	-1.40832	1.49592	2.45396	-2.01955	1.44659
-0.957494	-1.9264	-0.471379	-0.683902	-1.4715	-0.504934
-0.627633	-1.84739	-0.336306	-0.737583	-0.382962	-0.0968658
0.238201	0.136281	-3.21385	0.129623	6.33082	1.17892
-0.710594	-2.08155	-0.40961	-0.530199	-0.220041	-0.152949
-1.72802	-4.40562	-1.22625	-1.41209	-1.15321	-0.469697
-1.76634	-2.70229	-1.81426	-1.01834	-2.63686	-0.395451
-0.113873	8.58102	1.39845	-5.43971	4.36257	1.18601
-1.39886	-3.41277	-1.02607	-1.08977	-1.07841	-0.389424
-4.13143	-3.38681	-4.44138	-2.04699	-8.11981	-2.54534

Annot Parameters for each context in the alphabet: PHIME
P	-1.6521
H	-2.54765
I	-1.11438
M	-8.45919
E	-2.19458


Beta_s (bias in sequence model) : -7.62855
Beta_p (bias in structure context model) : -3.82275
alpha (scaling factor) : 882.871
b (bias in least squares error model) : 0.372512

Top 20 kmers: 	 sequence number 	 kmer number
           ACGGU            160             16
           GAUGC            443             15
           AACUA             74              8
           CUAAG            324             25
           CGUAU            695              7
           UGUUA            515             11
           GAGUC            897              1
           UUCGU            218             19
           CCCAU            823              5
           CUUGU            358             29
           UAGAC            742              9
           GCUCG            705             12
           AGAUA            383             29
           AAUUC            387              6
           UGAAU            845             30
           GGAUA            940              6
           UACGA            310             11
           AGGUC            322              7
           AGGUC            384             22
           AAUUA            688             25

Averaged annotation profiles of the top 20 kmers
P	0.240685	0.280685	0.42226	0.327095	0.30313	
H	0.129495	0.154095	0.143545	0.156935	0.171145	
I	0.42034	0.34266	0.250095	0.31335	0.305175	
M	0.157055	0.15909	0.12584	0.13839	0.15635	
E	0.052425	0.06347	0.05826	0.06423	0.0642	
