Motif width 5
Base parameters 
AAAAA	5.29208	-1.6521	-2.54765	-1.11438	-8.45919	-2.19458
CAAAA	0.257027	-0.833237	0.46202	5.3703	1.83259	-1.15395
GAAAA	1.03496	0.490228	4.53276	0.831423	4.88032	-0.930304
UAAAA	1.66364	-1.44451	-1.00471	-0.800082	-1.38157	-0.553018
ACAAA	-3.2629	0.67053	0.633245	0.421932	-6.76758	-0.205568
CCAAA	0.304405	-0.194161	-0.625188	-0.450292	0.556906	-0.362755
GCAAA	0.640324	1.307	4.86203	4.44557	-7.49523	-0.498891
UCAAA	0.999837	2.53872	1.95916	5.84609	-4.51368	3.33877
AGAAA	1.41335	-1.51152	4.13085	0.427422	-6.38112	0.880435
CGAAA	-0.146909	-3.0537	2.02042	4.68352	0.610439	1.03975
GGAAA	2.67732	1.13396	-2.74802	1.43512	4.84144	-1.55129
UGAAA	1.43103	-2.17884	-0.550653	-0.819208	-0.703244	-0.145087
AUAAA	0.188053	0.76001	0.673278	-1.71625	2.6583	3.99621
CUAAA	1.34826	-1.34128	-0.559789	-0.511593	-1.09755	-0.332807
GUAAA	-0.547384	0.441071	10.9883	-7.7556	0.0381825	9.18459
UUAAA	1.79339	-2.20822	-0.865263	-0.786525	-0.979556	-0.462767
AACAA	-0.671989	-2.30205	-0.791196	4.84891	1.14836	-1.91846
CACAA	-0.27705	-1.19854	-1.87053	5.57402	2.33325	-4.15892
GACAA	-0.397097	-1.93716	2.27601	3.74439	6.14884	-3.40005
UACAA	-1.42607	1.3589	0.906853	-4.18335	0.942891	-3.91773
ACCAA	0.483463	5.01788	-5.86872	-2.74133	-0.907285	-1.86725
CCCAA	0.301767	0.564909	-0.228688	0.0846667	-0.646439	-0.374415
GCCAA	-0.91662	1.31358	-5.99536	-1.44219	-3.07024	-1.15574
UCCAA	-5.67738	-0.109619	0.655092	0.0165081	-2.66347	1.25052
AGCAA	-1.67162	-2.36983	1.18675	3.52836	4.37149	-2.33618
CGCAA	-2.81198	-2.18729	0.153846	4.31622	1.74763	2.05321
GGCAA	-1.88643	-2.29442	1.95545	1.2934	2.4351	-6.30679
UGCAA	1.33177	-2.28672	-0.399777	-0.697503	-0.412278	-0.0389219
AUCAA	-3.90909	1.18879	-5.49815	-1.73974	-3.60111	-0.673538
CUCAA	1.70271	0.630154	5.30555	-2.68946	0.406308	-0.339726
GUCAA	-0.481197	0.651011	0.885745	2.25663	-1.75433	4.72796
UUCAA	0.37538	-1.66471	-1.17286	0.732947	-1.50891	-1.49535
AAGAA	-1.00568	-0.617732	-5.92958	2.36471	2.49561	-3.69164
CAGAA	1.258	5.32368	-0.596142	1.51196	-1.36044	2.15208
GAGAA	0.61177	1.27953	1.70276	-3.44506	3.49519	-4.41047
UAGAA	-1.48684	0.199957	-8.96171	-2.45951	5.68261	-8.72883
ACGAA	-4.23639	0.684481	-1.44707	1.86673	-3.8481	0.68444
CCGAA	-1.88332	0.745093	0.637411	4.0702	-6.8727	-2.79238
GCGAA	-1.2711	1.10052	-2.70898	3.4054	0.190584	-0.60583
UCGAA	0.868338	-0.723791	-0.359189	-0.518828	-0.666144	-0.0550935
AGGAA	-0.111792	0.503022	1.06871	-3.14354	-1.18149	-1.66074
CGGAA	0.769831	-0.881567	-0.561601	-0.137592	-0.231334	-0.0856165
GGGAA	0.775108	3.14972	-3.71456	-3.65627	3.48904	-2.82098
UGGAA	0.98798	-1.48943	-0.779566	-0.253628	-0.395075	-0.031696
AUGAA	-4.14093	0.0674915	0.270585	-1.81289	-0.0712518	0.1874
CUGAA	-0.459606	-0.868816	-2.84168	2.80183	1.73307	-1.1969
GUGAA	-0.257962	-0.313308	0.538744	5.58573	-2.65759	1.10085
UUGAA	0.320333	1.63888	0.0175008	2.24714	0.575544	-5.92178
AAUAA	1.26969	-1.6204	-0.653527	-0.456177	-0.494427	-0.22273
CAUAA	0.974096	-1.6554	6.16281	-1.35316	-1.8724	3.63179
GAUAA	0.791071	-1.33335	-0.692459	-0.374593	0.158006	-0.138994
UAUAA	0.786803	-0.987923	-0.43242	-0.234759	-0.525361	-0.0820126
ACUAA	-4.06793	0.674621	-1.93897	-5.21109	-3.96645	-2.42552
CCUAA	0.787051	-0.857499	-0.263956	-0.260996	-0.79553	-0.331205
GCUAA	-1.14336	-1.37013	-0.00339609	4.46517	5.25353	-2.70222
UCUAA	1.46682	6.12479	-0.726413	-1.21889	-0.397144	-0.0446042
AGUAA	1.07266	-1.60618	-0.97402	-0.546753	-0.058536	-0.154483
CGUAA	-0.381818	2.28594	-2.895	0.173014	1.31893	2.57225
GGUAA	1.44129	-0.798005	-1.0079	-0.0734873	0.156518	0.123938
UGUAA	0.566354	0.294872	0.917945	0.357024	2.10979	0.487454
AUUAA	-0.24391	-4.5058	-3.75579	8.69073	5.08416	-1.55932
CUUAA	0.79295	-1.08922	0.219301	-0.560361	-0.581291	-0.157168
GUUAA	1.08879	-1.516	-0.692451	-0.792361	-0.178345	-0.176173
UUUAA	0.962614	-1.24508	-0.537136	-0.351263	-0.606457	-0.0395549
AAACA	-5.39938	-0.012355	0.0727728	0.158519	-0.0296816	0.0867704
CAACA	-0.0484903	-2.71037	1.68045	-1.27957	6.71624	3.96652
GAACA	-0.0680182	0.560738	0.950685	0.191841	-0.16128	9.24099
UAACA	0.378014	2.82787	2.41001	-4.3923	-0.246757	-2.45436
ACACA	1.33918	0.775672	-1.99248	-2.97379	4.277	5.11082
CCACA	-0.0360588	1.07734	0.590425	-0.445488	0.109668	1.96046
GCACA	-2.27188	-2.72497	2.10574	-1.72918	-2.47537	0.851461
UCACA	-0.267065	0.144922	-0.40404	0.137025	0.327721	0.489408
AGACA	-0.303079	1.4102	-3.22622	8.61684	-0.726695	-7.39581
CGACA	-2.03184	-0.794118	2.35784	0.276809	-0.380072	2.12972
GGACA	1.07514	4.4857	-1.71333	-0.353132	-4.13293	0.393588
UGACA	-4.07076	0.369938	-2.98068	-3.35031	-3.07076	6.62019
AUACA	0.496916	0.377643	1.05227	0.503552	-0.282454	-0.486253
CUACA	-1.03673	-0.459767	4.68426	2.50553	-2.5463	14.9006
GUACA	0.370836	-0.771478	0.868621	0.0343295	-0.700398	-0.180911
UUACA	-5.58577	0.090455	0.376467	-8.06571	-1.23629	3.03412
AACCA	2.43983	2.22241	-5.79808	-3.05133	1.28958	1.20244
CACCA	-0.464648	0.839263	0.588627	-1.54117	-4.84897	6.98505
GACCA	0.535919	-1.00396	-0.0712258	-0.233495	-0.160688	-0.0920314
UACCA	-0.987465	-0.213361	3.62761	1.3148	-5.64864	-0.430248
ACCCA	-1.04261	-2.22526	-0.270371	2.00565	2.86921	2.09143
CCCCA	1.68228	4.0403	-3.68109	0.847548	-1.0903	1.62859
GCCCA	-1.03901	0.658391	1.75063	-8.08454	3.64318	-0.441967
UCCCA	-3.06462	-4.39693	-0.349887	2.9318	1.65207	-1.63992
AGCCA	-3.87915	-1.49011	0.507495	2.01809	0.439522	1.46325
CGCCA	1.60769	1.3123	1.23075	-1.6559	-2.22461	1.92638
GGCCA	0.359665	0.265367	-2.28011	-0.614633	5.2682	-0.418299
UGCCA	1.15675	2.12553	6.56092	-5.69048	-7.275	-1.82906
AUCCA	-0.459399	1.4611	-1.47114	4.00145	-7.18196	-4.69832
CUCCA	1.74041	2.73471	-4.8699	-1.81921	0.54677	0.554675
GUCCA	0.686286	0.148468	-0.670298	4.58435	5.50844	-1.46134
UUCCA	-0.0338669	0.128221	0.715568	-0.453427	0.450797	-0.535354
AAGCA	0.960012	-1.3177	-0.351695	-0.279962	-0.605867	-0.0529545
CAGCA	2.87665	2.5254	-0.31199	0.198056	0.780295	0.00150087
GAGCA	6.94473	3.00275	-0.833646	0.272207	0.110414	0.102887
UAGCA	0.676224	-0.769491	-0.532742	-0.643171	-0.0384288	-0.147414
ACGCA	0.811217	-0.928778	-0.516448	-0.389472	-0.410982	-0.0528944
CCGCA	-2.83299	0.621184	1.53552	1.32079	-3.90151	-7.09627
GCGCA	-4.28974	0.147931	-6.20583	1.18822	1.31526	0.247189
UCGCA	0.642311	-0.940772	-0.256468	-0.258715	-0.221134	-0.185427
AGGCA	-4.68764	0.262224	0.671646	-0.734129	-2.75271	-4.47313
CGGCA	0.625318	-0.586713	-0.177977	-0.0867037	0.413302	0.0461048
GGGCA	0.316901	2.76852	-4.12037	-5.99892	1.55517	0.34106
UGGCA	0.159401	4.27371	-1.0278	0.704891	0.157937	0.0805127
AUGCA	-2.39602	0.268595	-6.73301	1.50619	-4.01912	6.54443
CUGCA	-1.4294	0.113333	-1.44304	0.33017	3.78573	-3.5806
GUGCA	0.700085	0.875526	3.57237	1.52456	-2.20405	-0.602642
UUGCA	-1.83755	-0.0868733	-0.375499	2.12328	-5.44765	0.339424
AAUCA	0.0502765	3.27645	-2.27699	4.53434	-4.7221	-2.26084
CAUCA	2.85679	-2.36812	5.1022	0.319993	1.36791	1.02392
GAUCA	1.82666	-1.40729	-0.153101	-0.441486	-0.33103	0.0490562
UAUCA	-0.152408	-1.5427	8.50842	0.679593	-3.32571	-2.02627
ACUCA	-1.72067	-0.775198	0.138693	1.3175	0.672577	4.5579
CCUCA	0.319542	1.66476	5.34927	-4.66241	-0.475292	0.116667
GCUCA	1.25664	-2.37918	-0.53538	-0.793782	-0.219112	-0.109374
UCUCA	-0.250177	-0.828311	0.437429	8.80048	-2.30381	2.26762
AGUCA	-0.490117	-1.27041	8.47458	-2.6115	5.85851	8.16108
CGUCA	-3.89835	-0.217791	-3.53496	2.13336	0.147786	3.61987
GGUCA	3.32625	3.13771	-2.07025	1.07382	1.02464	0.717074
UGUCA	-0.00736842	0.407648	-1.20621	0.665572	-0.0777995	-0.21292
AUUCA	-0.787188	2.03879	-1.00129	-6.90865	4.28344	-3.37164
CUUCA	0.672137	0.53344	-0.912428	0.281615	0.535189	0.361377
GUUCA	-0.479429	1.15068	7.05787	-2.19168	-11.341	0.330331
UUUCA	-0.859029	0.172669	1.75569	1.24648	-3.8662	1.53443
AAAGA	1.49904	-1.60999	-1.39722	-0.0271351	-0.815113	-0.358199
CAAGA	0.165523	-0.20493	0.420768	-0.307997	0.956004	0.516053
GAAGA	0.0460654	-2.33742	6.46729	-2.30393	-0.964071	-0.204534
UAAGA	-0.874127	-0.584585	3.16667	-7.21281	7.24298	2.6352
ACAGA	-1.10897	0.0837254	-0.887924	7.73198	-9.38906	1.04449
CCAGA	-0.00371972	0.580722	-2.34803	3.67984	-8.4061	-1.10422
GCAGA	-0.93535	-1.82316	1.73746	-0.581515	-1.39974	0.141991
UCAGA	1.14191	-1.26282	0.00210231	-0.027737	-0.293632	0.144491
AGAGA	0.203205	0.00920719	0.656987	-0.119206	-0.30548	-0.331122
CGAGA	0.744648	-0.761462	-0.594435	-0.589675	-0.214155	-0.0218295
GGAGA	-0.477198	-1.69562	1.23029	2.26395	-4.21133	-0.263478
UGAGA	1.07402	-1.88383	-0.503886	-0.393097	-0.449625	-0.0400041
AUAGA	-1.71201	-4.92173	-2.32214	5.59604	1.20709	0.893041
CUAGA	-0.56048	-0.340021	5.22203	1.749	0.751372	-5.44189
GUAGA	-1.32749	-0.0641869	1.12032	-3.88972	2.12129	-1.82042
UUAGA	1.20722	-1.45849	1.38681	-2.21696	10.6731	-1.28887
AACGA	-1.39564	0.791179	-2.60238	-1.5189	1.65481	-1.16739
CACGA	0.772779	-1.11517	-0.468556	-0.327708	-0.201785	-0.0152969
GACGA	-1.24967	2.52647	-2.01614	-3.41913	-2.47159	-0.989301
UACGA	-3.80694	1.07749	0.17127	-0.192247	-0.299571	0.307429
ACCGA	0.28437	-0.288267	0.135849	-0.351801	-1.52008	0.489169
CCCGA	-0.636058	0.233047	-4.00368	4.01108	-2.20063	2.36227
GCCGA	-0.791355	2.12165	-3.45022	-4.37055	0.916137	3.69526
UCCGA	-0.670882	0.734603	0.347938	0.328608	0.392317	0.271407
AGCGA	-1.18147	-0.317789	3.38885	-0.741547	1.53156	0.443731
CGCGA	-2.35804	-0.458169	-1.15529	2.77153	-0.968505	-0.142461
GGCGA	0.233926	-1.24425	-0.983716	0.382228	-0.629375	-0.0994698
UGCGA	0.409087	-0.745264	0.190719	-0.0796493	-0.348465	-0.279509
AUCGA	-3.92135	-0.0224921	-2.5049	1.59552	-4.48044	-3.60426
CUCGA	0.848334	-0.606952	-0.388225	-0.414872	-0.736231	-0.115732
GUCGA	-0.489895	0.397053	-0.162001	0.152401	0.455594	0.636746
UUCGA	-0.121609	-0.779792	0.756312	-0.423889	-0.627067	0.377985
AAGGA	1.64739	4.29369	1.99832	-5.07265	-8.02735	5.53065
CAGGA	0.380034	-0.703331	-0.594451	-0.172051	0.489302	-0.104664
GAGGA	1.22884	3.9182	2.60017	0.400185	-1.46554	0.200338
UAGGA	0.829165	-1.29044	-0.628522	-0.402935	-0.125714	-0.0699857
ACGGA	2.13422	-0.368933	-0.616785	-3.32367	-0.631997	-1.12858
CCGGA	0.322398	-0.810379	-1.33159	-0.793767	0.215135	-0.683176
GCGGA	-0.0645512	-0.440475	1.03163	-0.287259	0.117945	-0.0553966
UCGGA	0.635874	-1.03822	-0.723025	-0.129077	-0.0422087	-0.00207761
AGGGA	0.500584	1.14974	-0.128073	4.59538	-3.35545	-3.24534
CGGGA	1.95752	-0.149739	-0.629469	0.192991	-1.0899	0.372451
GGGGA	2.68025	4.03703	-3.42968	0.707133	-0.555212	0.0404717
UGGGA	0.370514	-1.18067	-0.077485	0.00570083	-0.0684652	-0.00223806
AUGGA	0.772754	4.09576	-1.97722	-6.35216	2.88487	4.2899
CUGGA	1.28143	3.52568	-3.61469	0.102551	-0.969097	0.317526
GUGGA	1.1	3.1418	-3.42393	-7.29198	-0.64958	0.650486
UUGGA	-1.1618	-1.57924	2.32513	0.537749	3.29126	-1.49795
AAUGA	1.40188	5.76338	-1.28983	1.52237	-0.840412	1.02361
CAUGA	0.021005	-0.273955	-0.53891	0.349562	0.356717	-0.100297
GAUGA	-0.25945	0.665225	-6.23978	2.01783	4.44618	-10.2013
UAUGA	0.528881	-1.13353	-0.170455	-1.07288	0.213331	-0.107387
ACUGA	1.15202	-0.143672	0.154769	3.33025	1.05975	1.16901
CCUGA	-0.995337	0.575272	-3.87464	-0.076165	1.45899	1.3348
GCUGA	1.38696	2.03967	-1.03915	1.65435	0.181493	-0.0164776
UCUGA	1.16932	-2.05955	-0.496964	-0.385301	-0.296933	-0.0813815
AGUGA	1.07315	-1.94301	-0.624044	-0.660343	-0.127254	-0.154705
CGUGA	-1.96576	2.24327	-4.93457	-4.08764	-1.77666	0.840192
GGUGA	-3.34597	0.452388	-2.32063	-4.69212	0.240267	-3.53665
UGUGA	0.436525	-0.820289	4.12767	-0.158529	0.977081	-0.672392
AUUGA	0.803032	-1.15349	-0.584711	-0.606825	-0.0405062	-0.0157454
CUUGA	3.24127	4.34049	-2.56217	-3.89546	4.28585	0.119117
GUUGA	0.879355	-1.38522	-0.368154	-0.404134	-0.249068	-0.0388323
UUUGA	1.34134	-2.03021	-0.42423	-0.949553	-0.371942	-0.201982
AAAUA	1.28035	1.96221	8.84638	-0.190973	-1.85171	6.08693
CAAUA	-0.283611	-1.37652	-0.299262	2.14703	-0.343158	0.0617922
GAAUA	0.682731	-0.823813	-0.523927	0.0302446	-0.555324	-0.13278
UAAUA	-0.420592	0.362545	-0.579775	0.772421	-1.50514	2.33098
ACAUA	1.9384	1.50321	-3.45638	-0.633119	2.84966	-1.59838
CCAUA	-1.17615	-2.16451	1.55953	-1.19498	-2.08899	-0.821754
GCAUA	0.851169	-1.03976	-0.510063	-0.422339	-0.339266	-0.0782087
UCAUA	0.0913165	-1.21858	-0.0677032	-1.77916	-0.176498	0.403003
AGAUA	-2.22105	-5.44988	2.63838	5.03745	-6.10948	-1.41332
CGAUA	-2.29699	-1.09433	1.95862	0.0203651	1.10212	0.533944
GGAUA	-2.10218	-0.766605	-3.38222	2.83515	-0.487533	-0.696538
UGAUA	0.640496	-1.00569	-0.45567	-0.359047	0.0771517	-0.0701804
AUAUA	1.14712	-2.39457	-0.713921	0.00899755	-0.195783	-0.229634
CUAUA	0.624322	-2.62398	1.69576	1.70901	-0.146791	0.138965
GUAUA	3.53996	-1.06385	-0.138544	0.434143	-0.801492	1.29421
UUAUA	1.18015	-1.68793	-0.449188	-0.803875	-0.714403	-0.156752
AACUA	-2.67417	-3.22386	-0.0449313	-2.40565	2.00215	4.2932
CACUA	2.87619	-0.960442	0.558181	-1.11049	-1.34014	-0.00265275
GACUA	-0.713035	-0.657033	-3.47699	1.61547	3.13331	-2.08911
UACUA	0.0210508	0.659395	0.0514419	0.591378	-1.35937	-0.109803
ACCUA	0.90689	-0.938332	-0.569867	-0.5441	-0.679659	-0.108034
CCCUA	0.304095	-1.17051	0.605893	0.429571	-1.23039	-0.019878
GCCUA	0.900066	2.08912	0.786311	-3.22595	-0.867498	-1.65714
UCCUA	0.0282329	1.97828	-1.49367	-2.30141	-2.65429	-1.82193
AGCUA	2.95138	0.29722	-2.35791	3.78768	3.45429	2.2212
CGCUA	0.649588	-0.792964	-0.381164	-0.246003	-0.600069	-0.130162
GGCUA	0.289342	-0.906151	-0.285378	0.143853	0.387333	-0.112202
UGCUA	-2.9689	-1.80431	-2.10211	1.78471	-1.44977	-0.20366
AUCUA	-5.79964	-6.56461	1.30402	-2.2654	-0.0237476	-0.581369
CUCUA	-0.209911	0.56141	-1.06015	-0.173157	3.33122	-3.95653
GUCUA	0.659308	-1.06928	-0.797906	-0.273619	-0.0675677	-0.0724759
UUCUA	-1.00526	-3.94211	3.78405	-4.9124	4.6006	1.6848
AAGUA	-0.567726	0.149877	-0.601111	0.664159	0.736519	0.785116
CAGUA	0.714151	-1.49292	-0.635148	-0.386613	0.505866	-0.00965488
GAGUA	0.340928	-0.301876	-0.200292	-0.29849	-0.0568078	0.0196767
UAGUA	-1.8707	0.535927	0.0579074	-3.85434	2.38153	3.79582
ACGUA	-0.971494	1.8881	0.302683	-1.43941	-1.32205	0.383761
CCGUA	-0.647224	2.61579	-1.31461	1.60237	0.665566	1.29811
GCGUA	-1.8835	-1.3314	-1.269	4.18898	2.17142	4.77109
UCGUA	-0.0696009	-0.519318	-0.32213	0.596854	-1.5333	-0.414421
AGGUA	1.80075	-0.83166	-0.000965037	-0.878445	-0.301111	0.47429
CGGUA	0.399058	-0.852191	0.0279869	-0.376561	0.0236367	-0.069606
GGGUA	-0.149589	0.444847	0.268869	0.685285	-0.195953	0.421187
UGGUA	-4.83483	0.255479	-4.78231	-4.29996	0.999292	4.99099
AUGUA	1.36588	0.710098	-0.0617504	-2.2852	-5.0394	1.93625
CUGUA	2.19578	-0.10897	-2.2866	5.01754	0.871007	-0.986862
GUGUA	0.298181	-1.04915	0.120111	-0.214876	-0.0993298	0.205925
UUGUA	-0.347574	-0.477051	1.19123	7.32529	-4.51896	-8.42001
AAUUA	-2.07547	0.124627	-4.7912	-3.17975	0.712454	6.34033
CAUUA	-0.410363	-4.22962	0.97921	4.82258	3.4996	2.12242
GAUUA	0.989517	-1.60487	-0.20866	-0.490716	-0.289487	-0.146568
UAUUA	1.49724	1.18119	8.77422	-4.03567	-2.33393	-1.65556
ACUUA	-1.5636	-4.85392	3.52884	-3.10038	1.4869	6.59797
CCUUA	1.15415	0.995291	-2.40089	-1.70455	0.110103	-1.13004
GCUUA	-3.33459	-0.969668	2.98425	2.20482	-2.10784	-4.47097
UCUUA	0.663595	-0.522489	-0.469098	-0.363089	-0.284854	0.0101813
AGUUA	0.0177674	-2.79697	-2.22383	3.81637	7.79225	3.16389
CGUUA	-0.358611	0.601758	0.748396	-1.40693	4.63564	4.8778
GGUUA	1.04305	-1.88668	-0.376666	-0.566529	-0.229698	-0.0321946
UGUUA	-2.40099	-0.594532	0.906374	2.70729	1.55291	-2.4073
AUUUA	0.348117	0.371191	2.38532	0.413297	2.12749	-0.233494
CUUUA	0.4749	1.0376	0.768298	0.983733	0.0868855	0.318429
GUUUA	0.982597	-1.67032	-0.342827	-0.725963	-0.269222	-0.058672
UUUUA	0.206182	6.59158	0.267789	1.47587	0.794072	-1.01074
AAAAC	2.34819	4.92046	2.33882	-1.74603	0.236881	0.365976
CAAAC	-0.265404	1.34232	0.0625937	3.20739	-3.5617	0.100058
GAAAC	0.19069	-0.511508	-0.280628	0.413386	-0.341331	0.241019
UAAAC	0.639088	1.46928	3.75649	-4.27733	4.56026	1.57987
ACAAC	-3.88185	0.266329	-0.905722	0.949585	0.665816	-6.722
CCAAC	0.0227091	-1.04268	2.21301	-0.330036	4.4349	-3.18106
GCAAC	0.163448	-0.459301	-0.403226	0.73721	-0.294494	0.02457
UCAAC	-1.26723	0.373876	0.880863	-0.398686	0.239178	2.6309
AGAAC	1.22883	-0.994998	-0.639533	-0.253729	-0.306103	-0.117053
CGAAC	-0.651562	2.6801	1.53949	0.826504	-2.50517	0.263475
GGAAC	-1.14627	-0.926531	0.721167	2.91339	-0.0686316	-1.19183
UGAAC	1.64444	0.674791	-3.06793	-3.42221	-1.06829	0.958912
AUAAC	-0.0486191	-2.09721	-0.251094	5.91184	2.73984	1.78168
CUAAC	-0.723008	0.268314	4.68191	-0.0331035	-7.46754	-0.240794
GUAAC	0.834892	-0.987987	-0.701542	-0.280291	-0.390697	-0.218328
UUAAC	-1.93902	-2.39493	2.47205	-1.78539	2.54161	0.928521
AACAC	0.188674	1.762	-0.158822	-0.992291	-1.32257	-1.70896
CACAC	0.229268	-3.5802	0.633349	-1.08521	6.83172	4.1044
GACAC	-3.33017	0.180229	0.699517	0.120533	-0.851613	-2.76782
UACAC	0.3557	1.35703	-2.34702	1.02511	0.248197	-1.8073
ACCAC	0.512065	-0.815352	-0.449628	-0.186316	-0.20714	0.848379
CCCAC	2.48388	-1.22421	2.72489	2.05793	7.07654	0.0403171
GCCAC	0.47429	-0.918382	-0.478463	-1.24041	-1.75383	-0.446045
UCCAC	0.915888	-0.669349	-0.739734	-0.59543	-0.518317	-0.226765
AGCAC	0.811887	-1.37621	-0.621776	-0.458605	0.0333284	-0.129984
CGCAC	0.779535	-0.751448	1.92103	0.446114	-2.00939	-0.261045
GGCAC	-0.674748	-0.574336	0.563173	3.87746	4.26561	-0.515037
UGCAC	-6.89508	-0.0505694	-2.88866	0.492258	-1.97509	1.1437
AUCAC	1.33773	-0.0374889	0.0118816	-3.47966	1.4172	-0.362971
CUCAC	0.988482	-2.0752	-0.329101	-0.387126	-0.266661	-0.0057338
GUCAC	2.39896	-0.380872	7.63647	2.20728	-3.20373	-1.54855
UUCAC	1.48272	-2.20067	-0.677947	-0.546244	-0.406457	-0.383946
AAGAC	4.71812	-0.53326	-1.93305	-1.00475	1.67601	0.846584
CAGAC	1.70109	0.451746	-5.1088	3.83433	2.3271	-0.909085
GAGAC	0.485181	-0.792434	0.144586	-0.076448	-0.573513	0.0106313
UAGAC	-2.88255	-0.00491042	0.248828	0.589661	1.93129	0.641717
ACGAC	2.35593	-0.830982	-1.67079	-0.211934	0.632257	0.513977
CCGAC	0.514236	-0.962484	-0.282786	-0.161595	0.255228	0.12341
GCGAC	0.315277	0.0684788	-0.219641	0.0313123	-0.0200475	0.0192624
UCGAC	-0.967665	0.205905	1.13686	2.13858	-0.352809	0.650464
AGGAC	-1.12799	-0.101865	1.02727	3.13144	-3.96255	-3.31037
CGGAC	0.0392775	2.40032	-2.16603	-4.73164	0.308069	0.638416
GGGAC	4.19331	2.41323	1.3001	0.732952	0.630351	0.0674897
UGGAC	1.11338	0.217748	-1.05101	-0.994845	3.60049	-0.240403
AUGAC	-7.62855	-3.587	0.0863555	2.90438	-0.853536	6.38559
CUGAC	0.222718	1.47264	-0.913124	2.72656	-5.54912	-6.71935
GUGAC	1.25686	3.95069	-2.52905	0.544902	0.546163	-0.0777979
UUGAC	1.12306	1.75987	-0.627251	0.367604	0.262813	-4.57971
AAUAC	-0.778497	0.63482	0.306749	1.32412	-2.78662	14.3561
CAUAC	-0.993104	-0.748341	-2.10201	7.28737	-0.66375	-4.7855
GAUAC	-1.22372	1.31292	-1.53004	-0.778573	-1.80325	2.79898
UAUAC	-1.26861	-0.372918	-1.79559	14.21	-3.72345	-8.81263
ACUAC	-0.245936	-0.248694	-0.54219	-0.135531	0.93283	-0.0462115
CCUAC	0.708911	1.52101	-3.17002	2.87338	-4.49713	2.36639
GCUAC	-1.18253	-0.298455	-0.653565	-0.620217	5.28642	3.43843
UCUAC	0.739706	-1.53363	-0.512385	-0.64741	-0.289384	-0.156384
AGUAC	-0.038744	4.43333	-5.58144	-1.05169	-4.7348	-2.57304
CGUAC	-1.4755	1.03018	3.67671	-2.10431	0.296108	1.51803
GGUAC	-0.472119	1.24834	1.2865	-0.769038	2.08929	1.00464
UGUAC	-0.00629284	0.256361	-2.83646	2.34306	-1.07342	1.4235
AUUAC	-1.30662	0.44899	0.0994758	-1.62658	1.9164	-0.0432593
CUUAC	-1.16951	0.178814	-1.53233	-1.99245	8.4011	6.04678
GUUAC	1.61814	0.967176	-2.84132	-0.994538	-0.570254	3.61701
UUUAC	0.61116	2.19351	-1.13398	0.138736	1.16455	-5.27103
AAACC	-0.574018	-0.860535	0.408491	2.90227	-0.382375	4.79111
CAACC	-0.473019	2.29569	2.71582	-4.25686	-5.59984	-0.248791
GAACC	0.36786	4.05479	-0.222038	-5.18397	0.554324	1.05452
UAACC	-0.17239	0.686709	0.502739	0.117623	-0.459497	-0.715649
ACACC	0.626178	6.69645	-0.262008	-3.22503	-0.880716	-6.52229
CCACC	1.19502	-0.652302	-3.97465	2.41964	6.37845	2.43111
GCACC	-0.7907	0.97512	-2.0433	3.07622	-2.64799	10.1222
UCACC	0.0806973	1.54787	-0.313925	3.26816	-2.33102	-3.05822
AGACC	0.334051	0.0157246	1.5711	3.62476	-1.33755	-0.828616
CGACC	-3.97414	0.828081	-1.09822	-1.46946	-4.67628	-1.13545
GGACC	0.139246	0.11747	0.345976	7.17904	-0.735402	-0.861417
UGACC	-1.2762	0.405364	0.21573	0.955876	0.432632	1.23365
AUACC	-3.44149	-4.21086	-0.818744	2.27579	1.11027	0.911744
CUACC	-0.819865	1.10045	-0.361996	-1.23577	1.03607	-4.91321
GUACC	-4.01756	0.544769	-4.74973	0.253889	-4.81174	-2.92731
UUACC	-5.06437	-2.1946	-4.95924	3.47666	-0.458036	1.03535
AACCC	7.72166	-0.644325	2.93209	0.521755	-1.6528	1.33493
CACCC	1.32804	-1.5465	4.44006	0.638306	-0.466216	1.99748
GACCC	0.191935	0.209255	-1.97776	1.64586	-0.0106761	-0.277434
UACCC	-3.61722	-2.94509	-3.01971	3.15928	0.565654	0.617147
ACCCC	-2.99473	-2.82175	0.409121	0.396476	-1.0483	4.69473
CCCCC	0.167499	0.196173	-4.82791	4.91902	2.34552	-2.74836
GCCCC	0.498897	-1.57008	-0.589029	0.91734	0.289832	0.597702
UCCCC	-0.16426	1.5237	-1.15231	6.14865	-6.63012	0.546496
AGCCC	1.67182	3.096	-3.9998	1.30635	0.868061	0.676054
CGCCC	0.583912	-1.17394	-0.192796	-0.242681	0.122831	0.00653622
GGCCC	7.63207	2.80271	-0.832655	0.487915	0.218689	0.190145
UGCCC	0.441401	-1.25459	2.34199	4.24184	6.82338	-0.336944
AUCCC	-1.35864	-4.76292	0.403385	6.60518	-0.187103	-0.106155
CUCCC	-0.948028	-3.88635	0.413638	6.38923	-0.761176	0.542904
GUCCC	-0.795392	-2.07794	1.3704	0.0236549	0.121647	-0.260887
UUCCC	-0.033225	-3.04236	0.690889	8.25681	0.239672	0.857319
AAGCC	-0.653087	-3.0592	4.92696	8.94558	-4.99756	0.458199
CAGCC	0.293123	-0.395855	-0.679485	0.500425	-0.048875	-0.164535
GAGCC	-4.21905	0.277028	-1.69333	-0.296095	1.23956	-0.891047
UAGCC	0.557618	-1.39914	0.0240299	0.0116499	-0.233931	-0.0381766
ACGCC	-0.989379	-0.0807302	-3.80793	2.63143	4.40466	1.08656
CCGCC	-1.22542	0.379805	-1.28204	0.733489	0.947584	1.81291
GCGCC	0.130205	-0.298777	0.198839	-0.180998	0.0565549	-0.00432698
UCGCC	-0.0217519	-2.07413	4.91204	4.32914	-1.33932	-0.0558174
AGGCC	0.912302	-0.984117	-0.327547	-0.665604	0.101056	0.0044358
CGGCC	-0.847211	0.546051	-2.31696	1.26569	1.1952	-0.999031
GGGCC	0.93344	3.33577	-0.734915	-1.5746	-0.595353	-0.000184832
UGGCC	-4.59315	-0.855806	-0.963406	2.4768	-4.76018	3.84031
AUGCC	0.26522	-0.368087	-0.374361	-0.27256	-0.0145652	0.201154
CUGCC	0.17724	0.58397	7.76306	1.8217	-0.0733224	6.87233
GUGCC	0.382478	4.49454	-5.27187	-2.20084	2.84525	1.97025
UUGCC	0.93804	-1.07534	-0.126997	-0.639806	-0.480141	-0.130908
AAUCC	1.01789	-1.20373	-0.633607	-0.313848	-0.629794	-0.322986
CAUCC	7.25767	3.2789	-1.95857	-2.6757	-0.118554	0.769007
GAUCC	-0.508597	-1.04695	6.39267	2.30638	-5.30701	1.35181
UAUCC	0.270901	3.823	-3.71318	2.32533	-0.370134	0.157857
ACUCC	-3.57078	-1.94049	0.770128	-0.134724	-1.29624	0.4738
CCUCC	0.874302	-1.2725	-0.0821259	-0.48118	-0.629672	-0.253543
GCUCC	-0.417595	-0.378429	1.43495	5.42665	-6.9672	0.377787
UCUCC	-0.463347	0.77004	0.502181	0.491087	1.4088	-2.40202
AGUCC	0.557944	-1.00534	-0.0627929	-0.41684	-0.189692	-0.00337749
CGUCC	-0.281428	-1.0509	3.8988	0.389152	-0.756576	0.708509
GGUCC	-1.13449	0.256148	1.0601	1.05611	1.1602	-2.97769
UGUCC	-1.08115	1.34365	-6.16567	-0.778079	-3.54792	0.541325
AUUCC	0.586124	-0.129737	-0.734749	-0.495971	-0.421796	-0.015943
CUUCC	0.344449	3.31237	-3.43721	3.70459	-6.87076	-2.22231
GUUCC	-0.008417	-0.716125	0.268364	0.115789	0.332206	-0.142071
UUUCC	-0.0855581	-1.82303	0.029831	6.95799	0.658577	-3.33731
AAAGC	1.02341	-1.48511	-0.0346847	-0.610764	-0.865942	-0.15349
CAAGC	0.274943	-1.96553	0.798109	0.336749	-0.289774	0.39992
GAAGC	-0.791737	0.645469	-2.3443	-6.53518	2.22807	4.61884
UAAGC	-0.489546	-1.6572	-0.358056	1.96089	1.05861	-0.710813
ACAGC	-0.140016	1.25404	-2.42837	-3.76932	1.44403	-3.55995
CCAGC	0.195082	0.0850389	2.35452	-2.05224	4.5597	0.712953
GCAGC	5.47423	3.13893	0.127542	0.377618	0.203737	0.0888977
UCAGC	0.441513	0.751485	1.15643	-0.242337	5.45215	2.35323
AGAGC	-0.534963	1.1235	1.77313	-0.542406	0.91182	-3.87925
CGAGC	-0.661359	0.689158	-0.496802	1.91141	-2.17965	2.03585
GGAGC	-4.408	0.117123	0.231577	-0.266081	-5.18907	5.33178
UGAGC	1.37155	2.23899	-2.23304	-4.60651	-0.00915709	-0.471772
AUAGC	-0.822015	-0.38701	1.23099	1.42821	3.99212	-0.561186
CUAGC	-3.02268	-2.05635	3.79272	-1.27737	0.264607	-0.254832
GUAGC	0.609299	-1.22446	-0.637879	0.0972217	-0.145928	-0.0768707
UUAGC	0.851898	-1.46223	-0.571863	-0.188594	-0.411405	-0.0521228
AACGC	-0.113442	0.978044	-3.60773	3.35105	0.925598	1.04821
CACGC	0.733217	-1.01365	-0.225469	-0.523718	-0.274457	-0.056052
GACGC	-1.1306	0.272554	-1.22028	0.883048	2.40172	0.643646
UACGC	0.542693	-0.917288	-0.0117777	-0.327421	-0.136143	-0.0350323
ACCGC	-1.15705	-0.516677	-0.518095	4.13015	1.30943	-1.67952
CCCGC	0.667444	-1.22419	-0.316764	-0.172175	-0.208126	0.0495331
GCCGC	1.14372	-0.362294	-0.0211068	0.0850319	0.463506	-0.00567294
UCCGC	0.529697	-0.58342	-0.481554	-0.216964	-0.160159	0.0216078
AGCGC	-2.8243	-1.69118	1.43152	4.00127	0.234659	-0.189277
CGCGC	-0.6042	1.12474	3.97379	-4.50983	4.30014	-0.364239
GGCGC	0.758284	0.983855	-2.45287	0.831449	-2.49512	0.457335
UGCGC	0.625149	-1.06195	-0.0798991	-0.496377	-0.0356143	0.0101228
AUCGC	-2.04371	-0.389655	0.240037	2.97108	0.678251	-0.0293981
CUCGC	-0.76708	2.5803	-3.27831	-1.70076	-0.809516	0.870101
GUCGC	-1.84067	-1.3666	2.34566	-0.321475	-0.559889	0.0206031
UUCGC	0.400641	-0.822045	-0.0774819	-0.153635	0.0851295	-0.223508
AAGGC	1.95418	3.8863	-4.21903	0.0720956	0.866326	-0.55069
CAGGC	0.881167	-1.91056	-0.389203	-0.307561	-0.0255126	0.00175749
GAGGC	1.23167	3.47026	-3.72864	-3.10882	-0.997473	-1.8778
UAGGC	0.0932632	-0.443508	0.0693075	0.240447	-0.363456	0.0547666
ACGGC	-0.928517	-0.246437	-3.11381	7.48722	-0.640174	-0.445588
CCGGC	0.49229	0.04857	-2.73548	1.61356	-0.946254	0.95663
GCGGC	2.18457	-0.574952	-0.066936	-0.359894	0.14039	-0.00767197
UCGGC	-1.39878	1.48055	-2.93222	-2.98652	-2.67427	-5.47805
AGGGC	1.72562	-0.749146	-0.142401	-0.168443	0.107989	0.124732
CGGGC	-1.40249	0.234979	-4.19657	1.41006	2.14559	-0.25372
GGGGC	8.81362	4.23378	0.211174	0.279408	0.0698947	0.0753455
UGGGC	4.20201	1.66013	-3.66969	-0.440309	1.65284	-0.76437
AUGGC	1.94195	3.60632	0.599367	0.76595	0.723084	0.0721607
CUGGC	0.545218	-1.24303	-0.333923	-0.130725	0.0576084	-0.0410032
GUGGC	9.77158	2.04375	0.206785	0.897178	-0.136178	-0.030369
UUGGC	1.28743	-2.38414	-0.434503	-0.62162	-0.154362	-0.103186
AAUGC	-1.1183	-2.39661	0.0992469	-0.241341	0.0419025	0.206117
CAUGC	-1.55586	1.56998	-0.82092	-6.22273	-2.7212	5.65935
GAUGC	-2.69693	-2.91426	4.07267	-1.44102	-2.00317	0.675607
UAUGC	0.682344	-1.21988	-0.201136	-0.48798	-0.171285	0.0208043
ACUGC	0.525042	-0.953802	-1.5642	3.85604	1.37635	0.163778
CCUGC	0.217232	3.48861	-2.73955	-8.46252	-1.52873	-3.81221
GCUGC	1.57131	4.23327	0.0802834	0.527234	0.120216	-0.00621624
UCUGC	0.445363	-1.27932	-0.216522	-0.0214853	0.0674993	3.98278e-06
AGUGC	0.0520927	-1.66448	6.56308	0.542073	-2.56421	4.84122
CGUGC	0.923558	1.40596	1.83811	0.614181	-6.10262	0.0551121
GGUGC	-1.70881	-1.83493	-3.77314	4.97382	7.20491	0.625255
UGUGC	0.131525	0.461428	0.473718	-0.316362	-0.0441806	-1.35436
AUUGC	-0.676211	-0.808893	1.86151	1.25934	1.09555	8.73048
CUUGC	0.707973	0.636673	0.69786	0.95358	-0.148129	1.07765
GUUGC	1.08632	-2.13824	-0.151621	-0.360413	-0.162652	-0.0913446
UUUGC	0.537578	2.91373	-1.73885	-3.14562	3.09131	-3.72211
AAAUC	0.625063	1.35359	8.04782	-2.02544	-1.21527	-6.71027
CAAUC	0.56713	-1.40102	1.35339	0.0221574	-0.74977	-0.421799
GAAUC	0.0371787	4.23521	-5.718	-3.42294	0.309987	3.05867
UAAUC	1.08215	-1.42116	-0.683962	-0.542939	-0.523036	-0.19313
ACAUC	-0.102087	-0.115683	1.03958	0.866878	-0.404634	1.48378
CCAUC	-0.218136	2.73106	1.8633	-4.29019	0.102056	-1.53156
GCAUC	-7.61251	-3.80789	1.60279	4.45811	1.24331	4.03878
UCAUC	1.11052	3.341	1.10457	-3.1979	1.95287	0.222354
AGAUC	-0.354073	-0.966311	-0.0291535	-0.385479	1.24283	0.74367
CGAUC	-0.773335	0.0426919	-0.122654	-0.655459	4.17214	-0.346405
GGAUC	0.480914	-0.925012	-0.243262	-0.117309	-0.21437	-0.0195857
UGAUC	0.930175	-1.78146	-0.16942	-0.4892	-0.271316	-0.0377863
AUAUC	-0.352677	-0.547044	-2.75972	-2.64331	6.20563	0.590853
CUAUC	0.441788	-0.939275	-0.0948343	-0.253854	0.0739997	-0.0336046
GUAUC	-3.10065	-4.8105	-3.64857	0.701601	7.82279	5.01513
UUAUC	-0.843275	-6.79388	4.00004	4.4032	4.43287	-1.40191
AACUC	0.67556	-0.258417	1.5198	-6.43964	4.83792	2.31378
CACUC	0.583387	-1.26223	-0.533224	-0.0741334	0.0875331	-0.136942
GACUC	-2.0404	-1.4346	-3.46717	3.95354	5.3473	3.19445
UACUC	-4.38897	0.44967	0.434777	-1.39434	0.134246	-1.85565
ACCUC	0.870412	-1.16926	-0.55088	0.173295	-0.524494	-0.452176
CCCUC	1.00597	-0.829005	-0.00394922	0.588642	-0.733627	-0.219099
GCCUC	1.73306	-2.94286	-0.321008	-0.703471	-0.658592	-0.269606
UCCUC	0.00596807	0.128872	8.53179	-1.42761	-0.329141	-1.31005
AGCUC	-2.46502	-0.0533855	-0.259577	0.792017	1.22246	-4.71585
CGCUC	0.319473	-1.04919	-0.0912801	-0.104407	0.121844	-0.0224464
GGCUC	-0.186089	0.0789762	9.13257	0.426657	3.20727	5.90348
UGCUC	0.486144	-0.982809	0.0528988	-0.0446301	-0.320483	-0.0759571
AUCUC	0.0435934	-0.61729	3.56084	-1.52976	0.800234	0.491761
CUCUC	2.25513	2.51776	0.373022	-3.27642	1.61949	-6.29463
GUCUC	1.84325	-3.36451	-0.855668	-0.750086	-0.33669	-0.0223885
UUCUC	2.51781	5.18921	-3.60375	1.69039	-1.60489	-2.01389
AAGUC	0.848558	-1.19319	-0.298929	-0.56905	-0.382429	0.0830549
CAGUC	-0.200791	-0.167047	1.19889	1.2	1.49596	-0.0794378
GAGUC	-5.20712	-1.04836	-0.234699	-1.03392	4.29894	3.15083
UAGUC	-0.93493	-0.594474	0.735218	-3.21136	11.5201	3.16112
ACGUC	-0.525145	0.753949	2.89504	-0.494655	-0.202041	0.168443
CCGUC	-1.14447	-0.619385	-2.2554	-3.12676	1.5741	-0.327137
GCGUC	0.549648	-1.03155	-0.0781057	0.00497939	-0.127128	0.153905
UCGUC	-1.5991	-1.0185	-1.87353	0.705507	5.80127	2.87931
AGGUC	-2.05192	-0.416568	-8.36723	4.51357	1.17482	-9.74955
CGGUC	-1.709	-0.359748	-2.38749	1.32738	1.99131	0.184656
GGGUC	-2.73121	0.664225	-0.745394	-0.418165	-4.02753	0.189149
UGGUC	0.740789	-1.81382	0.14652	-0.404136	-0.111381	-0.0535078
AUGUC	0.106336	1.32899	-0.036431	2.77144	-2.74135	-4.80657
CUGUC	-1.63713	0.514891	-0.152408	0.939609	-2.6055	4.48668
GUGUC	-0.126994	0.102983	-0.0370172	0.297729	-0.0195873	-0.127195
UUGUC	0.891494	-0.805654	-0.65364	-0.700921	-0.303654	-0.0861642
AAUUC	-2.14799	-3.82694	-3.56172	3.60562	-0.966293	-0.813785
CAUUC	3.62347	0.197223	7.48337	-0.17345	-4.90527	2.32003
GAUUC	-1.64897	-3.29432	3.22394	-1.59495	6.12412	0.842711
UAUUC	-1.35069	0.431012	-6.70535	-2.52911	2.46152	0.745764
ACUUC	7.96917	1.68061	-0.899578	1.17543	1.68488	0.320394
CCUUC	-0.0791341	0.996683	1.8177	-2.86858	0.454317	4.80697
GCUUC	2.28551	0.971759	-2.26352	-0.257069	2.93099	0.653014
UCUUC	-1.67165	0.392264	1.13049	-0.0854316	-0.649157	-1.35866
AGUUC	-2.18589	-0.448038	0.611015	0.840108	0.148002	0.100215
CGUUC	0.799471	0.911226	-3.00511	3.82139	-0.314251	-1.7849
GGUUC	0.421373	-0.851658	-0.187267	-0.208448	-0.0375075	0.0242134
UGUUC	-1.27037	-0.632262	0.699435	3.3446	0.960793	-4.62511
AUUUC	0.23471	7.4811	-3.91	-4.52912	-3.0908	-1.46497
CUUUC	-0.606082	3.35621	4.74048	-5.89832	4.45849	-4.22386
GUUUC	0.664458	-0.975864	-0.0297197	-0.562414	-0.0788959	-0.306804
UUUUC	1.62076	-2.51175	-0.779537	-0.0996317	-1.06132	-0.476855
AAAAG	1.78272	-1.76891	-1.22676	-0.625104	-0.972776	-0.362999
CAAAG	0.917954	3.39102	-1.0966	-0.0938872	-9.04042	-1.66983
GAAAG	-0.292568	0.407074	0.384016	0.358897	-0.525143	11.3847
UAAAG	-1.148	0.107253	1.01647	1.13194	-1.03609	0.450488
ACAAG	-1.22197	-2.45301	2.48636	-0.550192	-0.29261	7.11873
CCAAG	0.970779	1.30312	-1.33497	-3.49025	2.62236	10.135
GCAAG	0.512456	0.91355	-7.11234	-0.323966	4.51654	1.16985
UCAAG	0.109775	6.28513	-2.85071	0.217437	-6.24141	3.52746
AGAAG	2.48895	2.08669	-1.75521	-3.03951	-0.795083	0.41353
CGAAG	0.860685	-0.782413	-0.753487	0.283382	-1.05354	-0.422387
GGAAG	1.35448	3.28135	-0.510555	-8.37525	1.43901	-3.69714
UGAAG	-0.246292	0.216111	13.4129	0.67443	-0.0386799	-4.15309
AUAAG	-0.217729	-0.526433	1.12485	2.44289	0.106596	0.567124
CUAAG	-2.50234	-0.400949	-2.1545	-0.880938	0.596751	7.48338
GUAAG	-1.41337	-0.647822	0.0411394	0.0496401	3.47975	1.85356
UUAAG	0.112424	-0.557571	-0.369473	7.27585	-0.791737	0.547013
AACAG	-0.674208	-1.37717	-0.634335	3.81756	-0.792964	-5.41108
CACAG	-0.274073	-0.910441	2.38288	-1.00712	3.78441	3.59585
GACAG	-0.242731	2.62688	-0.465045	-5.30755	-0.724617	-9.91277
UACAG	0.00843578	-1.7108	-1.048	1.72182	4.01256	1.20576
ACCAG	-0.953369	-0.858804	1.47957	-1.50359	6.34536	-0.867639
CCCAG	0.909397	1.63091	-0.0554587	3.90801	-7.21722	1.54015
GCCAG	0.548087	0.527469	7.95481	1.61199	0.624659	-2.24742
UCCAG	-1.58557	-4.09508	-2.41675	3.82795	4.8862	4.41697
AGCAG	0.53871	3.32058	-0.191782	-0.401436	-2.2106	-3.26669
CGCAG	-0.821848	-0.743456	-1.36026	7.8235	1.33305	1.2552
GGCAG	8.78609	3.55126	-1.26478	0.047977	0.43498	-0.00501917
UGCAG	0.468451	2.73032	-5.7744	7.96019	-1.64295	-1.90905
AUCAG	0.388001	1.93809	6.27277	-4.8677	2.46927	-0.14551
CUCAG	1.44166	3.49376	-2.92285	-2.86325	-6.60924	-0.389731
GUCAG	-1.16718	-0.0799219	-0.67345	1.79446	0.233414	-1.12659
UUCAG	-0.472182	0.401949	-3.67892	3.70832	-3.13353	16.7295
AAGAG	4.03393	4.58577	0.228523	2.75477	2.06736	0.831718
CAGAG	0.480679	2.66392	-7.21599	-2.71734	-8.53413	4.47442
GAGAG	-0.213658	-1.70037	2.39111	0.706704	-0.179459	-0.613617
UAGAG	-1.17656	-1.52196	1.40638	-0.652229	-0.21482	-0.484137
ACGAG	0.610462	-0.0644797	-0.332308	-0.379051	-0.416321	-0.153926
CCGAG	-5.33156	-0.275911	-2.12819	-4.86233	-2.70204	-1.83722
GCGAG	0.737935	-0.488325	4.46918	2.74865	3.41907	0.780347
UCGAG	0.928485	-0.72908	-0.300672	-0.0604194	-0.501648	0.0167788
AGGAG	1.34272	-0.89404	-0.722418	-0.630067	-0.520381	-0.245567
CGGAG	-1.12192	0.518099	2.65384	-2.63465	-1.34225	-1.09045
GGGAG	7.82671	4.64848	-0.399726	0.184595	-0.0718833	0.0209166
UGGAG	1.22904	5.83253	-0.938711	-1.74384	0.623786	0.358011
AUGAG	0.709706	-1.0328	-0.320761	0.0677366	-0.47323	-0.021249
CUGAG	0.864688	0.733987	4.83638	7.69206	-7.00479	1.32919
GUGAG	0.802145	-1.16894	-0.788682	-0.288132	-0.106174	-0.0377722
UUGAG	-1.05174	0.39908	-0.213293	1.09788	1.03303	2.52216
AAUAG	0.255144	1.01121	5.70342	0.199407	-3.92872	-0.336161
CAUAG	0.537058	0.682197	1.32305	1.4607	-0.432801	1.59347
GAUAG	-0.616631	1.00469	1.65131	-0.528794	4.03295	-5.79456
UAUAG	-0.435045	0.631096	0.576925	-0.296006	-0.0236735	-0.0744288
ACUAG	-1.83274	-4.95339	1.63014	3.48039	1.67256	-0.86161
CCUAG	1.04137	-1.70114	-0.3801	-0.355988	-0.281413	-0.0862982
GCUAG	-0.313773	0.781319	0.152308	0.932508	0.65448	-1.2253
UCUAG	-0.369306	-2.65091	0.635132	12.7839	2.64929	0.288435
AGUAG	1.29431	1.19625	-0.709138	-1.35667	-1.05058	1.019
CGUAG	0.282248	-0.519809	0.0634862	-0.0584591	-0.11162	-0.0124464
GGUAG	-0.221308	0.08959	-0.21108	0.0210184	0.295566	0.276482
UGUAG	-0.424776	0.642212	0.854829	12.9322	-1.12138	-1.3733
AUUAG	0.779183	-1.39255	-0.420349	-0.116863	-0.461832	0.127086
CUUAG	-0.559617	0.80227	1.75166	0.339725	-3.60493	4.78585
GUUAG	0.595522	-1.4693	0.129031	-0.212715	-0.151755	-0.114972
UUUAG	-0.372356	5.90285	-3.36441	-0.11653	-14.7215	7.28573
AAACG	-1.02145	-4.6306	7.36453	-0.320362	4.49505	1.09879
CAACG	-0.274243	-0.612171	-0.0930013	-0.857092	-0.32644	2.14414
GAACG	-0.72362	-1.72371	-0.942671	-2.17924	1.96032	-0.251359
UAACG	-2.58983	1.18541	-1.45982	-1.72614	-3.76652	-1.72926
ACACG	0.599017	-1.65189	0.074733	-0.521889	-0.586042	0.455771
CCACG	0.656328	-0.7971	0.0606936	-0.0675676	-0.930671	0.623894
GCACG	-0.62313	-1.55276	-1.22061	2.96781	5.99171	-1.77555
UCACG	0.755242	-1.18263	-0.319939	-0.565791	-0.24119	-0.0544886
AGACG	0.452092	1.16884	-3.26587	-1.13711	-0.693977	-0.302669
CGACG	-1.62226	-0.353262	-0.0533386	1.93354	1.47816	1.27888
GGACG	-1.37577	-2.30615	5.35264	3.27501	-0.0706848	0.488528
UGACG	-0.666908	0.681	-1.74666	2.82075	-0.010183	-4.3803
AUACG	-2.64683	0.860022	-1.71296	-1.22054	-2.59846	-1.21423
CUACG	2.53987	-1.53562	3.97793	-0.0549796	-1.1511	0.240514
GUACG	-3.66474	0.0149762	0.734661	1.91713	-1.12084	3.37132
UUACG	0.24196	-1.82146	-1.03651	2.00764	-0.481528	-0.000267732
AACCG	-6.06841	-1.46178	0.527143	3.4084	0.0415909	1.61776
CACCG	0.216035	-0.352823	-0.173441	-0.17532	0.0803061	-0.108636
GACCG	0.840443	-0.731283	0.0848559	0.229566	-1.1337	-0.0811784
UACCG	1.49331	0.753255	-1.54196	0.197238	4.36579	0.753442
ACCCG	-0.373391	-1.40849	6.82659	6.09684	2.02489	-3.34497
CCCCG	0.990044	-1.16117	-0.399209	0.186709	0.0748484	-0.0450028
GCCCG	0.875731	-0.931068	-0.179055	-0.175946	0.155679	0.0721126
UCCCG	0.598404	-0.935164	-0.447874	0.0155179	-0.141464	-0.0376912
AGCCG	1.3312	-1.15687	-0.0773676	-0.00424292	-0.125752	-0.178254
CGCCG	0.261184	0.522366	-5.08165	3.54304	0.446301	0.120286
GGCCG	0.705938	1.80086	4.01679	-2.97102	-2.61612	2.41836
UGCCG	5.69425	2.18905	1.09096	0.394148	1.04123	0.149735
AUCCG	-5.16511	0.177001	-0.301119	-0.124514	0.313802	0.93974
CUCCG	2.41988	3.04783	-1.05042	2.31588	-1.50297	-2.8049
GUCCG	-1.1351	0.580919	-0.977816	1.5802	1.01459	1.49966
UUCCG	-0.185185	3.81802	-1.47292	-1.99079	-3.43582	-2.14356
AAGCG	-3.70769	-1.24033	2.24936	-0.526308	1.50646	0.85037
CAGCG	6.4215	3.19877	-1.47228	0.351303	0.421896	0.224256
GAGCG	0.155618	2.80605	-1.03094	-3.3208	-1.32211	0.243442
UAGCG	0.439789	-0.959406	-0.0752342	-0.272456	0.0112127	0.0078284
ACGCG	-0.118105	2.37614	-0.52853	-0.91833	0.0132552	-0.0214555
CCGCG	0.300609	-0.583033	-0.146246	-0.05813	-0.0253349	0.0283884
GCGCG	0.700027	-0.953474	0.0490511	-0.188655	-0.0851509	0.0475119
UCGCG	4.3698	1.9968	0.00157198	0.387387	0.158323	0.046029
AGGCG	0.417811	-0.975849	-0.319568	-0.126296	0.0140733	-0.0178239
CGGCG	1.38181	-0.80321	-0.0300769	-0.400916	-0.250658	0.0353263
GGGCG	-0.297368	1.02533	-1.64224	0.269579	-0.880901	-1.32606
UGGCG	-2.23719	0.576744	0.259536	0.702523	-0.246839	-2.89058
AUGCG	-1.73244	-1.63857	6.72095	1.01059	-2.91103	-0.881828
CUGCG	1.24938	-0.806601	-0.064678	-0.584478	0.0575437	0.0411011
GUGCG	0.676019	-1.17229	-0.0963285	-0.455878	-0.0185344	-0.0589612
UUGCG	0.265649	0.357264	0.0740436	-0.0253403	-0.409905	-0.739077
AAUCG	-0.718847	0.474004	2.60967	1.18629	1.41067	-4.55217
CAUCG	-0.574196	1.89318	0.204279	7.81529	-7.13474	0.782425
GAUCG	-0.880838	3.96234	0.867354	-7.79874	-1.27437	-1.22265
UAUCG	-2.45713	-2.83308	1.26968	-1.13537	0.381909	-0.396942
ACUCG	-1.87883	1.49319	-2.55222	-1.54585	3.48567	-2.23021
CCUCG	1.01246	-0.46592	-1.04693	0.51718	-0.480818	-0.107135
GCUCG	-2.48853	0.288336	2.47299	0.836662	-1.52355	-0.45783
UCUCG	-0.231605	1.92346	-4.07046	-0.363079	-3.25431	-0.235023
AGUCG	-0.0804325	-0.355411	1.02804	6.02117	2.93218	2.31455
CGUCG	-0.874238	1.13448	-3.58459	1.80444	1.14277	-0.0195229
GGUCG	2.08034	-0.609792	-3.32323	0.11375	-0.0846788	0.00205342
UGUCG	0.4569	-0.866768	-0.256602	-0.411205	-0.0911086	0.0198002
AUUCG	-3.72988	-1.39394	1.79812	-2.51582	-3.42102	-1.81021
CUUCG	-2.19863	0.122383	-1.08169	-1.10169	1.86486	0.338257
GUUCG	-1.76479	-1.27685	4.70388	2.63365	-1.25325	0.51763
UUUCG	-0.777438	-0.981268	1.59058	-1.12129	0.121655	0.9186
AAAGG	1.83687	4.39428	-6.95331	0.763026	-1.18903	0.260147
CAAGG	-0.550412	-3.6763	6.45873	1.8555	4.22635	1.26802
GAAGG	1.46753	2.49061	-7.05931	-4.85853	-2.3068	0.982836
UAAGG	-0.00151608	0.731487	3.44315	4.80593	-6.65834	-3.35871
ACAGG	-2.41793	-1.53279	-0.455531	-0.562503	1.90473	0.571159
CCAGG	0.903825	-1.48204	-0.573192	-0.320554	-0.274742	-0.104582
GCAGG	5.03035	2.50094	-0.298948	0.556105	0.0292188	-0.103772
UCAGG	-0.180622	-0.0377435	2.60603	-0.203758	2.65899	0.155718
AGAGG	1.15409	1.74174	0.28426	-2.71284	-4.55799	-1.86374
CGAGG	-1.04954	0.5216	0.00717155	-1.72912	5.80669	-1.24207
GGAGG	1.42915	4.04814	3.99137	-6.28478	2.2166	-5.04553
UGAGG	0.709291	-0.816794	-0.611685	-0.530246	-0.148024	-0.0754349
AUAGG	0.808343	-0.989874	-0.348256	-0.411093	-0.595554	-0.203322
CUAGG	-2.66176	0.511772	-0.0969992	-3.08754	1.18611	1.74166
GUAGG	0.60473	-0.883367	-0.25264	-0.264524	-0.456279	0.0207113
UUAGG	-0.440375	0.645015	-3.55439	0.18697	1.2914	4.73625
AACGG	-1.73024	0.574068	9.22826	-4.11309	-4.02753	5.98741
CACGG	-1.7991	0.336686	-2.18595	0.337049	-1.01502	3.30819
GACGG	0.374466	0.641488	-0.265643	2.10055	1.15392	-0.190343
UACGG	-1.93411	0.655573	0.575408	-3.09954	4.95185	-2.05555
ACCGG	-0.648322	0.403318	2.33392	-0.0539626	1.93921	-0.894271
CCCGG	0.019381	0.234278	0.130564	2.94648	0.782235	-0.19625
GCCGG	7.42163	0.11046	0.0515215	-0.152625	-0.0382723	0.0390191
UCCGG	1.3682	-2.99678	0.190095	-1.34432	0.482474	0.265826
AGCGG	0.251896	0.338076	0.246593	0.320057	-0.203125	0.198514
CGCGG	-0.579093	3.54856	0.896708	1.10237	-0.90884	0.0784532
GGCGG	0.539574	-1.02425	-0.3583	-0.126058	-0.0405547	-0.0610056
UGCGG	-0.674992	1.20698	1.11951	-3.28493	3.07323	-6.84472
AUCGG	0.680426	-0.634266	0.429706	-0.00335503	-1.1096	-0.26231
CUCGG	-0.615868	0.701295	-2.62917	0.808986	1.33069	-3.32942
GUCGG	-1.6596	-0.0553922	-1.23872	2.58327	1.04033	-0.383091
UUCGG	-0.459546	3.22594	-3.06174	-5.26484	-2.16582	0.582328
AAGGG	0.767084	-0.797897	-0.368662	0.419381	-0.0579203	-0.15276
CAGGG	-0.158651	0.52833	3.55847	-1.31728	-0.606739	11.4266
GAGGG	-0.0429548	-2.07979	-4.13934	6.76728	2.70157	1.57107
UAGGG	0.565158	-0.603735	-0.158136	-0.344031	-0.519469	0.018016
ACGGG	-0.0985038	-0.236015	-0.604643	-0.0101482	1.26887	0.951586
CCGGG	0.795497	1.2728	0.184134	-1.69291	-0.468013	-1.34414
GCGGG	3.13147	3.08349	-0.47788	-0.096156	-0.405842	-0.148334
UCGGG	-2.48552	-0.640358	-1.06523	4.17035	-0.749492	1.48521
AGGGG	-0.185991	0.18008	0.423672	1.20959	0.316993	11.865
CGGGG	2.10094	1.95473	0.981025	-0.232066	-0.0112203	-0.00595721
GGGGG	-0.691318	0.263027	-1.41105	1.67808	-2.37307	-1.98538
UGGGG	4.32117	5.8718	-0.038418	0.768287	0.263986	0.0507588
AUGGG	-0.343535	-0.5053	12.0455	2.64332	1.36074	-10.7582
CUGGG	-0.0491654	0.913278	1.01256	0.465789	-0.848947	-4.01875
GUGGG	1.45226	4.01674	-0.237501	0.826773	0.1292	0.10939
UUGGG	-1.76002	-0.180342	0.0992196	2.00686	0.937167	5.10755
AAUGG	-0.413066	4.53521	-4.68677	0.0122276	-3.38655	-13.6212
CAUGG	-2.09461	-2.3359	0.164866	2.04956	2.71807	-0.237311
GAUGG	0.795	-1.99077	1.79557	5.53261	0.489792	0.712188
UAUGG	0.130582	-0.210384	1.61289	1.1885	0.581654	2.51796
ACUGG	-0.761995	1.97658	-1.0861	-9.92007	-4.95929	5.57924
CCUGG	0.875436	-1.95201	-0.199947	-0.19287	-0.0352133	-0.0135733
GCUGG	0.745828	-1.52574	-0.273523	-0.188493	-0.0830265	-0.034254
UCUGG	1.21031	5.59079	-2.98815	-3.37988	-1.67146	1.23264
AGUGG	-0.0687764	0.79084	2.15281	-0.189211	-1.45981	10.397
CGUGG	-1.64944	0.716171	-4.99425	-0.641151	-1.08581	1.20848
GGUGG	1.09037	0.755225	-2.03354	1.93333	-0.400085	2.14772
UGUGG	0.589579	-0.0669134	7.54381	0.408858	1.50328	-4.51397
AUUGG	0.638324	-0.944113	-0.10168	-0.617808	-0.218487	0.0422776
CUUGG	0.529282	-1.21804	-0.449576	-0.266944	0.148163	-0.0717165
GUUGG	1.12503	4.96894	-1.24357	-3.01492	1.45643	0.756324
UUUGG	0.930299	0.394988	3.58173	-0.63889	0.791444	-1.17556
AAAUG	0.0302389	0.897877	6.94624	1.21375	-4.25061	0.745789
CAAUG	-0.237264	-0.266593	7.73031	-1.77888	3.3054	3.62653
GAAUG	-2.24763	-1.00606	0.907226	-0.809107	-0.273234	-0.269111
UAAUG	3.03949	0.387175	2.89817	-0.385157	-2.42254	-1.50519
ACAUG	-1.28242	-0.439073	-2.71615	3.77725	-0.607931	-9.78175
CCAUG	1.26307	1.46544	-0.344301	2.95059	0.363364	-4.18845
GCAUG	-2.81354	-0.386105	0.916015	-2.71521	1.22092	0.832257
UCAUG	0.427491	0.191091	-1.0067	-0.435287	0.445061	0.361162
AGAUG	-0.464428	-0.170396	-6.08493	4.92155	-4.71551	2.42219
CGAUG	-2.1608	-1.71844	1.0363	3.73865	1.32861	7.40886
GGAUG	0.920503	4.32092	-0.460003	-7.4985	-0.185334	-2.4981
UGAUG	-2.54278	0.252486	0.250427	0.891395	1.2156	1.53771
AUAUG	-0.0710009	0.363127	-0.833625	0.369642	0.458882	-0.0300522
CUAUG	3.11075	3.3833	2.8129	-2.933	-3.89894	1.07685
GUAUG	-1.92473	-2.79566	1.98048	-1.58573	5.32077	-1.99046
UUAUG	1.06233	1.72276	1.86645	0.586887	-5.28756	8.81583
AACUG	-1.55983	-2.37927	1.85844	2.32307	1.79155	6.2513
CACUG	-1.56257	-2.51134	2.59617	-0.984476	1.55866	0.886564
GACUG	-0.219369	0.449329	2.1302	2.37605	-0.158494	-5.90768
UACUG	-0.282492	-1.20423	-0.469469	5.81864	2.49844	-8.79192
ACCUG	-2.46424	0.318717	-1.82755	-5.69791	-0.375763	-2.87425
CCCUG	3.03491	-1.44839	3.1611	-1.85589	4.43422	2.11012
GCCUG	0.7165	-2.04246	-0.208247	0.0968809	-0.212668	-0.0171807
UCCUG	0.831756	0.223729	4.37757	1.44253	1.24178	-4.43466
AGCUG	2.15417	4.22359	-1.82576	0.986511	-0.0201078	0.315507
CGCUG	-1.05108	0.287895	-6.10928	4.05446	-3.72745	-1.97436
GGCUG	3.68918	-0.603547	-0.181119	-0.0443755	0.00910201	0.0456517
UGCUG	-0.232741	0.197356	-0.572575	-5.77934	8.48672	2.50073
AUCUG	0.860209	-1.94705	0.0389621	-0.747642	-0.175375	-0.0310307
CUCUG	1.14122	-1.56649	-0.79525	-0.543593	-0.307362	-0.133361
GUCUG	-2.54122	0.684499	-3.61642	-5.66507	-2.37545	-1.52539
UUCUG	0.82219	-1.67792	-0.279112	-0.426015	-0.105673	-0.175597
AAGUG	0.785427	-1.32956	-0.381057	-0.456633	-0.246747	-0.0235315
CAGUG	1.61105	1.33233	3.31958	-4.23408	0.843533	6.08022
GAGUG	-4.31636	-0.0981285	0.478609	-0.118272	0.077277	2.56777
UAGUG	-0.25598	0.350049	0.028049	0.479323	0.0527092	0.0903524
ACGUG	-0.107883	2.77594	0.871146	-4.39911	-7.59038	0.688858
CCGUG	0.793052	-1.69938	0.945283	0.178637	-0.00105732	-0.177089
GCGUG	-5.42167	-0.66362	0.939435	1.31469	4.22323	0.772161
UCGUG	0.668249	-0.730183	-0.548404	-0.168981	-0.121071	0.0414646
AGGUG	-0.417915	0.0981778	-1.27221	-4.38995	9.27893	1.24033
CGGUG	0.297006	-0.374604	0.740815	0.121923	-0.335599	-0.238281
GGGUG	3.1427	3.08408	0.163885	-4.08187	2.37361	0.948653
UGGUG	1.52742	3.31603	-3.55424	-2.09183	0.830953	-0.0342934
AUGUG	0.571129	-1.09049	0.0332907	-0.551364	0.0384235	-0.133358
CUGUG	0.378118	3.54219	-3.52622	7.20209	-1.5214	2.59918
GUGUG	0.607357	-1.03393	-0.864022	-0.0156695	-0.123996	-0.0652164
UUGUG	0.864781	-1.78236	0.0211178	-0.504831	-0.35419	-0.0256489
AAUUG	1.45178	1.7265	6.80069	-3.01585	-2.8487	-0.529338
CAUUG	-0.981605	-3.04733	0.493951	2.5049	3.74051	2.88807
GAUUG	0.121085	5.10698	-4.39803	-3.42078	-4.23073	-1.79258
UAUUG	0.644626	2.25747	4.21732	-3.93342	-0.261636	-1.3485
ACUUG	-0.235503	0.765167	0.414561	0.421258	0.0462401	1.46075
CCUUG	-0.597616	0.625493	1.35503	0.78579	0.829837	-0.559126
GCUUG	-5.7544	-0.604083	0.306068	1.17104	0.223395	3.15089
UCUUG	-0.24719	0.3195	-2.21605	1.17204	2.82987	2.11406
AGUUG	-1.16083	0.0467223	-1.90705	-1.68119	2.59391	2.00918
CGUUG	-3.12666	0.530192	1.20952	-0.103672	-4.14366	1.29667
GGUUG	-6.44907	-6.03814	4.93191	1.02693	0.0509799	-0.56475
UGUUG	1.37989	-2.54031	-0.736102	-0.655734	-0.279238	-0.0954003
AUUUG	-0.917895	0.357389	-0.231183	-0.26217	0.902241	-0.649253
CUUUG	-2.6678	-0.0831811	0.758234	-0.284866	0.906921	0.295588
GUUUG	0.158739	-0.196961	-2.95248	0.431762	5.91463	2.75797
UUUUG	2.64931	-3.48917	-0.882901	-1.30683	-1.92004	-0.466692
AAAAU	1.8124	-1.74434	-0.687335	-1.01744	-1.45751	-0.549306
CAAAU	-3.239	0.299122	-3.66341	-4.19385	0.273777	2.32818
GAAAU	-3.57013	0.298394	-0.153529	-1.12037	-1.6605	2.64463
UAAAU	-0.787922	-0.00522944	-0.613411	0.341178	0.692537	1.75016
ACAAU	1.70059	-0.49154	-1.3665	5.19468	6.06116	2.33211
CCAAU	-0.00892909	2.27984	-0.0349408	-8.3861	5.6905	-0.660473
GCAAU	0.0822639	0.513083	0.51328	-0.47343	-0.641985	0.26316
UCAAU	1.34065	-0.855777	-1.11267	-0.90533	0.343976	-1.3168
AGAAU	0.946076	4.1499	-2.04143	-5.13243	-0.332292	4.29175
CGAAU	1.09559	-1.08682	0.0415673	-0.628794	-0.11588	-0.161034
GGAAU	0.0458789	-0.296426	4.01952	-3.47488	5.11826	3.94981
UGAAU	-6.26818	-0.59014	-0.423551	0.488405	0.856553	-0.264087
AUAAU	1.22021	-1.46689	-0.701684	-0.588862	-0.582312	-0.221591
CUAAU	-0.247883	2.20088	7.28582	-1.95185	-5.38831	0.891653
GUAAU	0.927938	-1.26358	-1.03519	-0.339967	-0.100578	0.122469
UUAAU	-1.17345	0.224455	-0.608292	0.866283	0.686432	-1.59016
AACAU	-0.0876328	5.16735	-1.05908	-4.22595	-3.30314	2.0303
CACAU	-3.55691	0.377077	0.0579581	0.340216	-2.26795	2.32767
GACAU	1.83828	4.62561	-3.1116	-1.93121	0.92471	0.841666
UACAU	-2.80719	-4.56122	0.0746271	-0.853933	-0.512393	0.206956
ACCAU	0.0871425	-0.790349	0.363518	0.00473676	-0.0775028	-0.0047235
CCCAU	-3.37403	-1.96533	-0.412473	2.64547	1.88937	-4.52994
GCCAU	2.46584	1.92503	1.64038	1.79939	1.66737	1.1955
UCCAU	-0.686757	-2.72321	0.742728	-3.61272	1.66313	-2.73397
AGCAU	0.107337	1.29811	2.92882	1.29133	-5.01865	-2.12744
CGCAU	0.803767	-0.614919	-0.732199	-0.252337	-0.553465	-0.309125
GGCAU	0.355585	-1.04466	0.501788	-0.195369	-0.00985306	-0.0281943
UGCAU	-0.409164	1.28488	-8.8071	-3.45883	6.82226	-0.464128
AUCAU	-1.04915	-0.251041	0.0788059	3.69759	0.638291	4.25195
CUCAU	0.429942	-2.53081	6.75486	1.05334	2.56161	-0.414853
GUCAU	0.663329	-1.49567	0.867973	5.7845	-0.849721	4.27076
UUCAU	-0.839168	-0.580556	3.15036	3.26391	-5.55075	12.3431
AAGAU	0.0651411	0.640685	-1.77848	0.81701	0.522819	-0.875247
CAGAU	0.916798	-1.55793	-0.369132	0.00404625	-0.680828	-0.143812
GAGAU	-0.875706	-0.034307	0.492345	0.185805	7.28104	6.2053
UAGAU	-1.62533	0.73361	0.755572	1.23564	-6.69909	-2.30051
ACGAU	-3.45925	-1.68558	-4.19947	2.46293	-0.95625	0.7113
CCGAU	0.27404	-0.612562	0.0265151	-0.0408724	-0.050735	-0.0689485
GCGAU	-0.510953	-0.218443	-0.266689	0.55373	2.33791	0.0471519
UCGAU	-0.0839442	2.20311	2.01129	-2.57389	-2.25156	-0.509381
AGGAU	-0.240997	-2.5527	1.25621	-0.851797	-0.377346	-0.277454
CGGAU	-1.90797	0.888355	-1.22618	-2.52939	-0.0492271	-0.470788
GGGAU	0.578487	-1.01521	-0.684398	0.192379	-0.0198487	0.0509891
UGGAU	1.62687	-1.07318	-0.231823	0.272665	0.359605	0.664859
AUGAU	-1.59795	-2.21404	-1.64884	-0.960193	1.92446	-0.772371
CUGAU	0.651841	2.43827	0.343228	-7.23997	-5.40685	-2.98526
GUGAU	0.245758	-2.04545	1.20195	-0.357164	0.18046	0.00960208
UUGAU	0.822316	-1.15752	-0.487062	-0.730947	-0.143645	-0.0468648
AAUAU	1.42382	3.42984	-0.262386	-0.963435	-1.0721	-1.66645
CAUAU	-0.723927	1.02458	0.551981	-4.91432	7.16583	-0.908058
GAUAU	0.68157	-0.574314	-0.742251	-0.276066	-0.117148	-0.0178413
UAUAU	1.21444	-2.26046	-0.622013	-0.232513	-0.416818	-0.0503636
ACUAU	0.533044	-1.18353	-0.461885	0.0224953	-0.106859	-0.287399
CCUAU	0.28777	3.37954	-6.15304	-4.37924	-4.69559	-1.64656
GCUAU	-0.517825	1.579	0.26404	-3.63182	0.183386	-6.17237
UCUAU	-1.78362	0.235458	0.801933	2.41078	-0.0648842	1.19772
AGUAU	0.0331684	-0.171246	0.977841	10.6373	-0.16879	0.459258
CGUAU	-5.995	2.28013	-1.1145	-1.70142	-6.65584	-0.306337
GGUAU	-1.0612	-0.466534	2.44643	1.13896	1.17196	-2.10169
UGUAU	-0.0460178	4.67921	-1.55473	-6.80474	2.36048	-5.16188
AUUAU	-0.270978	-0.364185	9.25987	1.33775	-4.43515	1.70401
CUUAU	0.320246	1.80726	-3.35177	3.00899	-1.23814	-0.257786
GUUAU	-0.167387	0.294834	0.66927	1.64295	-0.413688	8.52476
UUUAU	2.24629	-2.34603	-1.23121	-1.23777	-1.78024	-0.346513
AAACU	-0.927201	-6.24532	-0.582782	-1.62518	7.71493	0.02736
CAACU	2.27127	5.94528	1.85036	-0.956107	-5.05051	0.546336
GAACU	1.69578	5.02186	-0.422017	0.897037	-1.04099	-1.80043
UAACU	0.71891	-1.24552	-0.841852	0.115995	-0.371257	0.036783
ACACU	-0.767246	3.0194	-6.35262	3.96458	-11.0464	-3.49322
CCACU	-0.400606	0.930179	5.03388	-5.52954	2.93442	-1.76562
GCACU	0.617648	-1.35089	-0.414036	-0.287923	-0.0165705	-0.046489
UCACU	0.511926	-1.56548	-0.24623	-0.243733	0.177538	0.0247174
AGACU	-1.79599	0.480591	1.06981	0.433767	-2.5111	0.171513
CGACU	-0.650986	-0.649019	0.228497	1.82294	2.45529	-0.155658
GGACU	0.177271	-1.98303	-0.268539	1.34653	-0.204156	0.0556315
UGACU	0.114593	-4.41096	-3.7279	5.92152	-2.1072	-1.55007
AUACU	-0.0448552	0.162809	2.88767	8.0164	-6.72044	0.919952
CUACU	-0.28225	0.0497146	-0.696964	6.80368	1.75682	-9.02502
GUACU	-4.11083	-2.22573	1.82975	0.235737	-0.639435	0.320037
UUACU	0.522505	-1.21243	-0.556039	-0.0551815	0.0577257	-0.0618103
AACCU	0.787749	3.43328	4.35616	2.01259	-1.91989	-1.67698
CACCU	0.35638	4.11581	-0.0653121	-1.20467	-9.24729	-2.47443
GACCU	0.798498	0.846953	-0.695973	6.29806	-7.58252	1.90634
UACCU	0.797977	-0.926784	-0.789013	0.107857	-0.598549	-0.336588
ACCCU	0.813685	-1.17394	-0.525601	-0.298423	-0.240043	-0.198711
CCCCU	0.469093	0.385142	7.25953	-0.0157952	-6.91219	1.60559
GCCCU	0.807211	3.22795	2.6234	-5.6244	0.599881	0.164852
UCCCU	1.02718	-1.6323	-0.451952	-0.137247	-0.627602	-0.225969
AGCCU	1.59453	-2.97643	-0.715941	-0.331024	-0.362636	-0.123996
CGCCU	-0.19482	1.00089	0.891862	-2.95113	-0.204736	1.67679
GGCCU	-1.26521	0.350994	-1.49395	0.00322029	0.18208	1.87634
UGCCU	1.59603	-3.0075	-0.459898	-0.841889	-0.564091	-0.169507
AUCCU	2.78617	-0.982177	-1.10545	-2.41948	0.870702	-0.266894
CUCCU	0.990119	-1.78122	0.225538	-0.581402	-0.645525	-0.147545
GUCCU	-3.08463	-2.96522	1.81748	0.081669	-3.85906	0.277655
UUCCU	2.54359	2.21688	-0.734085	0.55301	-4.0224	-0.692359
AAGCU	1.35941	-1.43922	-0.293198	-0.634794	0.632352	-0.546847
CAGCU	-0.698328	0.56153	0.379828	0.638185	-5.21598	-2.06992
GAGCU	-0.439893	0.459409	3.56252	-7.83297	1.06622	-1.21922
UAGCU	0.817985	-1.7683	-0.526114	-0.036274	-0.0792676	-0.0301527
ACGCU	0.411126	-1.00337	0.159462	0.124178	-0.359463	0.035295
CCGCU	0.980749	-1.01917	-0.0148011	-0.339596	-0.0912493	0.146158
GCGCU	0.75444	-0.912321	-0.49081	-0.800778	0.183043	-0.0692758
UCGCU	0.110188	1.21465	-0.411261	2.01044	0.0355957	-0.565895
AGGCU	0.0742478	-1.04856	-4.0475	6.95899	-2.56168	2.34986
CGGCU	2.41924	3.10096	0.0146314	0.416579	0.224891	0.0359501
GGGCU	1.93051	2.36491	0.429006	-0.529102	0.175202	0.0570363
UGGCU	0.898679	-2.09714	-0.135583	-0.278978	-0.124884	-0.0728555
AUGCU	1.3825	2.80715	-5.08663	-0.474959	-3.45081	-1.18798
CUGCU	-1.3085	0.448751	0.874465	-0.17351	-0.298347	1.5111
GUGCU	-0.339386	0.8624	1.73285	0.565607	-0.659267	1.7469
UUGCU	0.791119	-1.06201	-0.824238	-0.448544	-0.0924621	0.0734911
AAUCU	0.324223	-2.00703	0.966499	-0.701681	-0.485555	0.0104309
CAUCU	-0.496371	-2.86613	0.484169	5.76569	0.74431	3.1008
GAUCU	1.18715	-1.88253	-0.934249	-0.645572	-0.0963191	-0.060633
UAUCU	0.724207	-1.18006	-0.100585	-0.830767	-0.0529082	-0.134071
ACUCU	0.623	-0.873131	-0.551267	-0.645854	0.179115	-0.298579
CCUCU	-0.498608	-2.41096	-2.51296	1.33197	1.70238	-0.566367
GCUCU	1.50347	-1.19549	0.0487858	-1.27445	0.603545	-0.410732
UCUCU	1.19545	1.08017	1.8088	1.60378	-1.81296	-3.15246
AGUCU	0.869276	0.906381	-1.17093	7.14721	-2.63636	3.28419
CGUCU	0.707092	-1.06003	-0.268874	-0.461299	-0.129009	-0.0284261
GGUCU	1.15518	-2.27426	-0.374499	-0.605051	-0.0486616	-0.0213805
UGUCU	1.52746	3.14453	-4.04314	2.69598	-0.445062	-0.70053
AUUCU	1.77308	1.75229	-4.7108	0.191915	4.46028	2.7707
CUUCU	1.44421	7.04615	-0.610977	0.4813	-0.183878	-2.93026
GUUCU	1.41486	-2.43203	-0.428924	-0.779342	-0.377147	-0.098143
UUUCU	-0.910965	-7.39673	0.511074	4.8685	1.1974	-1.30844
AAAGU	1.60739	-2.03687	-1.11986	-0.704186	-0.744359	-0.122104
CAAGU	-0.451646	1.62365	-1.00042	-2.54631	-0.223128	7.50633
GAAGU	-0.639099	-0.720538	-0.13771	5.41566	-2.88522	-4.38282
UAAGU	0.624426	-0.521106	-0.383174	-0.360398	-0.240332	-0.268264
ACAGU	0.298462	-0.538104	0.302987	0.00304984	-0.349137	-0.26105
CCAGU	-4.71139	-2.44125	-1.84442	-3.67015	5.76282	0.888411
GCAGU	3.10328	3.07149	-1.25385	1.47147	1.2003	0.0472864
UCAGU	1.166	2.28838	-3.96018	-2.64431	0.308976	2.13256
AGAGU	-4.17496	0.303268	1.03232	-1.36964	-0.873105	1.13537
CGAGU	0.293619	3.21764	-1.75153	2.29238	0.148792	-0.186734
GGAGU	-4.32916	0.633525	-0.582498	-7.10474	-5.00826	5.90747
UGAGU	0.596942	-1.31849	-0.00805057	-0.155056	-0.0564312	-0.0773849
AUAGU	-1.19921	-2.96616	-5.47563	-1.11478	7.35883	1.19682
CUAGU	-0.905542	0.772575	-2.76143	-0.664898	-1.71515	0.369745
GUAGU	-2.11898	0.785152	-1.30908	-1.44129	0.730253	0.211718
UUAGU	0.110054	0.301127	1.17722	1.61404	1.30506	0.922301
AACGU	0.594743	-0.701363	-0.0891696	-0.279843	-0.550453	-0.139415
CACGU	-2.52185	-1.40898	-0.705829	-2.963	1.32164	0.903528
GACGU	-0.629308	-0.151073	-2.65274	1.6814	0.648697	0.357199
UACGU	0.514325	-1.10374	-0.264325	-0.242014	-0.142294	0.00157796
ACCGU	-0.85562	0.21796	4.14123	0.14208	-1.07851	2.11667
CCCGU	-1.17309	0.526957	-2.93836	4.3182	-6.41434	-0.567957
GCCGU	-0.864327	2.08169	4.4973	-5.83941	-1.13816	-9.49148
UCCGU	2.70604	-0.173008	-0.972125	6.76641	0.996892	1.8077
AGCGU	0.249714	-0.958203	0.0371768	-0.612226	0.22694	0.478064
CGCGU	0.389265	-0.804609	-0.0306481	-0.196922	-0.0960959	-0.0316522
GGCGU	8.55796	1.65339	-2.51624	1.1536	0.750904	0.238619
UGCGU	0.302998	-0.805264	-0.0295609	-0.0027061	-0.0643143	-0.0399629
AUCGU	1.75672	-0.492292	-0.0787627	-0.364035	-0.154584	0.232084
CUCGU	-0.849232	0.947588	-0.0514454	-0.908245	0.395598	-0.150305
GUCGU	0.0795254	1.95631	-1.88121	4.50131	2.05665	0.496446
UUCGU	-4.71244	-3.90104	3.51747	0.679555	-0.0482686	0.0782792
AAGGU	-0.837627	-2.36352	5.03023	1.6395	0.0348016	2.43069
CAGGU	-0.334847	0.155985	-1.21918	-0.637464	1.59542	0.913152
GAGGU	0.82668	-1.3943	-0.496118	-0.417532	-0.0431019	-0.00299473
UAGGU	-3.05293	-2.22889	1.50514	-0.468058	-0.724982	-0.0288292
ACGGU	-6.08657	-0.143595	0.859837	0.797349	-3.64549	3.56918
CCGGU	-1.02795	-0.325209	2.04574	1.32001	0.0210648	-0.411569
GCGGU	0.37783	-0.690358	-0.0308853	-0.318624	0.193486	-0.0829955
UCGGU	0.257572	-0.739061	-0.943087	-0.113052	-0.826448	-0.0656965
AGGGU	0.311513	1.07076	0.455857	2.76557	3.14752	-4.59867
CGGGU	-0.541762	0.0708425	-0.284502	3.81217	0.288832	1.59569
GGGGU	-2.90566	0.191027	0.569775	0.644514	-2.31971	3.21338
UGGGU	0.638274	0.833225	-2.58214	-0.492589	3.20681	-7.17683
AUGGU	-2.66685	-4.62133	0.3109	3.41029	4.63237	0.218424
CUGGU	-4.02717	0.249735	0.532023	0.244301	-0.987566	-2.53728
GUGGU	-0.305221	0.818295	0.223001	-1.99148	4.03239	9.3856
UUGGU	-1.2096	0.221293	2.30775	-0.992759	-0.461	2.94302
AAUGU	1.11391	-2.0723	-0.229658	-0.397337	-0.302016	-0.150179
CAUGU	0.865926	-1.23732	-0.336961	-0.587252	-0.200481	-0.203153
GAUGU	-0.844296	-0.617962	6.60485	0.0939357	5.393	-7.3004
UAUGU	-0.621613	-0.202214	-1.28614	1.40191	1.19392	-1.73242
ACUGU	0.0177876	-1.18959	-0.834448	-0.871603	-1.22246	0.183888
CCUGU	0.808027	-1.59879	-0.361212	-0.0701347	-0.39576	-0.100772
GCUGU	7.78931	0.107082	-0.925948	-1.43348	0.315516	0.148229
UCUGU	1.82049	-3.34933	-0.719423	-0.681691	-0.372258	-0.205556
AGUGU	0.902068	-1.55692	-0.299344	-0.384242	-0.222817	-0.0298065
CGUGU	0.528629	-0.95186	-0.792197	-0.169032	0.107675	0.137591
GGUGU	1.83718	3.30518	-0.615765	0.869677	-0.694684	-0.446191
UGUGU	0.68979	-0.914217	-0.73556	-0.175341	-0.026914	-0.0127387
AUUGU	2.27031	0.557323	-2.72464	7.34437	-4.98826	-3.40966
CUUGU	-4.39575	-1.90401	0.714401	1.99352	0.779206	0.0505427
GUUGU	0.795586	-1.55044	-0.35615	-0.355204	-0.159881	-0.0630208
UUUGU	3.13839	-4.7295	-0.953495	-1.74887	-1.59667	-0.473268
AAAUU	-0.11413	-2.18489	-0.406619	-1.3618	-0.869677	-0.435301
CAAUU	0.261988	-0.213404	-0.988745	0.094449	0.145944	-0.115719
GAAUU	-5.23751	-0.287767	-4.45208	0.0059138	0.568889	-0.723215
UAAUU	1.57718	-1.99755	-1.29013	-0.303134	-0.880921	-0.157995
ACAUU	0.907492	2.8618	-0.494928	-4.94462	-2.44624	3.99659
CCAUU	-2.08257	0.40693	0.997271	0.614244	-2.23971	1.35392
GCAUU	-1.73675	0.0209868	1.4577	-0.777978	-1.10193	0.191774
UCAUU	0.688761	-1.40193	-0.292252	-0.456444	-0.0273186	-0.137883
AGAUU	1.04866	0.0293068	-0.0837148	5.72548	-2.58987	0.437573
CGAUU	0.504762	-0.616929	-0.367139	-0.613437	0.0136071	-0.0776165
GGAUU	-0.237843	0.58684	0.432462	0.929228	-1.6224	8.57638
UGAUU	-0.429401	-0.102715	0.961012	0.552832	0.780915	-0.662443
AUAUU	1.09336	-1.85463	-1.1415	-0.220243	-0.467735	0.292639
CUAUU	-0.345153	-2.11502	-3.50142	3.36592	6.79445	8.43332
GUAUU	1.22264	-1.65661	-0.665274	-0.360633	-0.902243	-0.00294166
UUAUU	1.55207	-1.81326	-0.792853	-0.7138	-1.09411	-0.432528
AACUU	0.141171	2.20566	2.79096	-6.40871	-1.0497	-1.02569
CACUU	-0.603554	0.0176332	0.467234	-3.34227	3.61526	0.700054
GACUU	-1.47239	0.316034	-3.03879	-0.363495	0.962972	3.26941
UACUU	0.607316	-1.42104	-0.465271	-0.620019	-0.508966	0.215476
ACCUU	-1.29498	1.17627	-4.49636	-1.42943	-6.14224	1.2888
CCCUU	0.689863	-5.62054	5.95672	-4.91194	0.174007	0.186421
GCCUU	1.0706	-1.96853	-0.413833	-0.517269	-0.196692	-0.017482
UCCUU	1.46513	2.45428	5.61799	-1.04452	-3.95439	-0.881838
AGCUU	-3.66273	-1.1235	2.61031	-1.86541	2.26209	0.270809
CGCUU	-1.0035	-0.512266	1.93478	-1.54386	5.57803	-1.57874
GGCUU	4.2434	-1.37858	-1.77698	1.51528	-0.630876	0.863135
UGCUU	-5.60527	-1.62623	-5.22626	-5.25293	5.40606	1.47886
AUCUU	-5.85086	-0.30552	-0.583678	-0.372065	0.577594	0.619126
CUCUU	1.33771	-2.09734	6.41712	-1.21507	-3.17019	0.397372
GUCUU	-0.486779	-0.29701	-5.42611	3.64757	1.84987	-4.66164
UUCUU	1.26461	-1.32618	-0.581606	-0.671421	-1.15466	-0.197358
AAGUU	0.754926	-0.618724	-0.924167	-0.454476	-0.241182	-0.215517
CAGUU	0.540233	1.86015	1.36938	-4.00574	-0.457677	0.878907
GAGUU	-0.40984	0.723608	0.223757	-0.379751	1.75785	1.81274
UAGUU	-1.84521	-2.74845	3.39113	-3.37848	-1.74704	-1.49914
ACGUU	0.678769	-1.29964	-0.6204	0.143493	-0.215786	0.141157
CCGUU	0.655684	-1.21993	-0.110847	-0.0505436	0.184151	-0.171228
GCGUU	0.645147	-1.08561	-0.0399373	-0.444389	-0.0705457	-0.0093334
UCGUU	-0.471044	0.495819	-0.0446567	0.374746	0.269355	-0.113263
AGGUU	0.924237	-1.79174	-0.232715	-0.613452	-0.0955264	-0.0426487
CGGUU	-3.31284	0.901064	0.205316	-2.75861	1.8054	0.0430899
GGGUU	0.600397	-1.29246	-0.249402	-0.0495099	-0.0760461	-0.0922152
UGGUU	-0.85847	0.0478866	0.187606	0.321762	1.78467	0.15708
AUGUU	1.24104	-1.78272	-0.619302	-0.854397	-0.330713	-0.152675
CUGUU	-1.40201	1.25687	-0.162759	-1.34592	-0.476309	0.713573
GUGUU	1.0591	-2.11089	-0.471219	-0.327665	-0.132566	-0.128594
UUGUU	2.68177	-4.28199	-0.849887	-1.29088	-1.0869	-0.446118
AAUUU	1.18597	-1.2238	-0.973363	-0.671513	-0.693934	-0.318286
CAUUU	1.51106	-2.10918	-0.745607	-0.582139	-0.998707	-0.216827
GAUUU	0.887668	-0.713935	-1.80007	-1.32211	-1.6422	0.197143
UAUUU	1.94733	-2.22288	-1.35642	-0.378429	-1.57739	-0.260774
ACUUU	0.608502	-0.882311	-0.80542	-0.471634	-0.0695917	0.294139
CCUUU	1.1779	-0.358247	3.05183	-4.3758	-0.869621	-0.703768
GCUUU	5.98345	-1.40832	1.49592	2.45396	-2.01955	1.44659
UCUUU	1.61042	-1.9264	-0.471379	-0.683902	-1.4715	-0.504934
AGUUU	1.05562	-1.84739	-0.336306	-0.737583	-0.382962	-0.0968658
CGUUU	-0.400632	0.136281	-3.21385	0.129623	6.33082	1.17892
GGUUU	1.19516	-2.08155	-0.40961	-0.530199	-0.220041	-0.152949
UGUUU	2.90637	-4.40562	-1.22625	-1.41209	-1.15321	-0.469697
AUUUU	2.97082	-2.70229	-1.81426	-1.01834	-2.63686	-0.395451
CUUUU	0.191524	8.58102	1.39845	-5.43971	4.36257	1.18601
GUUUU	2.35276	-3.41277	-1.02607	-1.08977	-1.07841	-0.389424
UUUUU	6.94869	-3.38681	-4.44138	-2.04699	-8.11981	-2.54534

Relative affinities to the structural contexts 
P	0.0679824
H	0.000772211
I	1
M	1.12459e-16
E	0.00451245

