Error on the test set seq only: 89739.9
Error on the training set: 0.0854478
Number of parameters: 1031

Base Parameters
-0.758243	0.292178	0.136415	0.251332	-1.39207	-0.125361
-0.0836391	0.384682	0.119126	0.357385	0.159707	-0.46914
-0.261651	1.27054	1.43377	-0.483396	-0.223699	-0.547208
-0.0074112	-0.163384	0.251193	-0.59354	0.176754	-0.0977452
-0.296648	0.537928	-0.0869371	-0.552102	-1.09761	-0.229315
-0.274873	-0.392697	-0.534857	0.163874	-0.559419	-0.204659
-0.0951245	0.185547	-1.16904	-0.215052	-0.0538	0.0117442
-0.282136	0.260455	1.81879	-0.720656	1.45116	0.252497
-0.231185	-0.171405	0.477988	0.746421	-0.784516	0.313234
0.70068	-1.07201	-0.0533868	1.30208	0.512585	0.524265
-0.246379	-0.797147	-1.04566	0.660284	0.218795	-0.423701
-0.208617	-0.839676	0.0591882	-0.0796029	-0.434381	0.11338
-0.368166	-0.0110023	-0.088223	-0.575159	0.709646	-0.111362
-0.170374	0.307986	-0.136627	-0.501882	-0.158811	0.0593299
0.417138	0.178328	-0.227304	-0.178933	0.254423	0.749819
-0.0633873	0.315666	0.0203904	0.069267	0.21272	-0.814394
0.501184	-1.88869	-0.0938233	-0.724266	2.45804	1.36526
-0.103765	-0.0703358	1.09024	1.61726	-0.0841676	0.117889
0.0313086	-0.525949	1.72663	1.93024	-1.11249	0.0124895
-0.35692	0.139997	-0.341417	-0.90039	0.0916508	-0.1603
0.25549	1.37436	-1.84971	-2.32697	-0.417913	0.350229
-0.214843	0.983384	0.196322	-0.671167	-0.737661	-0.786624
-0.238694	0.428216	-0.158766	-0.240414	0.576806	0.2962
0.272397	-0.45962	0.70964	0.614652	-0.899062	1.33307
0.569923	-0.904621	0.718395	1.49472	0.2326	0.194974
0.687444	-0.510512	-0.837604	1.71749	-1.80286	0.43046
0.533341	-0.171593	-1.06382	0.0113813	1.02025	-1.03366
-0.157791	-0.331501	-0.241588	-0.00236628	-0.188749	0.0730616
-0.673986	-0.38566	-0.458727	-0.441909	-0.358379	-0.31306
0.553127	0.333695	-0.190839	-1.56653	-0.275185	1.6702
1.00445	-1.04746	0.716968	2.02422	-0.997227	0.32706
-0.228668	-0.158514	0.656555	-0.361345	0.351992	-0.741881
-1.71366	0.0633684	0.8289	-1.25117	-0.155835	-0.33324
-0.959072	1.97694	-0.604335	0.467984	0.307986	0.477866
-0.364922	-0.205393	-0.472115	-0.863209	-0.649951	-0.698424
0.508819	-0.496265	-1.27436	-0.795797	0.787724	0.0393189
0.991435	0.52242	-0.499183	0.244947	-0.338338	0.0367115
0.851584	0.552133	-0.0122513	0.508959	-1.58307	-0.640961
0.629568	-0.233423	0.592508	1.14082	-0.465701	-0.068312
-0.372121	-0.516904	-0.393505	-0.200378	-0.334193	0.00971213
0.618536	-0.638559	0.0101583	-0.644339	1.9566	0.978202
-0.268251	-0.709606	0.0126466	-0.220896	-0.0588281	-0.0143304
-1.18426	0.0224677	0.213321	0.013937	0.0877737	0.205028
-0.629941	0.671263	0.052907	-1.49429	-0.232247	0.322771
-0.451991	-0.803745	0.364483	-0.272835	-0.413188	-0.0648765
-0.271897	-0.495219	-0.679063	-0.27712	0.29338	0.238163
0.0565508	0.269781	0.0420285	0.197949	-1.26949	-0.924277
-0.278737	0.985507	-0.610569	-1.65957	1.16628	-0.294302
-0.326296	1.75429	0.292974	0.224311	-1.0794	-0.531888
0.6038	-0.239993	0.485918	-0.504685	-0.257829	1.47596
0.100837	-0.931101	-0.326559	0.264886	0.816928	0.0846545
-0.0252268	1.29183	-0.548621	-0.326126	-0.7419	0.805017
-0.452114	-0.425258	-0.147432	-0.552921	-0.650998	-0.176675
0.0159532	-0.223427	-0.0511578	0.0193384	0.347772	0.0718984
0.331178	-0.467888	-1.00519	1.93982	0.321927	-0.0736989
-0.324109	1.71565	1.21975	0.596813	0.459743	0.219991
1.11569	-0.426057	-1.54654	-2.44553	1.22271	2.5697
0.752278	0.416325	-0.895548	-0.38919	1.77424	0.395891
-0.24168	-0.86361	-0.36828	0.361013	-0.294858	-0.0283187
-0.0331291	0.00536557	-0.146638	0.316899	-0.27049	0.590886
-0.436047	1.49622	-1.97859	1.14129	0.497583	0.0465124
0.073505	-0.240909	-0.347649	0.324758	0.106417	0.692271
-0.0662249	0.0329741	0.103182	-0.0208697	-0.331423	-0.182334
-0.348912	0.385373	-0.446265	-0.854263	-0.149247	-0.723539
0.391742	-0.159018	0.133913	0.496988	0.263683	-2.20837
-0.161169	-0.849108	0.32431	0.0804758	1.45706	0.380638
-0.11301	0.159651	-0.0616292	0.413465	-1.23394	-0.361185
0.0525536	-1.07813	0.535597	-0.652495	-0.860789	-0.302119
-0.467765	0.495224	-0.251555	-0.366799	0.786793	1.12179
0.414282	0.522233	-0.360854	-1.4511	0.297723	-0.585312
0.337525	0.256958	-0.18724	-0.35016	0.306852	0.347126
0.241517	-0.124221	0.408187	0.369113	0.945183	0.829367
0.175614	0.526353	-0.107484	0.383445	0.852881	-1.2524
0.0906114	0.145287	0.704493	-1.16385	-0.418575	0.156153
-0.1844	1.03807	-0.254433	0.143116	-1.72407	-0.554891
0.0410154	0.245399	-0.594092	-0.447577	0.0392661	-1.01542
-0.680943	0.918571	0.239657	1.7766	0.74496	-0.334689
0.643692	-0.831475	2.92988	-0.185539	0.970673	1.58176
-0.293693	0.363488	-1.61109	-0.00747946	-1.13176	-0.393052
0.73161	0.166097	-0.185283	0.099788	0.0206344	-0.272719
-0.262646	0.156665	-0.932006	-0.952854	0.475844	-0.133369
-0.49614	0.422955	-0.951543	-0.921606	1.23011	0.319339
0.237827	-0.494622	0.271347	0.83161	0.302098	0.420659
0.923702	-1.12551	1.02902	-1.02239	-0.967476	0.0912964
-0.137933	-0.15496	-0.391614	0.694918	-0.307211	-0.55393
-0.480691	0.37181	-0.158739	0.641037	-0.341067	-0.31631
0.245005	0.217235	0.834456	-0.865627	0.967699	0.644553
0.51355	-0.183542	-0.185436	0.377749	1.03291	-0.242459
-0.478535	-0.00100858	0.226804	1.19872	0.408136	-0.0793941
-0.490195	-0.317036	0.402844	-0.349318	-0.0141343	0.242978
-0.163518	0.141138	-0.767004	0.167819	0.538849	0.00870042
0.797425	-0.0449527	0.687379	-0.762031	-0.398272	0.286897
0.351494	0.305011	-0.571475	0.663452	-1.13095	0.667585
-0.305055	0.719607	-0.930035	-0.572302	1.13311	-0.215586
-0.123821	0.534849	-0.843228	0.283766	-0.0632801	-0.10981
0.112623	0.0299272	-0.556657	0.311886	0.758082	-0.390148
-0.385237	-0.671855	-0.350892	0.149256	-0.827412	0.0603573
-0.367668	0.794011	-0.0499731	-0.0919456	0.597503	-0.407091
-0.270181	0.358097	0.00662065	-0.57601	1.08574	0.0809376
0.352628	-1.4983	0.982458	0.447475	-0.757499	-0.240725
-0.336724	-0.793727	-0.209766	-0.227681	-0.290694	-0.0203485
-0.101723	-0.120463	-0.156976	0.899687	-0.930988	-0.130101
0.679325	0.105627	-1.07849	0.51451	-0.387173	0.603774
-0.405434	-0.978855	-0.00307337	-0.186733	-0.335607	0.0282414
0.46662	-0.172344	0.925031	-0.101907	0.673922	-0.807649
-0.0280231	0.185603	-0.456943	-0.0826882	0.438208	0.377288
-0.813074	0.28135	-1.23307	-1.43755	0.412206	0.376235
0.536426	0.277395	-0.56826	0.0420935	0.174695	-0.0425137
0.316276	0.244019	-1.58947	0.424886	-0.601602	0.473866
0.556147	0.180438	-0.251253	-0.353677	1.4773	0.196072
0.331003	0.275231	0.0820326	0.790578	-1.03619	0.33311
0.261917	-0.321291	-0.212949	1.24858	-0.0986358	0.215254
0.256362	0.425663	-0.914209	-0.929781	-1.38884	0.218521
-1.84368	0.043117	0.76803	0.20126	-0.0219479	-0.100755
0.404858	0.0472409	0.0378437	0.0104073	0.540499	0.791223
0.104476	0.036825	0.470796	0.471641	-1.12068	-0.123229
0.0674388	-0.144175	-0.853934	0.904719	-0.0396646	0.872864
-0.180329	0.347088	0.588113	-0.854328	-0.607859	0.548164
-0.142408	-0.101917	0.12544	-0.150936	-0.247353	0.220748
0.20358	-0.232477	-1.55311	0.849908	-0.0134184	0.45862
0.583183	-1.36987	3.62208	0.257647	2.64846	0.686674
0.163913	-0.241891	-0.0228906	0.529166	-0.85064	0.144743
0.288354	0.186323	-1.46375	-0.665052	0.673407	0.504018
0.261621	0.389535	-1.30195	-0.797049	-0.748613	-0.212008
0.202707	1.06566	-1.88748	-1.2756	0.884878	-0.688194
-0.425781	0.98882	-0.798674	-0.271972	-0.944107	0.204526
-0.236856	0.187824	0.182189	-0.20164	-1.0219	-0.248609
-0.180283	0.239327	-0.588621	-0.486737	-0.0612329	0.135105
-0.596354	-0.841321	-1.08209	0.277252	-0.476117	-0.71004
-0.517045	-1.30062	0.11178	-0.379402	0.250741	-0.0873012
-0.296296	-0.255192	1.169	-1.30773	0.00878259	0.00303985
-0.373878	-0.150812	-0.306603	-0.941691	0.488101	0.196972
1.03137	-0.165247	-0.657341	0.856653	-1.59305	1.3365
-0.548055	0.193635	-0.0426417	-0.263937	-1.07575	-0.408059
-0.799183	-0.58475	0.709193	-0.0338807	-0.459745	-0.0998455
-0.74541	-1.17296	-0.261431	-0.357651	-0.295506	0.0751867
0.386316	0.227949	0.493284	-1.71248	-0.659253	-0.152962
-0.195039	-1.06998	0.318065	-0.356838	-0.117099	-0.032167
-0.412771	-0.189822	-0.249587	0.0609552	0.0761314	-0.434915
-0.179418	-0.202719	-0.572346	0.275417	-0.97462	0.349878
-0.469358	0.984406	0.00421516	0.236262	-2.14321	-0.102506
-0.162178	-1.24092	-0.149871	-0.404108	0.651332	-0.193608
0.144738	0.25731	-0.608076	-0.147173	0.0339997	-0.393621
0.0562783	-0.00351029	-0.301058	0.103236	0.287662	0.283581
0.319098	-0.0337307	0.0410876	0.179756	0.418349	0.189701
0.226024	-0.131801	0.195321	0.518393	0.437706	-0.00625417
-0.0211519	0.15887	-0.0847328	-0.108401	0.156001	-0.132156
0.718307	1.42122	-0.478419	-0.330436	0.173712	-0.403798
-0.0774339	0.199913	-0.771052	0.0916501	-0.684348	0.170781
-0.143927	-0.202792	-0.102246	-0.0181167	0.212352	0.254127
0.383195	-0.827131	0.916168	0.966976	-0.424948	0.354638
0.109274	-0.0306315	0.183904	0.0081659	0.355531	-0.127961
-0.115243	0.16042	0.02295	-0.761747	0.388327	-0.0637868
-0.212144	-0.576679	-0.161434	-0.0779598	0.0984684	0.00132194
-0.0353475	0.481992	-1.57916	-0.160868	0.182899	-0.0562779
-0.317524	-0.735747	-0.0632333	-0.178695	-0.25777	-0.196328
0.731545	0.121108	-0.799842	-4.5991e-05	-1.50347	-0.634173
-0.607652	-0.62442	-0.547396	-0.704104	-0.464181	-0.147321
-0.130231	-0.235537	-0.15087	0.0588635	-0.0295697	0.039163
0.105322	-0.500296	0.679019	-0.671143	-0.345227	0.325266
0.00782988	0.369924	-1.474	0.643324	-0.790762	0.885468
-0.255513	-1.24383	-0.357552	-0.364717	0.691516	-0.146123
-1.20361	1.20303	0.907002	0.0377104	-0.908201	-0.156747
-0.156884	-0.087104	-0.695503	-0.481062	0.113191	0.290543
0.270161	0.355683	0.175322	-1.09875	-0.776625	-0.0319549
0.374219	-0.0767958	0.29763	0.110284	0.294469	0.671529
-0.190549	-0.814464	-0.17895	0.448548	-0.00125863	0.00290418
-0.247657	-0.658523	-0.385573	-0.0757479	-0.118198	-0.000273757
-0.150071	1.27711	1.38179	-0.761582	-0.883236	0.0407432
-1.02836	1.0053	-0.147855	0.258088	-0.177665	-0.0155597
-0.633531	0.868735	-1.45581	0.820234	0.114363	0.2589
0.0773947	-0.437955	1.2893	0.982983	1.58017	0.874153
-0.358282	-0.346097	1.23504	-0.521861	0.640443	0.494427
-0.973063	1.25512	-0.3103	0.18395	0.0865767	-0.0228577
-0.83877	0.919652	-0.143549	0.128854	0.410796	-0.11692
-0.279467	-0.11918	1.17203	1.82019	-0.0907524	0.989782
0.175389	-0.559295	-0.35191	0.948421	-0.436628	1.75255
-0.31058	-0.699707	-0.474299	-0.399876	0.00798991	-0.0407374
0.779298	-0.732574	-1.5516	0.322404	1.39814	0.0751963
-0.0760527	-1.10999	0.900648	-0.703211	0.241433	-0.255233
0.556757	-0.589006	-0.404686	1.21573	0.957788	1.44249
-0.025343	-0.0626133	0.599671	-0.191706	0.176384	-0.407585
-0.88012	0.973551	-0.336686	-0.0517956	0.424921	0.0440897
-0.203319	-1.35289	0.473453	-0.440243	-0.0854867	-0.0489459
0.217609	0.191357	-0.891273	-0.298897	0.759202	0.470249
0.0143453	0.746143	-1.16726	-1.19223	-1.52499	-0.378556
-0.238681	0.353715	-0.288483	-0.252323	-0.495706	-0.360945
0.0911568	-0.219657	0.309309	0.420188	0.141809	-0.138877
-0.49808	-0.814692	-0.547632	-0.593668	-0.265405	0.124611
0.0454323	0.16569	-0.680143	0.245235	1.47595	-0.1207
0.136009	-0.128651	0.0590588	1.07367	-0.656478	0.0450931
1.16837	-0.832842	0.097184	0.0149513	0.392198	1.71459
-0.239099	-0.137231	-0.37669	1.72262	0.856012	3.28653
0.356358	-0.144014	-0.772608	1.01858	-0.430225	0.356342
0.494186	-0.198582	-0.549303	0.688121	0.0866173	1.46803
-0.606679	0.38038	-0.316445	-1.71345	0.42287	-0.679687
-0.297512	0.380431	-0.148225	-0.538022	-0.765066	0.266963
0.105496	-1.09026	-0.351165	0.317108	0.584663	0.11748
-0.293357	-0.564995	-0.0747919	-0.436784	-0.174678	-0.0182179
-0.120857	0.432848	1.97649	1.55078	-1.23682	0.794414
0.219363	0.568802	-0.398653	-0.945286	0.645909	0.256228
-0.0276485	-0.441177	0.155347	0.111967	0.15126	0.137641
0.335262	-1.07104	-0.868382	1.37122	0.851958	0.0973612
-0.0460357	0.800864	-0.58547	-0.00943973	0.113201	0.183169
-0.272475	-0.687652	-0.963583	-0.191107	0.360831	0.13543
-0.525543	-0.791316	-0.660827	-0.281839	-0.332728	-0.296186
-0.351167	-1.14096	-0.0716274	-0.366018	-0.356095	0.504662
-0.101475	-0.464365	-0.418491	-0.585177	0.477222	-0.256686
-0.20518	-0.0580068	-0.753263	-0.554106	0.699379	1.84108
0.0820612	-1.48674	0.478371	-0.334899	-0.547837	-0.608677
1.13002	-1.20374	-1.07393	1.20941	0.26318	0.0699197
-0.163051	0.441239	0.692437	0.101492	-0.70777	0.208184
-0.0752376	-0.509776	0.680241	-0.403617	-0.135528	-0.0796891
0.393511	0.152178	-1.0676	1.20702	-0.257791	-0.0091206
-0.0417774	1.45358	-0.921354	1.18886	-1.02716	-0.17594
0.780923	0.107486	-1.09537	0.388782	1.11115	-0.786049
0.592292	-0.117125	0.121586	-1.17462	1.62627	0.56827
0.332104	0.699983	-0.93683	-0.813131	0.294173	0.0955222
-0.377814	-0.929471	-0.71699	0.0464282	0.0349663	-0.233719
0.137817	-0.267101	-0.87855	0.882071	-1.37496	-0.0313972
0.0566922	-0.278703	-0.273172	-0.329012	1.52743	0.733581
1.16207	-0.485169	-0.271257	0.654292	0.642845	-2.29832
-0.351607	-0.967792	-0.513537	-0.367673	-0.101605	-0.0336757
-0.01917	-0.559038	0.888182	-0.298922	0.438557	0.557328
0.03835	-0.279078	-0.309162	0.092123	0.131154	0.644753
-0.351803	-0.679573	-0.500797	0.21627	-0.337786	-0.170368
-0.326738	-0.78367	-0.102929	-0.222725	-0.230183	-0.0537461
-0.913608	0.310741	-0.876267	-0.649503	0.634919	-0.195183
0.803818	0.293867	-1.25868	-1.04261	-0.529621	0.342466
0.403915	-0.211365	-0.214544	1.19416	-0.0854624	0.315985
-0.475291	-0.685155	-0.382354	0.104915	0.307752	0.0764669
0.0366195	-0.069129	0.310731	0.0110636	-0.151902	-0.0229153
-0.0921341	0.889765	-0.251809	-1.11612	-1.31162	-0.263919
0.0636053	-0.0787991	0.213845	-0.0215056	0.152726	-0.0637253
0.102316	-0.0204836	-0.0502242	0.449494	-0.0972974	0.0433109
0.475254	0.492467	-0.24608	-0.681125	0.0488969	0.773925
-0.504484	0.579688	-0.240181	-0.670032	-1.59411	-0.608029
0.536637	0.0373432	-0.468619	-0.253229	0.256269	1.39987
0.578972	-0.524478	1.63456	0.553233	-1.24966	-0.470571
-0.257884	0.506009	-0.0205739	0.55758	0.832102	-1.3367
-0.137919	-0.719299	-0.604706	-0.384519	1.56483	0.113696
-0.0473009	0.266843	-0.354046	-0.288977	-0.337526	0.76411
-0.369674	-0.308414	-0.300131	0.958441	0.136429	0.373561
-0.311706	0.745689	3.04634	-0.815973	0.177147	0.803575
0.493053	-1.50684	0.626127	0.692043	0.504292	-0.0388762
0.213488	-0.213135	-1.07382	0.471576	0.68667	0.53417
-0.036532	0.0284157	1.56105	-0.140838	-0.626573	-0.3429
-0.0869449	0.455249	-0.115182	0.0386079	0.0320358	0.384243
-0.481865	-0.711138	-0.663899	0.180864	-0.139697	0.0409895
0.360175	-0.436127	-0.172347	0.755536	0.617146	0.329214
-0.37802	-1.05635	-0.211229	-0.423026	-0.192408	0.0267005
0.554734	-0.560023	1.029	1.10487	-0.0422411	-0.242711
-0.357423	-0.0304686	0.128425	1.22325	0.383557	-1.68294
-0.170889	-0.164284	0.143662	-0.536524	-0.31849	0.0280332
0.265881	0.247222	-1.04469	-0.391275	-0.599469	0.324628
-0.0586705	0.325944	-0.550411	0.474745	0.598819	0.567378
-0.240381	0.483055	0.0840338	0.288555	-0.2171	-0.853255
1.07467	1.18178	-0.161282	-0.378739	-2.51967	-1.04888
-0.234307	0.0677074	-0.444173	0.439094	-0.195722	-0.0383178
0.594642	-0.554418	0.426071	-0.602529	1.27881	-0.0879876
1.08302	-0.628606	-2.10359	1.10174	0.0963414	-0.218519
-0.76453	-0.251759	1.19504	-0.738782	-0.0186396	0.219025
0.11519	-0.308527	-0.0218582	0.875683	-0.0929104	0.0185806
0.275526	-0.196209	0.291551	0.478979	-0.0788412	0.822468
0.678484	-0.0897297	-0.303796	-0.128176	0.679726	0.653153
-0.279518	-0.34238	-0.296892	-0.126061	-0.49863	-0.0585341
0.157524	-0.529356	-0.657152	1.51302	-0.266316	0.3872
-0.406732	0.810594	-0.839306	0.0739495	0.676951	0.120558
-0.193462	-0.328434	-0.380868	0.00424165	-0.167728	0.285145
0.424697	-0.784805	0.888926	0.32712	-1.23635	-0.190843
-0.060226	0.823234	-0.985726	-0.530506	0.265751	0.143376
0.962407	-0.312788	1.12282	0.761497	0.120105	-0.835257
0.00811177	0.595452	-0.758243	-0.109191	-0.49147	-1.031
-0.247552	-0.493938	-0.68207	0.427145	-0.101971	-0.227697
-0.80823	-0.903245	0.0399454	-0.121669	0.825737	-0.0371518
1.02494	-0.0276957	-2.98935	0.0216302	0.584959	-0.206891
-0.20956	-0.286127	-0.0733525	0.563479	-0.502807	-0.00703874
-0.615612	0.0649968	-0.0473574	-0.0268319	1.22128	0.0284582
0.105687	-0.141964	-0.340324	-0.248729	0.662213	0.345803
-0.343173	0.460399	-0.830844	-0.206254	-0.273969	-0.827496
-0.254412	-1.10836	-0.366846	-0.140517	0.191768	-0.0409728
0.592699	-0.174947	0.525498	0.16049	-1.02067	0.294068
-0.880175	0.793001	-0.235478	0.804482	0.0623715	0.219807
0.0954689	-0.757893	-0.662919	-0.128599	1.43192	0.137597
0.375983	0.259293	0.57506	-0.891876	-1.16535	-0.585921
0.391277	0.0546293	-0.758933	-0.308186	-0.445018	1.43042
0.26134	-0.870375	0.93639	0.797752	-0.204112	-0.158069
-0.286114	-0.198617	0.0192484	-0.328659	-0.47051	-0.208761
-0.763172	0.166574	-0.991985	-0.0986021	0.864305	-0.125015
-0.203387	0.0526392	-1.87052	1.21267	0.787722	-0.145631
-0.411717	-0.203227	-0.294303	-0.143592	-0.694795	-0.00476651
1.00408	-0.977663	1.33902	-0.752599	0.560296	0.800466
0.756085	0.0312823	-0.907469	0.301888	1.05616	0.990506
-0.188881	-0.85664	0.547858	-0.111955	-0.093257	0.0743236
-0.417474	-0.568034	-0.399865	-0.427693	-0.0880197	-0.0325707
0.225683	-0.443219	-0.0467863	0.518667	-0.307216	-0.108802
-0.024747	1.08395	0.0627137	0.709093	-1.97102	-0.236638
0.102686	0.48217	0.0035378	-0.475164	0.0582254	0.0770815
-0.635839	0.57752	0.414154	-0.74755	0.110874	0.178033
-1.56191	0.47492	-0.71468	-0.527409	-0.248335	-0.156221
-0.492089	1.87611	0.418246	0.952728	-0.117262	0.629167
0.460934	0.724102	-1.27279	0.291543	-0.827753	-2.36222
0.414434	0.067232	0.0115408	0.51421	-0.172224	0.0596171
-0.124401	0.0403216	-0.313564	0.966139	0.302116	-0.165767
-0.329321	0.581665	-0.383083	-0.178371	1.5061	0.10048
0.540003	-0.611456	-0.0183788	1.64887	-0.711525	-0.349912
0.131055	0.613575	-0.633196	0.278231	-1.58633	0.0564235
-0.404337	0.601211	-0.556318	1.74074	-0.613853	-0.757512
-0.266442	-0.312932	2.6422	-0.332588	-0.549411	-0.0775524
-1.265	0.463288	-0.825813	0.145602	-0.158497	-0.425819
0.634259	-0.0147783	-0.280623	-0.351791	1.32377	1.0551
0.0726641	0.44228	0.585221	-0.438829	-1.04376	-0.74695
0.295749	0.510393	0.347974	0.0928002	-1.15855	-0.256169
0.49657	0.380895	0.146293	-0.343174	0.719314	0.426704
0.58098	0.25651	-0.229743	-0.191756	0.413573	-0.667592
0.289835	-0.0653457	0.258121	0.782907	-0.426455	-0.451657
0.283858	-0.657813	1.22701	-0.306018	-0.431715	0.59088
-0.134505	0.113476	-1.97621	-0.917552	1.07164	0.653414
0.431437	0.0453357	-1.69456	0.381096	-0.620932	1.8864
0.658609	0.0576234	-0.889772	-0.129182	0.0989616	-0.668283
0.343481	-0.0136614	-0.933349	0.277162	1.02485	0.204172
0.108013	0.305747	0.0419718	-0.36569	0.119235	0.523148
-0.10603	0.716046	-1.01157	-0.726074	0.810398	0.32574
0.00561704	0.298008	-0.780648	0.117926	-0.191819	0.0492619
-0.370879	0.917077	0.138169	-0.71764	-0.0554099	-0.276794
-0.951212	-1.03123	-1.10456	0.922105	2.13954	0.34568
0.297271	1.19897	-0.597143	-0.654223	-1.49267	1.24242
0.419991	0.353682	-1.06744	0.0671182	0.411614	-0.0152632
0.152772	0.302184	0.945772	-0.484418	-0.233925	1.61711
0.0459666	0.409177	-1.15351	-0.416086	0.41855	0.110455
0.00534505	-0.122354	1.52805	0.20871	-1.01404	0.0147013
0.518542	-0.0735803	-1.43272	0.294392	1.05226	-0.366172
0.201902	-0.551639	-0.534896	0.400557	0.777859	0.159571
-0.304273	1.87811	-0.0364304	-0.327418	-0.339369	-1.29351
-0.0515126	-0.0412213	-1.18646	-0.402476	-0.412542	-0.232036
0.746353	-0.192185	0.0404424	0.630378	0.260111	0.790549
-0.0095742	-0.392665	2.4754	-0.0521069	0.72049	0.300929
-0.0793397	-0.231512	-0.842988	0.83254	-0.975282	0.694177
0.00931944	-0.109929	0.324746	0.35787	-0.551452	0.179951
-0.0243171	-0.363859	-0.743361	0.896968	-0.0648165	-0.215422
0.319657	-1.49628	0.37917	-0.0222495	-0.711181	0.229165
-0.0114921	-0.378535	0.448047	1.32512	0.134987	0.589584
0.0818901	0.432425	-0.548234	-0.289162	0.868156	0.0808996
-0.124556	1.98236	-0.820027	0.836378	-1.01818	-0.0467377
-0.557062	1.09966	-1.34943	-0.0252912	0.726936	0.0649194
0.0326747	0.0867752	0.0804361	0.168484	0.0574056	0.237712
-0.740623	1.28476	-0.0746216	-0.085337	0.358338	0.114507
-0.229604	-0.415786	-0.934925	0.188283	0.288265	0.460648
-0.00315653	0.305693	-0.0206096	0.576085	-0.788218	-0.464888
0.43385	-0.098894	-0.17585	0.78221	-0.938088	0.541634
-0.227497	-0.863951	-0.25496	-0.37528	0.390598	-0.0852192
-0.0728997	0.0643473	0.0336283	-1.22247	0.105145	0.698631
-0.0202062	-0.0218062	0.938239	1.39554	-0.881362	-0.0869679
0.0912088	-0.167068	0.0322995	0.533603	0.209798	-0.0579089
-0.180103	0.663227	-0.830484	-0.448238	0.441735	0.0468027
0.448869	-0.10861	0.967728	0.851909	0.322994	-0.0125573
0.324777	-0.520758	-1.06748	1.03632	0.698741	-0.0466948
0.154641	-0.164236	-0.276506	0.400634	0.779956	0.273585
-0.0180409	0.0161024	0.259757	0.336605	-0.132232	-0.0603279
-0.704595	-0.19463	0.762133	-0.417791	0.52919	0.0651096
-0.90144	-0.227046	0.452658	0.00547826	-0.0380864	0.0602542
-0.308509	0.343869	0.105358	0.384256	-0.21462	0.0013717
-0.606398	0.638721	-0.0960227	-0.268371	-0.769673	0.106706
0.157859	-0.643903	0.280691	1.91523	0.868852	-0.418484
-0.353911	-0.572321	-0.189168	-0.25189	-0.241038	0.0395064
0.275625	0.385386	-0.317862	-0.67432	0.832279	0.41605
0.0841769	0.121721	-0.706216	0.922939	0.87918	0.433551
-0.177731	0.109722	-0.294971	0.616198	-0.150855	-0.109686
-0.115162	-0.26419	-0.184746	0.277604	-0.325145	-0.115653
-0.38563	0.333705	-1.34076	-0.459637	0.420474	0.531433
-0.328247	-0.751771	-0.35291	-0.147308	-0.152284	0.435098
0.188559	0.595454	-1.81207	-0.394743	0.86624	-0.878654
0.985037	-1.54546	0.404708	1.58616	-1.70405	-0.266374
-0.248093	0.0620034	-0.863709	0.120047	0.241161	-0.351174
-0.103845	0.0869211	0.668518	-0.167671	-0.351945	0.178181
0.481979	-0.0224509	-0.458479	0.215514	1.31178	-1.02635
-0.214405	-0.832021	0.566584	-0.623446	-0.283356	-0.0335957
-0.279717	-0.783241	0.738702	-0.177729	-0.182458	0.026084
-0.0386012	0.37917	0.476781	-0.103259	-0.635294	-1.2251
1.3197	0.254486	-0.480846	-1.98171	-0.929061	0.0643652
-0.0284296	-0.0547507	0.427909	-0.109999	-0.572096	0.054629
-0.233928	0.726398	-0.52263	0.744283	-0.701824	0.586855
0.246687	-1.05786	0.131984	0.61054	1.04492	-0.419734
-0.26109	1.02075	-0.726112	1.60983	-1.51527	0.31688
-0.172419	0.662259	0.667621	0.541248	-2.7847	-0.371686
0.0763583	-1.48216	0.16274	-0.208565	0.460119	0.733041
-0.900432	0.210703	-0.427839	-0.591476	0.296585	-0.10884
0.0573009	-0.279854	0.315372	0.199363	-0.00263369	0.455072
-0.572539	0.0928033	-0.809308	-1.40405	0.296261	-0.920535
-0.0558329	-0.0144587	0.301233	0.202342	-0.386335	-0.103281
-2.19057	-0.354201	0.0428764	-0.251347	0.378303	0.233809
0.384194	-0.745692	0.582578	-0.0224594	0.513354	0.58051
-0.117554	1.04524	-0.0192734	0.449623	-0.53241	0.101044
0.690254	0.0765522	0.714759	0.534114	-0.62654	-0.437339
-1.25428	0.667126	-0.537765	0.195497	0.0119113	0.00601225
-0.659588	0.501628	-0.122728	-0.860311	0.866462	0.114403
0.153784	0.29308	-0.21821	0.246188	0.450445	-0.274588
0.00490929	-0.453844	0.244924	0.394715	-0.281852	-0.155662
-0.250258	-1.00186	-0.0381283	-0.307014	0.00836684	0.0923959
0.0145189	-0.152039	1.49159	0.646731	-0.900338	-0.20677
-0.0489426	0.337774	-0.450144	-0.353595	-0.305622	0.100723
-0.384868	-0.785553	0.00127063	-0.401539	-0.446477	-0.0281478
0.297301	-0.613073	0.71804	0.650681	0.300377	-0.108062
-0.394321	-0.784633	-0.218397	-0.249673	-0.327434	-0.0828855
0.280276	-0.558898	0.657178	0.947392	0.157964	0.189443
0.0198924	-0.511525	0.571682	-0.0676764	0.117599	0.0168011
-0.839321	0.381878	-0.0508827	-0.624972	0.264302	-0.0381647
0.202145	0.0638179	-1.03564	1.27723	-0.310404	0.314192
0.114478	-0.375428	0.514067	0.556887	0.0880222	0.0170132
0.508262	-0.155962	0.887925	-0.0597903	0.323009	0.144349
-0.0799725	-0.231763	-0.474888	0.417662	-0.0625974	0.160598
-0.32404	-0.726621	-0.127937	-0.532835	0.0520875	-0.0472775
0.0567529	0.237756	-0.159091	-0.391444	0.300971	0.0375207
0.511745	0.291367	-1.33298	-0.0209822	0.380872	0.0325271
0.489457	-0.964904	1.38848	-0.149705	-0.36431	0.214651
0.0797512	-0.0935059	0.191565	-0.202934	0.399172	0.0349393
-0.517335	1.38861	-0.668435	-0.807276	-1.5827	-0.58583
-0.253206	-0.634231	-0.610924	0.126898	-0.0953344	-0.0165579
-0.324509	0.398213	1.0398	-0.493837	0.20348	-0.235416
-0.07765	-0.141267	0.0988668	-0.0821583	-0.222788	-0.114273
0.239759	0.0408847	1.05716	0.417051	0.702532	1.00327
-0.249621	-0.156018	-0.826031	1.1359	0.35687	0.0883541
-1.35685	0.402289	-0.362093	-0.309915	-0.412191	0.111972
-0.0582189	-0.0246744	0.784572	-0.98347	-0.26872	-0.275977
0.174788	-0.0670725	0.558906	-0.0317983	0.290345	0.438218
-0.75486	0.0218488	-0.90726	0.233101	-0.0135624	-0.08258
-2.94453	1.04308	0.186255	-0.049972	-0.0656482	0.0513312
-0.771753	1.13435	-0.423523	-0.521998	0.137791	0.131553
-2.29918	0.887016	0.415418	0.282358	0.22294	0.00270882
-0.0741485	0.0316765	0.391865	-0.122091	1.65527	-0.70201
-0.56805	0.418434	1.11157	-0.567612	-0.187229	-0.0429715
-0.125412	0.164279	-1.314	0.347165	0.111559	-0.273715
-0.159586	-0.736638	0.609496	-0.120338	-0.897395	0.0547337
0.397059	0.58642	-1.50422	-0.827739	-1.47993	0.3588
-0.0321681	-0.210413	0.450044	0.550649	0.960342	-0.159329
0.096946	0.377444	0.418168	-0.367392	-0.938732	0.622233
-0.169748	-0.705237	-0.15237	0.408078	0.0664407	-0.107859
-0.808181	0.929696	-0.164286	-0.748225	-0.911925	-0.243811
-0.0285418	0.164916	1.02478	-0.754666	-1.54344	-0.357497
-0.258014	0.0176764	-0.638235	0.286654	0.0307657	0.496635
0.663569	-0.890944	1.67706	1.48914	-0.110616	1.32971
0.0489382	0.206869	0.714709	0.0302291	-0.667595	0.148262
0.347752	-0.494313	-0.826983	0.598328	1.53101	0.290786
0.802768	-0.148708	0.421221	-0.07759	1.9014	-1.05997
0.00206174	0.176168	-0.206539	1.34308	0.663439	-0.0368594
-0.114865	1.34971	0.0506282	-0.00918137	-1.13329	0.233958
-0.0334484	-0.93695	0.79638	-0.0915883	-0.203577	-0.044115
-0.0507966	0.0815182	-0.16825	-0.593673	1.52689	0.257973
0.160666	0.288537	-0.150672	1.90126	-2.12061	0.796799
-0.179909	-0.594948	-0.577683	0.13166	0.134763	0.0053859
-0.0475917	1.64575	-0.962519	-1.28007	1.15545	0.395928
0.0126541	-0.30724	0.0136335	-0.917693	0.958238	0.0410959
-0.867289	-0.598089	-0.168163	0.503046	-1.00798	0.156798
0.304081	0.415627	0.280711	-0.966339	0.496331	-0.56855
-0.39658	-0.727656	0.100337	-0.0856353	-0.249832	0.0130037
-0.279988	1.07235	-0.512782	0.941863	1.05956	-0.561381
0.126733	-0.791727	0.910815	-0.347543	-0.448495	0.532884
0.537809	0.180397	-1.07947	0.47836	0.731555	-0.0825865
0.19226	-0.558124	-0.322026	0.155813	0.983738	0.338297
-0.327873	-0.0305017	0.0115583	-0.349052	-0.569432	0.0740572
0.00155843	-0.403337	-0.519798	-1.38822	-0.167088	0.0249049
0.583595	-0.816892	0.862216	0.0881566	0.199979	0.736153
1.84263	-1.21648	-0.170923	0.130304	1.10629	1.52218
0.0117782	-0.454271	-0.333557	1.23879	0.277773	-0.760582
0.00277636	-0.396151	2.10172	-1.54227	-0.273834	-0.0616296
0.0995142	-0.0517974	-0.458793	0.200458	0.246955	0.492614
-0.256077	-0.0519769	-0.207171	0.736578	1.23861	-0.447115
0.342486	0.367811	-0.510221	-0.389587	-0.511865	0.386493
-0.0850142	-0.0333388	-0.0839014	0.34681	0.683602	-0.683355
0.171749	-0.543292	2.17018	0.879366	0.267144	0.188237
-0.0986713	0.0710786	0.26745	0.0149962	-0.374622	-0.931237
0.291592	0.114047	1.09527	-0.485393	0.332663	0.172868
-0.334212	0.523087	-0.327662	-1.05405	0.023421	0.0727126
-0.204296	-0.953196	-0.0299566	-0.0797446	-0.0535678	-0.0542966
-0.247685	0.308605	0.0238166	1.09963	0.163554	0.268714
0.0869909	-0.511758	0.84506	0.00789648	-0.124807	0.136095
0.124199	-0.147301	0.576372	-0.385161	0.458848	0.951324
-0.190973	0.513163	-1.08744	-2.03849	0.0693696	-0.770541
-0.122628	-0.0886235	-0.173197	-0.0475351	-0.49781	0.299152
-0.473812	-0.654774	-0.651976	-0.394586	-0.330143	-1.2445
-0.209431	-0.625802	0.387254	-0.435381	-0.553995	0.285635
0.081825	-0.105212	0.507684	0.714421	-0.101075	-0.268924
-0.139377	-1.37836	-0.12232	0.0188113	0.474358	0.380028
0.747674	-0.726069	-0.0301891	0.671409	1.16397	0.195135
0.317145	0.270898	0.505129	-0.00448654	0.0319249	0.102813
0.942557	0.492716	-0.336125	-1.77204	-0.451656	-1.16578
0.0664724	-0.162869	0.0992172	0.154517	0.133701	0.250335
0.977018	0.382493	-0.915581	-0.466257	0.420382	0.757847
-0.0969573	-0.38056	-1.27346	0.493047	0.0166389	0.00672462
0.0639754	0.101014	-0.0717979	-0.125442	-0.0838868	0.0121215
-0.165215	0.437573	0.136262	-0.2028	-0.463071	-0.650135
0.198493	-0.257126	0.928455	-0.0228519	0.113219	0.0120451
-0.238145	-0.0751264	-0.500438	0.0496404	-0.402275	-0.128516
0.448706	-0.015935	-0.878516	1.27564	-0.43782	0.773453
0.0181894	-0.879301	0.247555	0.0524725	0.534914	-0.242697
-0.105898	0.424875	-0.0785078	-0.961377	0.706674	0.470726
0.0820175	0.144219	-0.149521	1.20156	-2.00335	-1.21936
-0.401765	-0.595769	2.11871	0.506617	-0.701316	1.43233
0.0151032	-0.373918	0.840799	0.456593	0.96812	-0.529271
0.284938	0.386368	-0.261543	-0.794144	0.710309	-0.340552
0.121244	-0.0113348	-1.23227	0.117304	2.12581	1.01286
-0.599108	1.15951	0.296559	0.968574	-0.231379	0.257029
-0.830251	-0.455339	-0.46424	-0.186259	0.225612	0.0734188
0.709837	0.0195141	0.0614393	-0.111675	-1.67846	-0.295441
-0.110103	-0.284195	-0.395371	0.0656005	-0.032567	0.0141992
1.07214	0.0174721	-0.912159	1.10984	0.271104	-0.327866
0.677852	-0.362514	-1.04041	1.33348	0.72949	0.0760575
-0.505355	0.807237	0.604279	-1.60084	-0.120583	-0.63615
-0.412967	-0.0890162	-0.894562	0.29923	-0.978062	-0.284746
0.313251	0.518857	0.419871	-0.900423	0.0495885	2.13146
0.226872	-0.693794	1.28712	-0.877992	1.06585	-1.44862
0.381675	-0.813467	0.150111	2.10897	-0.354305	-0.309838
1.88732	-1.83131	-0.524067	-1.28742	0.83354	-1.20074
0.701607	-0.615183	-0.0575134	0.609515	-0.41323	-0.549666
0.547586	-0.189225	-0.171416	0.158143	0.624217	2.26495
-0.311611	0.325333	1.15916	0.653218	-0.778588	-0.295468
1.40008	-1.5245	0.54863	0.149882	-0.165564	2.09142
-0.224015	0.559558	0.696622	-0.476535	-0.916429	1.60083
-0.513259	1.13143	0.114348	-0.952155	0.369599	-0.502439
1.07424	0.257781	-0.00460461	0.147348	-0.382835	-0.996901
0.41334	0.292072	-0.344669	-0.995453	0.635258	-0.311058
0.101068	-0.360614	-0.316012	-0.0594486	-0.844683	-0.331595
-0.00961771	0.625456	-0.176557	-1.12155	0.081183	0.52088
0.0729817	0.394353	1.25812	0.219287	1.06325	-1.73711
0.0938506	-0.817129	0.621812	0.664	-0.289301	-0.0178946
-0.253177	-0.153544	0.0607868	1.23282	1.03872	1.46096
-0.0143382	0.101667	-0.294521	-0.537369	0.228011	0.2172
0.269257	0.968402	-0.565943	-1.08397	-0.683272	0.244245
-0.0159128	0.222367	-0.378531	0.136802	-0.431971	0.260152
0.135962	-0.724478	0.257032	-0.42627	0.607051	0.803932
-0.727197	0.583729	1.30246	-1.76332	-0.245586	-1.32553
-0.156376	0.476428	-1.2362	-0.107346	-0.632279	-0.81974
0.367678	0.100591	-0.0220946	-0.557529	0.916749	1.11439
-0.070751	0.0689239	0.377074	0.301522	-0.328741	-0.659638
0.219223	0.166178	0.444672	0.128682	-0.0357758	-0.950065
0.51836	-0.40988	-0.578092	1.19556	0.150052	0.839257
-0.421418	0.91587	0.782275	0.193132	-1.12061	-0.0571235
0.764148	0.0214437	0.167308	1.02076	-0.410867	0.351442
-1.06945	0.324936	-0.0029895	-0.434043	0.509857	0.277662
-0.501215	0.346611	0.27821	1.25742	0.803431	0.29026
0.125405	0.178224	1.71031	-0.827039	0.465609	0.433654
-0.339002	2.25813	-0.208181	0.126241	-0.600088	0.803743
1.21257	-0.22356	-1.03977	0.649979	-0.580097	0.809794
1.10079	-0.111857	-0.244474	0.527866	-0.402443	1.93921
-0.373901	0.163785	1.00296	0.547101	0.481285	0.74935
0.0281814	0.57127	-1.85525	-1.10771	-0.911952	1.04592
-0.0276942	-0.513627	1.42669	0.14205	-0.452986	0.356068
0.160735	0.121676	-0.424771	0.678916	-0.234708	-0.671355
-0.265646	-0.342233	-0.277783	-0.217927	-0.0882292	-0.132676
0.211545	-0.445961	0.233612	1.20781	-0.0907145	0.394592
-1.15181	-0.448253	-0.0719644	-0.199267	0.207678	-0.022046
-0.0530371	0.685942	0.361832	-0.555232	-0.357202	0.084352
0.00328101	0.143691	0.497494	-0.154674	0.443756	-0.439728
0.33412	0.399271	1.04704	-0.490522	-0.728944	-0.223311
-2.09333	0.77791	-0.660401	-0.670489	-0.323692	0.10288
-0.428621	1.18312	1.94077	-0.566521	-0.998815	0.154825
0.0717329	0.0334263	0.534413	0.869216	-0.607011	-0.316746
-0.554471	1.28706	1.03768	0.963636	0.509282	0.209196
0.110834	-0.255393	0.772233	0.487077	-0.00719895	0.465224
0.205614	0.0374167	0.627639	0.0932548	0.587854	1.32767
-0.249841	0.198594	-0.298228	-0.510085	-0.281007	0.658716
-0.0948126	-0.0360645	0.0132891	0.162217	-0.406422	-0.330789
0.630666	-0.7884	-1.08921	0.830156	1.39479	-0.000855819
-0.204053	0.337623	-0.979105	-0.354224	-0.115007	-0.0779222
0.42952	0.193737	-0.626303	-0.643806	0.936969	0.188593
-0.0654639	-0.176426	-0.161957	0.72967	-0.550752	-0.111187
-0.0664914	0.266179	-0.350447	0.175473	-0.496606	-0.081223
0.273398	0.180649	0.0840578	0.442854	0.852473	0.000153353
0.337538	0.339271	-1.04364	-0.665756	-0.0940616	1.82522
0.1529	-0.0918266	0.83012	-0.362792	-0.278501	-0.0117974
1.15426	-1.13615	0.544664	-0.926952	0.0399525	-0.118363
0.550176	-0.155411	0.40076	1.97869	-1.27248	-0.626306
0.426729	0.000597146	-0.226419	0.289331	0.27625	1.38336
-0.182627	0.0834251	2.03474	-0.249941	-0.0203401	-0.0696791
-0.10382	-0.65222	0.496683	0.251443	-0.355006	-0.126469
-0.446099	2.05541	-1.4986	-1.06846	-1.94758	0.262731
0.300594	-0.274343	0.168661	1.37189	0.85606	0.296255
0.16338	-0.383582	0.133562	-0.444179	-0.232877	0.87119
0.579995	-0.510073	-0.394801	-0.141611	1.47932	0.135812
0.201472	-0.579962	0.368897	-0.0167509	0.524021	0.16666
0.517158	-0.54634	0.91719	0.379104	0.193819	0.293758
-0.00841056	-0.552395	0.721776	0.103126	-0.126556	0.248248
0.83039	-0.079711	-0.191382	0.505744	0.926446	-0.169315
-0.0352681	0.261345	0.306213	-0.49507	-0.467331	-0.184741
0.0463756	-0.4216	-0.603041	0.982719	-0.131257	-0.243209
0.222977	-0.0870193	0.904631	0.0532223	0.0750998	0.173832
-0.44378	0.398103	0.235533	-0.529901	0.0356147	-0.0708463
1.33442	-0.501319	0.943301	0.785457	-0.0110591	0.366335
0.218429	0.23031	-1.0639	0.11807	-0.843534	-0.280778
-0.286764	-0.0693453	0.73921	-0.373401	0.430926	-0.0416159
0.889231	-0.0991114	-0.663462	0.624927	1.34841	0.211023
0.284984	0.397539	0.0351562	0.62196	-0.0869668	0.0582198
0.985755	-0.612176	-0.581845	1.49642	-0.148549	1.23629
0.0985071	0.290661	0.378586	-0.587677	0.428001	0.22342
-0.414968	-0.553495	-0.387407	-0.0986246	-0.64674	-0.179559
-0.0346044	0.21219	-0.951798	0.407362	0.39215	-0.0585061
0.487192	-0.634699	1.41915	-0.0891471	-0.0722898	-1.06003
-0.342639	-0.093132	-0.428186	0.30549	0.0556024	0.0902353
-0.344066	-0.358652	-0.0752548	0.37044	0.169936	0.219922
-0.029066	0.0750082	-1.81107	-0.364876	0.105318	0.0571317
-0.209674	-0.166886	0.0106145	0.909808	-0.272705	-0.266127
0.109856	0.519785	0.243994	0.631862	0.315839	0.210962
-0.355417	1.48636	0.345626	0.296463	0.103593	-0.0121833
-0.431714	-0.124559	0.834673	0.552424	0.647751	0.151345
0.32225	-0.255182	-0.293336	0.317389	0.70069	0.649468
-0.215111	0.212839	-0.335834	-0.20682	-0.0768309	-0.585417
0.544081	-0.0566231	0.888164	-0.303183	1.07131	0.2947
0.142947	0.685246	-0.299466	-0.461773	-0.425562	-0.431587
0.00801761	0.451199	1.13222	0.0581716	-1.13999	1.03716
-1.07151	-0.036856	-0.39852	-0.268493	0.390245	0.177489
-0.177643	0.397257	0.177707	-0.75855	0.334812	0.000587905
0.104984	0.142874	-0.111859	0.427523	0.0275578	-0.029233
0.165739	0.359778	-0.535921	-0.341969	-1.02935	-0.0112978
-0.0177903	-0.398405	0.303587	-0.178479	0.119705	0.0996949
-0.184874	-0.505954	0.567293	-0.024951	-0.136093	0.0297367
0.216807	0.0681836	-0.688004	-0.388578	0.111213	0.0461696
-0.0720223	-0.263136	-0.301707	0.0533425	0.00519381	-0.0380707
-0.182549	0.414889	0.919411	-0.739566	0.0278867	0.0135032
0.334262	0.297459	-1.75911	0.690496	0.206	0.0525381
0.0535821	0.120922	-0.317836	0.782214	0.881028	-0.147301
0.0162805	-0.266241	0.775619	-0.240202	-0.56138	-0.0391064
-0.428802	-0.203593	0.628939	-0.394995	0.273668	0.0946004
0.0300455	0.197545	-0.618285	-0.998198	0.69672	-0.0422129
-0.256963	0.0921453	-1.24481	0.0464924	-0.287115	-0.0641264
0.349678	0.186808	0.675244	-0.458434	0.0811714	0.559329
1.08649	0.13096	0.484643	0.155174	-1.1891	-0.3426
0.494041	1.00367	0.892156	-0.152199	-0.648137	-0.787592
-0.238061	-0.61397	0.00209605	-0.44844	-0.157758	-0.14428
0.798442	-0.160726	1.09905	0.499134	-0.283761	0.433146
-0.552382	0.575979	0.200637	-0.0713759	-0.302209	-0.138244
0.587629	0.25279	-0.275873	-1.12978	0.428651	0.175243
-0.177778	1.71263	-0.923004	-1.39512	-0.871037	-0.131329
1.02812	-0.603066	-0.144822	1.7513	0.176753	-0.271941
0.281785	-0.467556	0.115816	0.1182	0.359965	0.361033
1.29387	-0.162086	-1.21608	0.166614	1.11272	0.00979726
0.536098	-0.674199	0.609684	0.539832	-0.315352	0.1326
0.460633	0.28429	1.21446	-0.44945	0.255386	-0.00863267
0.987381	0.136341	-0.127457	-1.46355	0.865809	0.642194
0.00887445	0.141492	-0.111096	-0.150603	0.311679	0.0888758
0.547145	0.453574	1.89635	-0.0301261	-0.679415	-0.0597258
-0.182311	0.197136	0.0691913	0.692687	-0.480169	0.573017
-0.286057	-0.602843	0.497686	-0.328564	0.0989986	0.0251331
-0.677455	0.725099	-1.30467	-0.143779	-1.32694	0.317919
0.0438215	0.151424	0.0332502	0.42277	0.762823	-0.0145066
0.490354	-0.396219	0.070792	0.234605	0.760206	-0.427924
-0.122535	-0.0440715	-0.975128	0.365093	-0.167042	0.0752285
-0.878272	-0.0679983	1.70426	-0.532622	-0.0117601	-0.218938
-0.290796	-0.441307	-0.173	-0.914003	-0.367281	0.825911
0.521525	0.255688	-1.73327	-0.151347	-0.411901	0.111346
-0.0423011	0.241	0.234988	0.546302	0.222013	0.40779
-1.1051	1.42451	1.00133	-1.60118	-0.214399	-0.333645
-0.210753	0.0588007	0.176235	-0.541448	-0.0783384	-0.265551
0.671391	-0.546586	1.19795	0.592597	-0.414915	1.0245
-0.337566	-1.0112	-0.387853	-0.76501	0.145464	0.11007
-0.277196	-0.494384	-0.351418	-0.179484	-0.330454	-0.00383514
-0.090925	0.557236	-0.663613	-0.268414	-0.681294	0.221674
0.0471594	-0.637671	0.887352	-0.646737	-0.14474	0.0384447
-0.168377	0.232531	0.0571789	0.403822	-0.0193038	-0.22758
0.0493073	0.373254	-0.138327	-0.7747	-0.156839	0.0839315
0.730713	0.122777	-0.99892	0.328632	1.16181	-0.497108
-0.258978	-0.72362	0.183569	-0.179905	0.343662	-0.08876
0.255671	-0.036374	-0.132598	0.912441	0.110896	0.223148
-1.12861	0.485391	0.435586	0.38161	-0.0520191	0.0554775
0.737728	0.513522	-1.144	-0.0737982	0.500054	0.535539
-0.287162	0.36881	-0.575144	-0.16097	-0.754428	0.102475
0.659376	0.25129	-0.254488	0.237955	-0.903941	0.0562762
-0.146097	-0.569024	0.0316713	-0.0494246	-0.107388	-0.0518985
0.863568	-0.12432	1.10255	-0.38482	0.649804	1.29483
0.554873	-0.343826	0.57905	0.898847	0.416748	0.0315503
-0.201592	0.257401	0.106738	0.149396	-0.21067	-0.137685
-0.566108	0.191334	-0.411604	0.38915	-0.134872	-0.0366758
-0.253272	0.280281	-0.503465	-0.928637	-0.598229	-0.375021
-0.0562878	-0.19768	-0.297189	0.210149	0.231152	-0.0699604
-0.300693	0.214122	0.997111	-0.510544	-0.838625	1.01166
-0.356923	-0.0581236	-0.28911	-0.269721	0.591414	-0.105631
-0.137488	0.0344705	0.302034	0.122015	-0.681173	-0.248348
-0.33187	0.174124	-0.236207	-0.514416	0.226338	-0.0476091
-1.25738	0.567523	0.481622	0.0589596	0.157587	-0.0319784
-0.855195	1.17837	-0.108953	0.349935	0.147685	0.00359667
-0.290319	1.01728	-0.258687	0.165863	-0.900487	-0.14322
0.239192	0.293902	0.100784	-0.634509	-0.11727	0.84795
-0.625373	1.28265	0.573225	0.202421	0.0966104	0.0607639
-0.184939	0.0685067	0.224026	1.76041	0.249481	0.0100375
-0.68901	1.31987	-0.714454	0.379851	0.0575714	0.0422041
-0.334642	-0.836418	0.991538	0.522868	-0.17852	-0.604965
-0.129002	-0.405602	-0.0801408	-0.0785147	0.0491674	-0.076001
-0.558634	1.78436	-0.457283	0.251304	-0.0747837	0.0903607
0.0952923	0.0388624	-1.36604	0.715684	-0.475004	0.796123
0.599965	0.593366	-0.128257	0.827621	-1.39095	-2.21797
-0.811708	-0.105454	-0.201213	0.739012	-0.0818392	-0.272139
-1.29544	-0.494482	0.71387	-0.0648103	0.0428546	0.170662
-0.39041	0.580009	-1.4634	-0.771031	1.70661	0.547047
0.456632	0.526959	-0.236468	-0.822419	-0.670655	0.467097
0.111031	0.255189	-0.484741	-0.568316	0.578964	-1.05605
0.0980813	0.107897	0.283331	0.0643417	0.332433	0.212893
-0.153099	0.201341	-0.747704	1.15022	0.71253	0.743645
0.182357	-0.0896603	0.292193	1.08151	0.662359	0.557016
-0.829983	0.122127	-0.126982	-0.626808	-0.0234638	-0.0571701
-1.82697	1.32194	-0.312005	0.288692	0.17625	0.0239797
0.0589312	-0.767602	2.64245	0.708708	0.941781	-0.417902
-0.184989	-0.514426	0.368151	-0.00589502	-0.758683	0.305745
-0.103102	0.279057	-1.38796	0.118489	0.54864	0.756464
0.0571208	-0.173584	-0.0987002	0.452868	1.08543	0.415573
0.564683	-1.06128	0.893209	-0.670286	0.557956	-0.263752
-0.138411	1.33193	0.37833	0.684059	-0.687181	-0.691965
1.01073	0.00620096	0.0376502	0.146536	0.188658	0.0650794
-0.206232	-0.390595	0.707796	-0.681565	-0.291317	-0.264589
-0.597799	0.257021	0.391793	-0.844261	-0.775707	0.718889
0.40872	0.266064	0.111256	0.548981	-0.151614	-0.64136
0.108814	0.39275	-0.337533	1.48194	-0.885788	0.117685
-0.316815	0.356033	0.940811	-1.36807	0.102382	-0.195961
-0.174217	1.34528	-1.95296	-0.279779	-1.10994	-0.214585
0.42511	-0.13957	1.48562	0.865034	-0.30753	-0.786022
0.710735	-0.335358	0.389903	0.320485	2.13651	0.927833
-0.344773	0.791307	0.0989498	-0.543211	-1.53287	0.0276568
0.140242	0.503168	-0.26758	1.37319	1.10271	0.652273
1.14795	-1.16511	-0.135847	-0.613021	1.53524	1.85501
-0.0825429	0.12961	0.474694	-0.493125	0.56942	-0.249666
0.106816	-0.43811	0.2839	1.03748	1.2611	0.00440008
-0.501554	1.20525	0.778274	-0.351899	-0.202139	0.940392
0.637841	-0.839736	-1.2989	0.98337	1.06606	1.31435
0.554407	-0.0385059	1.3866	-1.64264	-0.177355	2.1056
0.179868	-0.381062	1.50636	0.888695	-0.346076	-0.434255
0.174855	-0.183459	-0.0985107	0.586531	0.94401	-0.883622
0.313247	-0.13621	-0.0573853	0.946739	-0.351264	-0.0144468
-0.14792	0.293219	1.23756	-0.483995	-0.419518	-0.15228
0.361366	0.0518637	-0.0545731	0.558397	0.01847	0.510934
0.0317015	0.216476	0.211508	0.404139	-1.14426	-1.15164
-0.647349	1.10445	-0.86332	0.437258	-0.0692362	-0.0113419
0.225511	0.107591	0.613457	1.26387	-0.612965	0.277976
-0.990379	-0.709512	0.565463	-0.0170757	-0.0988738	0.0281771
-0.818793	-0.271784	-0.126119	-0.27526	-0.211772	0.056328
1.11114	-1.55527	1.11847	-0.821285	-0.116184	0.0427937
-0.0552546	-0.0502327	0.0224401	-0.817765	0.392365	0.310229
-0.0889489	0.248715	0.30456	0.640416	-0.352055	-0.711786
0.112204	-0.24198	0.533886	1.05951	0.264521	0.0248416
-0.189088	-0.694312	0.0728504	-0.0436587	-0.328094	0.0304317
-0.308505	-0.715046	-0.131416	-0.534758	0.0858847	0.0670376
0.270145	-0.285071	1.05769	0.328786	-0.0956418	0.983603
-0.250664	-0.323942	-0.515921	-0.0814524	-0.102589	0.0353679
0.254812	0.288531	0.515803	0.171575	-0.943381	-0.196241
-1.01419	-0.3243	0.132318	-0.283603	-0.273866	-0.123298
0.0519858	0.572076	0.438322	-0.364938	0.0951787	0.151437
-0.353382	-0.107769	-0.586118	-0.200387	-0.27734	-0.00921254
0.569802	-0.128895	-0.685459	-1.03683	1.72556	0.405215
-0.124694	-0.485338	0.567559	-0.165867	-0.119251	0.00442319
-0.139655	0.264487	0.269489	-0.605554	0.24767	0.164208
-0.292889	0.976596	0.0687316	-0.13353	0.583349	0.169286
-0.254418	-0.186431	0.297952	-0.624423	0.011141	-0.495237
0.0877606	0.220438	-0.690547	1.38289	0.734326	0.248964
-0.304593	-0.899857	-0.48278	-0.0398607	-0.189294	-0.160294
-0.149962	0.584377	-0.460654	-0.820816	-0.733083	-0.40047
0.287228	0.289081	0.233403	-1.10418	-1.22941	0.989167
0.574764	-0.304885	-0.173976	-0.568934	1.10605	1.19803
-0.289179	0.808045	-0.704768	0.527484	0.144971	-0.698522
-0.0810743	0.790689	1.46566	-1.39141	-0.559715	-0.504949
-0.259107	0.0628631	0.0875148	-0.2141	-0.504173	-0.161623
-0.233964	0.020901	1.76334	0.576618	0.0117966	0.5311
0.215793	-0.578898	-0.247601	0.771782	0.564147	0.14306
0.12768	-0.411306	-0.405509	0.843882	1.53087	0.376722
0.586382	-0.32366	0.726918	-0.839605	1.44019	0.0613156
0.333373	0.442034	0.991332	-0.345343	-0.0762192	0.00680592
0.377423	-0.586041	0.253722	0.647999	-0.136262	0.899323
0.413187	0.331718	-0.647303	-0.0374896	-1.18406	0.209262
-0.519599	0.611352	-0.359132	-0.641775	-0.25302	0.330232
0.245725	0.302841	2.45927	-0.166841	-0.814237	-0.966051
-0.0162444	-0.145871	-0.609885	0.558943	1.77112	0.327954
0.66537	-0.211363	0.0375975	0.460748	0.489891	0.709963
-0.420521	-0.516912	-0.577687	-0.276414	-0.281119	-0.472217
-1.04196	0.0363991	-0.108538	-0.0937098	-0.564746	1.76533
-0.102237	1.14915	0.380537	-0.884932	0.163741	0.948819
-0.138109	-0.245258	0.196123	-0.0775965	-0.522065	0.391379
0.605282	-0.35523	-0.498446	0.533995	-0.578648	-1.00477
1.81022	-0.394918	-0.411035	-1.56217	0.817357	-2.10612
-0.153724	0.437934	1.05476	0.132687	-0.596139	-0.284944
0.696028	-1.35246	-0.0278598	0.5348	1.5635	0.232133
-0.31612	2.31248	-1.1569	-0.836339	-0.0698657	-0.144088
0.0395688	-0.531291	0.562428	0.485441	0.0804786	-0.225137
0.225794	-0.0516278	0.215887	-0.82951	0.49154	0.674976
0.753663	-0.176747	0.00114456	1.20989	0.0079986	-1.13234
-0.0063823	-0.702954	0.336796	-0.00798719	0.570062	-0.101043
0.165824	0.940138	0.238475	-0.832489	0.354435	-1.36848
-0.291467	-1.02827	-0.393525	-0.740415	-0.228014	0.684651
0.546084	0.0489964	-0.0301973	0.377081	-0.0530407	0.466187
-0.0218458	1.64414	-1.62498	-0.872208	-0.342315	0.395695
0.195845	-0.617006	0.373803	1.59889	-0.954907	0.122658
-0.360379	1.00196	0.530326	-0.0978074	-0.828715	-0.328427
0.519263	-1.57201	0.782403	0.355751	-1.99536	0.620079
-0.0209127	0.0874161	0.0859354	0.186426	0.140615	0.380458
0.133694	0.172375	0.116423	0.735754	0.0256912	-0.525907
0.198759	-0.150685	0.213647	0.812919	0.872288	0.216055
0.376513	-0.292992	0.998908	-0.892791	-0.135277	-0.740305
-0.0756464	0.205074	0.529424	-0.0858293	-0.875041	-0.0491391
-0.327252	-0.652066	-0.479793	-0.217143	-0.309799	-0.0289954
0.29862	-0.0671497	0.615175	-0.471166	1.18273	0.283703
-0.499914	0.757614	-2.24761	-1.0971	0.841451	-0.482643
-0.14425	0.544852	0.738344	1.21577	0.81188	0.464848
0.184605	-0.312301	0.352628	0.252126	0.957206	-0.367117
1.12594	-1.25492	-0.7982	1.77812	0.779582	0.611124
0.792617	-0.228462	0.298858	0.420135	-1.18014	1.63356
-0.0817189	-0.644074	0.466632	-0.322497	-0.163328	0.13976
-0.458361	-0.968744	-0.435919	-0.308122	-0.386496	-0.0942938
-0.0728876	-0.0277012	-0.508974	0.37407	-0.0462038	0.542163
-0.365196	0.395459	-0.316245	-1.48151	-1.54812	-0.570758
0.873461	-0.612195	-1.14271	1.36573	-0.326191	0.109659
-0.180112	-0.535807	-0.363443	0.132763	0.0701468	0.00921434
-0.0277694	0.29056	-0.485573	-0.518494	0.275744	-0.0341475
0.387574	-0.790075	1.34357	-0.253327	0.265382	0.0594687
0.344321	0.242974	2.67029	-0.850452	-0.200062	0.276596
0.255504	0.254422	-0.121494	0.616269	-0.341964	-0.0177932
-0.192246	-0.284114	-0.590628	-0.538087	0.739823	0.17756
-0.183026	-0.350205	1.51803	1.08558	-0.206748	0.627989
-0.316415	-0.864142	-0.769511	-0.331113	0.259514	0.175022
0.319714	-0.912016	1.03726	-0.437954	-0.131579	-0.191137
0.485973	-0.337041	0.255077	0.216042	1.19469	0.0325112
-0.296652	-0.2644	0.0639041	-0.708001	-0.315743	-0.218914
-0.0305841	0.169273	-0.146611	-0.0120137	-0.00158397	0.552027
0.687512	0.0178769	-0.104317	-1.2395	2.4529	-0.766854
-0.0287598	0.968398	-1.56301	-0.725814	-1.75095	-0.144777
0.101275	-0.262864	-0.566276	-0.802932	1.21238	-0.0638741
0.0502744	-0.337186	1.04226	0.516789	-0.154884	0.599935
0.660702	0.414168	-0.442305	-1.41869	-1.21441	-0.162709
-0.213892	0.716698	-0.966594	-0.469299	-0.738554	-0.643049
0.427043	-0.664501	1.1438	1.96752	-0.0230829	0.781713
0.237307	-0.264484	-0.0148508	0.746033	0.965481	-0.703732
-0.128128	-0.608287	0.585976	0.181875	-0.770485	0.0526182
1.33901	-1.1897	1.00922	1.03092	0.21471	1.28263
-0.198557	0.129715	-0.264368	0.552368	0.401481	-0.780682
0.210977	-0.763532	0.639134	1.04167	0.440978	1.93137
-0.354638	-0.521993	0.242786	1.84104	0.445266	-0.698524
0.447195	-0.264849	0.22711	1.34245	0.16121	0.533666
-0.144936	0.28234	0.203826	-0.827824	-0.338213	-0.0029015
0.169447	-0.0785621	0.114673	0.116136	0.0932348	0.645195
0.427805	0.195	0.0973925	0.376566	1.0287	0.417031
0.673986	-0.15991	0.167773	-0.118653	0.505536	1.13075
-0.488889	-0.642957	-0.932268	-0.00800288	-0.516913	-0.217888
0.412302	0.631885	-0.340742	0.816374	-1.20533	-1.02799
-0.0625637	0.56219	0.241201	-0.543582	0.662916	-0.711936
-0.346503	-1.20596	-0.433554	-0.247104	-0.108658	-0.00425456
0.518507	-0.813122	0.260372	-0.499019	1.06562	0.343018
0.280938	0.216418	0.443019	-0.184839	-0.0363967	0.117933
0.173687	0.497423	-0.461749	-0.27772	0.757185	-0.0265046
-0.426132	-1.40383	-0.294028	0.0921191	-0.162017	0.0380088
-0.252683	-0.348444	-0.309163	0.482004	0.227003	-0.213648
0.691829	0.00476537	0.150911	0.740353	-1.58012	1.39358
-0.236763	0.729932	-0.314794	1.7967	-0.124194	-0.727532
-0.290244	-0.426335	-0.375639	0.224023	-0.650567	-0.143602
0.407116	-0.994676	0.675516	1.9677	-0.416722	1.67092
-0.0432238	-0.0232657	-0.343349	1.23789	-0.571555	0.381544
-0.303182	0.559869	1.15107	-0.565214	0.224737	-1.11455
-0.363564	-0.0858483	0.00122297	1.759	-1.0134	-0.385954
0.195339	0.220306	-0.278135	-1.09205	-0.723524	-0.336014
0.116455	-0.517869	0.00721926	1.19811	-0.258106	0.342226
-0.119842	-0.656705	0.622623	-0.885699	-0.174861	0.0839059
-0.496766	0.249548	0.472969	-0.911007	0.307156	-0.150277
-0.425293	-0.959062	-0.597721	-0.180735	-0.276011	-0.0484056
-0.339472	-0.307779	-0.629514	-0.057482	-0.415815	0.0120921
0.00987591	0.127453	0.758388	-0.772755	-0.519329	-0.308466
0.200489	-0.284795	0.858617	1.06839	-0.599639	-0.313568
-0.200418	-0.295723	-0.579834	-0.0945907	-0.185006	-0.0532294
-0.515803	-0.269446	-0.642858	-0.114668	0.970344	0.034449
-0.108176	-0.454007	0.0520166	-0.10558	0.380749	-0.237297
0.102353	-1.09122	1.06478	-0.351796	-1.18015	-0.00620064
-0.472666	-0.438068	1.04193	0.784137	-1.41507	-0.22367
-0.0945322	0.18153	0.921126	-0.775454	-0.882154	0.0339924
-0.239413	-0.331536	-0.447915	0.0828368	0.168912	-0.25841
-1.46058	0.376777	0.787887	-0.300472	-0.281395	-0.0747825
-0.177699	0.064622	-0.624045	-0.761335	-0.321435	0.541638
0.178498	0.00428771	0.511303	0.972539	-0.610752	0.196221
-0.497433	-0.925185	-0.258965	0.155453	-0.123945	0.0320868
0.22477	0.121428	-0.276675	-1.09252	1.17632	-0.19951
-0.0911848	-0.365666	-0.656773	0.28552	0.106314	0.16839
0.5411	-0.26744	-0.440807	0.987193	0.575121	-0.315516
0.782111	0.435035	-1.93888	-1.15598	-1.03087	0.534696
-1.20414	1.17041	0.49692	0.282927	0.295886	-0.0638956
0.314693	-0.109729	-0.307996	-0.131513	1.27401	0.277922
0.435212	-0.283321	-0.057008	1.01976	-1.21563	-0.398667
-0.129262	0.118549	-0.197069	0.754266	-1.18335	-0.194039
-0.0940655	0.53061	0.572562	-0.260631	-0.0399914	-0.0309868
-0.307361	-0.455303	-0.634429	-0.456791	-0.0514094	0.128672
0.347955	-0.566345	-0.565639	1.15943	0.596631	0.165884
-0.464704	0.880058	-0.159525	-0.0434793	-0.321909	-0.216218
0.233202	0.260842	-0.421642	-0.257496	-0.143394	1.04646
-0.294211	-0.402643	0.248882	0.17606	1.28261	0.280003
0.00468554	-0.707633	-0.816665	-0.706468	1.28575	0.0425527
-0.334167	-0.108282	-0.249408	-0.900839	0.297507	-0.463104
-0.111507	0.494956	0.664732	-0.969133	-0.257856	-0.8516
-0.196874	1.23046	0.701777	-1.42686	-1.35531	0.0242802
0.21392	0.182348	-0.684908	-0.461467	-0.665618	1.48236
-0.233898	-0.443214	-0.0995818	-0.254547	-0.146923	-0.00351945
-0.0791093	-0.17126	0.439495	-0.352415	-0.178274	-0.121646
-0.328285	-0.0344468	-0.671068	0.0468085	0.375196	-0.274182
0.163131	0.293893	-1.05239	-0.382299	-0.0935818	0.182029
-0.635372	1.13249	-0.51711	0.487612	-0.0539318	0.287982
-0.124984	-0.423968	-0.0317134	0.0602175	-0.0936912	0.0247458
-0.261715	0.922933	0.222611	0.215118	1.44892	-2.0647
-0.185115	0.546989	-0.0953948	0.114716	-0.802028	1.24159
0.0965584	0.330004	-1.00567	-1.47901	0.0292775	0.559666
0.179969	0.0750098	-1.04196	0.867851	-1.40059	-0.727472
-0.241012	-0.774333	0.288849	-0.243484	-0.22267	-0.179328
-0.0610399	0.114251	1.792	-0.352495	-0.704759	-0.14998
0.15071	-0.291598	0.32091	-0.706964	1.08484	0.112701
0.307564	-0.311385	-1.05731	1.95131	-0.782162	-0.06707
-0.359521	-0.675674	-0.921336	0.375199	-0.37625	-0.0679366
0.108339	0.532992	0.374545	-1.10849	0.562743	0.604307
0.377693	0.260673	-0.0430483	0.228556	-0.0668814	-0.0816202
0.276583	0.392247	0.163607	-2.39308	-0.00780399	0.634197
0.00610146	0.0304499	1.0323	0.282374	-0.193344	0.226354
-0.315751	-0.68351	-0.562524	-0.304816	0.191249	-0.0659061
-0.0429663	-0.0179552	-0.777628	0.537267	0.0996494	0.0488541
0.85419	0.158572	-0.793914	-1.04097	0.810112	0.577333
0.481673	0.302898	-0.376756	0.571633	-2.23702	0.536955
-0.214547	-0.455973	0.145645	-0.0821453	-0.549268	-0.0568612
0.180437	-0.0376756	0.137385	-1.08992	-0.361388	0.141481
-0.057047	-0.115496	-0.0482897	0.130646	-0.249808	-0.053088
-0.074125	-0.787459	-0.110444	-0.234534	0.459646	0.0301382
0.185929	0.252206	0.495827	-0.325698	-0.070666	0.250777
-0.555602	0.405337	-0.665306	1.23034	-0.94138	-0.173135
0.831285	0.314513	1.03369	-1.15584	0.27052	-1.41566
0.209764	-0.127124	-0.698262	0.418972	0.759487	-0.728477
-0.105022	-0.443543	0.202236	-0.461631	-0.170091	0.334158
-0.188452	-0.793521	0.0175256	-0.0485073	-0.088311	-0.0314014
0.175099	-0.0172434	-1.38089	-0.124146	0.652467	-0.00849034
-0.121218	-0.747607	-0.14213	-0.0631737	0.319392	-0.0219894
-0.280963	-0.532004	-0.161452	-0.397439	0.0140345	-0.00137606
0.161515	-0.778253	0.754355	0.177339	-0.618673	0.069543
0.595609	-0.0951256	-0.362504	0.41988	1.1659	0.220462
0.457181	-1.07136	0.276818	0.497759	-0.223882	0.292196
-0.168638	-0.0492611	1.80778	0.479627	0.226633	0.363588
-0.380282	0.330192	-0.943592	-0.99683	0.0441732	0.0789345
0.161474	0.0253545	0.00463529	-0.590084	0.42617	0.628339
0.144098	-0.784225	0.567755	1.05914	-0.447519	0.0200701
0.202682	0.0918654	0.728927	-0.0243777	-0.354417	-0.0320656
0.113818	-0.257128	0.372829	0.289444	0.0688263	0.0859031
0.189124	0.378999	0.278317	-0.930977	0.554885	-0.00388217
-0.18416	0.0257487	-0.449088	-0.0394345	-0.264824	-0.219956
0.0549866	0.636861	-0.603792	-1.26526	0.366307	-0.81806
-0.230091	0.0481612	-0.548915	-0.588649	0.181441	-0.130167
0.756421	-1.23459	0.118771	1.7836	0.340797	0.305087
-0.0603931	0.13711	1.08759	0.00154121	-0.203901	-0.620867
-0.356364	-1.44891	-0.836269	0.455757	0.126675	-0.0328065
-0.468738	0.0367214	-0.142054	-0.453609	-0.823232	0.102061
0.324196	-0.117577	-0.720265	-0.92972	1.36832	0.39796
0.227572	-0.199706	1.57869	-1.33057	0.47594	0.869897
-0.304232	-0.70609	0.126578	-0.362713	-0.198087	-0.225959
0.0106837	-0.233875	0.348688	-0.07674	0.422833	-0.216007
0.670402	-1.07502	0.571505	1.16352	1.96901	0.538941
0.0885852	0.723922	0.578834	-0.721166	-1.68228	-0.692938
-0.317272	-1.02309	-0.397691	-0.360749	-0.768316	0.150044
0.109022	-0.851964	-0.678199	0.258931	0.783122	0.257726
-0.495843	-0.166765	-0.59915	0.0653419	0.282828	0.205468
-0.421917	-1.19996	-0.305472	-0.294108	-0.128475	-0.102552
-0.122931	0.119231	-0.33071	0.280448	-0.417276	-0.163769
0.527746	-0.396867	-0.524688	1.56561	0.989329	0.292506
-0.0544486	0.309251	1.21357	-0.491258	0.253556	-0.432393
0.0624125	0.0567081	-0.0870911	0.0228757	1.13827	-0.936626
-0.0025445	-0.433619	-0.162553	0.92348	-0.0350914	-0.212339
0.009396	0.251372	0.877301	-1.1001	0.77183	-0.752284
-0.0587732	-0.246331	0.500812	-0.541083	-0.185605	0.130467
-0.541217	-1.28882	-0.570132	-0.528585	-0.338822	-0.103116
-0.358542	0.252692	-0.806025	0.0981998	1.27809	0.325099
-0.79706	1.04645	-0.348921	-1.54211	0.384157	-1.21818
-0.456321	0.179089	-0.244625	-0.556114	1.41185	0.632474
0.000730185	-0.982682	-0.544147	0.85637	-0.500289	0.0447405
0.0620536	-0.03816	0.29736	-0.242947	-0.912892	0.775287
-0.0250414	0.083639	0.494391	-0.666994	-0.444075	0.503004
-0.0436582	0.0144608	0.359594	-0.503642	0.71597	-0.263664
-0.0930296	-0.459731	-0.503962	0.110741	-0.0343112	0.428736
-0.0363237	0.140141	0.420195	0.406054	-1.03825	-0.0563051
0.175715	0.318865	0.329584	-0.0483068	0.497997	-0.516776
0.291598	-0.705837	-0.362815	-0.515914	1.47818	0.403485
0.105288	0.0786034	0.0409168	0.247821	0.479102	-0.828409
0.00871909	-1.23129	-1.20494	-0.143775	0.868065	0.676676
0.202991	-1.87103	0.138256	0.0372126	0.625702	1.51439
-0.295917	-1.19262	0.267079	-1.01634	1.13108	0.0945977
-0.583245	-0.283433	0.361726	-1.05357	-0.47523	0.298051
-0.632543	-0.352988	-0.186691	-0.0573262	-0.295571	-0.551428
-0.193277	-0.291089	0.00115057	1.36229	1.00186	-1.17445
0.0137966	0.0849054	-0.761901	-0.14427	0.399154	0.086439
-0.4877	-1.03454	-0.714436	-0.651588	-0.589161	0.555797
-0.242057	-0.633387	0.658377	0.572614	-0.789243	0.021499
0.414558	-0.601787	-0.0653191	-1.35268	-1.42019	1.29032
-0.339113	-0.62938	-0.713649	-0.23106	-0.0956841	0.104068
-0.617	1.12238	0.89211	-0.486328	-1.74346	0.25303
1.07764	-0.185959	0.744216	-0.842795	0.5109	-0.118591
0.521399	-1.42519	0.926873	-0.841683	0.151064	-0.0272151
1.01019	-0.0752098	-2.369	0.296751	-0.101283	1.38935
-0.225727	0.282083	-0.578752	-1.05849	0.202817	-0.00438795
-0.167506	0.0723756	-0.074006	0.0198525	0.14581	0.0882943
-0.592248	0.053135	-0.1567	-0.0040672	-0.185458	0.0972935
0.100604	-0.168852	-0.978162	1.38632	-0.508961	-0.4014
0.897643	-1.3077	0.344365	-0.443295	0.224566	0.989613
0.352965	0.989401	-1.17915	-0.670342	-1.93134	-0.753754
-0.176204	0.344386	-0.00888424	0.320941	0.448612	0.166704
-0.179882	0.147325	-0.439927	-0.77106	0.035066	-0.133183
-0.208536	0.205853	2.42674	-0.179349	1.12783	0.430252
-0.0839666	-0.0404375	0.0416423	-0.022032	-0.340555	0.0142677
-0.294407	-0.791459	0.00337892	-0.422171	0.269224	-0.149836
-0.372805	-1.00381	0.00936748	-0.397176	-0.120016	-0.0133074
0.688257	-0.223729	0.91602	0.35539	0.574349	0.164949
0.0924138	0.0511437	-0.0533839	-0.223198	0.573943	0.354621
0.170054	0.615784	0.426467	0.431547	-0.134739	0.10756
0.0587065	-0.12311	0.0900181	0.757576	0.437962	0.119778
-0.373592	-0.916081	-0.380218	-0.20515	0.101704	-0.0318247
0.0839249	-0.679178	0.195246	-0.0270044	0.68762	0.123196
-0.177836	1.06987	-0.100022	-1.33836	-0.412099	0.626966
0.00929071	-1.04628	0.542036	-0.201886	-0.338801	-0.0499877
-0.432271	-0.770746	-0.709836	-0.0251049	-0.358878	-0.143609
-0.246739	0.260647	0.565748	-0.680581	-0.235128	-0.0296159
-0.428073	0.292773	-0.99106	0.362966	0.245681	-0.34152
-1.22055	1.06221	-0.698957	-0.297184	-0.304749	-1.01595
0.143082	0.701542	0.383791	0.240417	-1.35819	-0.128502
-1.03232	1.32216	-1.62038	-1.48228	0.205547	-0.131938
-0.44119	-0.561735	-0.47138	-0.599828	-0.398508	0.0309528
0.984978	-0.694477	1.93983	-0.201254	-1.01407	1.70885
-0.314728	0.031305	-0.660937	-0.719766	-0.33942	-0.108729
-0.144636	0.225795	-0.705158	-0.39628	0.053991	0.0244643
0.649348	-0.997121	1.23027	-0.283013	0.801194	0.137148
0.804366	-0.531776	0.398598	-0.535674	1.00377	-0.204071
-0.540774	1.29888	0.0168535	0.459176	0.23206	-0.267769
-0.00430809	0.250853	0.144087	-0.33923	0.113414	0.398048
-0.140151	1.1497	-0.083629	-1.05296	2.34418	0.502137
-0.221788	-1.17472	1.62976	0.44791	0.107489	0.621217
-0.576622	-0.243255	-0.589612	0.0564598	-1.2062	-0.442871

Annot Parameters for each context in the alphabet: PHIME
P	0.292178
H	0.136415
I	0.251332
M	-1.39207
E	-0.125361


Beta_s (bias in sequence model) : -7.98616
Beta_p (bias in structure context model) : -1.23896
alpha (scaling factor) : 1814.62
b (bias in least squares error model) : 0.499026

Top 20 kmers: 	 sequence number 	 kmer number
           CCAAU            687             10
           AUAUG           1444             32
           AGUAA            954              0
           AUAUG            332             11
           AUCUG            940             31
           AGUAA            492              4
           GCUUU            903             12
           UAGAC            400             17
           AUCUG           1260             17
           CAAAC            263             18
           GGUAG            803             16
           AAAAG            217              0
           GACUA           1051             29
           UUAAC            458              9
           GCUUU           1419             24
           UUAAC            215             38
           CAAAC            679              3
           UAGAC            595              1
           UGACG            736             23
           CAAAC            716             26

Averaged annotation profiles of the top 20 kmers
P	0.311855	0.228335	0.177845	0.32905	0.45803	
H	0.352325	0.3959	0.413	0.32515	0.2332	
I	0.115375	0.146825	0.139035	0.095525	0.08616	
M	0.18925	0.197155	0.23622	0.219545	0.18694	
E	0.031195	0.031785	0.0339	0.03073	0.03567	
