Motif width 5
Base parameters 
AAAAA	3.20849	0.292178	0.136415	0.251332	-1.39207	-0.125361
CAAAA	0.353916	0.384682	0.119126	0.357385	0.159707	-0.46914
GAAAA	1.10717	1.27054	1.43377	-0.483396	-0.223699	-0.547208
UAAAA	0.0313603	-0.163384	0.251193	-0.59354	0.176754	-0.0977452
ACAAA	1.25526	0.537928	-0.0869371	-0.552102	-1.09761	-0.229315
CCAAA	1.16312	-0.392697	-0.534857	0.163874	-0.559419	-0.204659
GCAAA	0.402517	0.185547	-1.16904	-0.215052	-0.0538	0.0117442
UCAAA	1.19385	0.260455	1.81879	-0.720656	1.45116	0.252497
AGAAA	0.978253	-0.171405	0.477988	0.746421	-0.784516	0.313234
CGAAA	-2.96491	-1.07201	-0.0533868	1.30208	0.512585	0.524265
GGAAA	1.04255	-0.797147	-1.04566	0.660284	0.218795	-0.423701
UGAAA	0.882757	-0.839676	0.0591882	-0.0796029	-0.434381	0.11338
AUAAA	1.55788	-0.0110023	-0.088223	-0.575159	0.709646	-0.111362
CUAAA	0.720933	0.307986	-0.136627	-0.501882	-0.158811	0.0593299
GUAAA	-1.76511	0.178328	-0.227304	-0.178933	0.254423	0.749819
UUAAA	0.268222	0.315666	0.0203904	0.069267	0.21272	-0.814394
AACAA	-2.12075	-1.88869	-0.0938233	-0.724266	2.45804	1.36526
CACAA	0.439079	-0.0703358	1.09024	1.61726	-0.0841676	0.117889
GACAA	-0.132481	-0.525949	1.72663	1.93024	-1.11249	0.0124895
UACAA	1.5103	0.139997	-0.341417	-0.90039	0.0916508	-0.1603
ACCAA	-1.0811	1.37436	-1.84971	-2.32697	-0.417913	0.350229
CCCAA	0.909103	0.983384	0.196322	-0.671167	-0.737661	-0.786624
GCCAA	1.01003	0.428216	-0.158766	-0.240414	0.576806	0.2962
UCCAA	-1.15264	-0.45962	0.70964	0.614652	-0.899062	1.33307
AGCAA	-2.41161	-0.904621	0.718395	1.49472	0.2326	0.194974
CGCAA	-2.9089	-0.510512	-0.837604	1.71749	-1.80286	0.43046
GGCAA	-2.25682	-0.171593	-1.06382	0.0113813	1.02025	-1.03366
UGCAA	0.667687	-0.331501	-0.241588	-0.00236628	-0.188749	0.0730616
AUCAA	2.85195	-0.38566	-0.458727	-0.441909	-0.358379	-0.31306
CUCAA	-2.34054	0.333695	-0.190839	-1.56653	-0.275185	1.6702
GUCAA	-4.25031	-1.04746	0.716968	2.02422	-0.997227	0.32706
UUCAA	0.967601	-0.158514	0.656555	-0.361345	0.351992	-0.741881
AAGAA	7.2513	0.0633684	0.8289	-1.25117	-0.155835	-0.33324
CAGAA	4.05829	1.97694	-0.604335	0.467984	0.307986	0.477866
GAGAA	1.54416	-0.205393	-0.472115	-0.863209	-0.649951	-0.698424
UAGAA	-2.15306	-0.496265	-1.27436	-0.795797	0.787724	0.0393189
ACGAA	-4.19523	0.52242	-0.499183	0.244947	-0.338338	0.0367115
CCGAA	-3.60345	0.552133	-0.0122513	0.508959	-1.58307	-0.640961
GCGAA	-2.664	-0.233423	0.592508	1.14082	-0.465701	-0.068312
UCGAA	1.57462	-0.516904	-0.393505	-0.200378	-0.334193	0.00971213
AGGAA	-2.61732	-0.638559	0.0101583	-0.644339	1.9566	0.978202
CGGAA	1.1351	-0.709606	0.0126466	-0.220896	-0.0588281	-0.0143304
GGGAA	5.01116	0.0224677	0.213321	0.013937	0.0877737	0.205028
UGGAA	2.66558	0.671263	0.052907	-1.49429	-0.232247	0.322771
AUGAA	1.91259	-0.803745	0.364483	-0.272835	-0.413188	-0.0648765
CUGAA	1.15052	-0.495219	-0.679063	-0.27712	0.29338	0.238163
GUGAA	-0.239293	0.269781	0.0420285	0.197949	-1.26949	-0.924277
UUGAA	1.17947	0.985507	-0.610569	-1.65957	1.16628	-0.294302
AAUAA	1.38071	1.75429	0.292974	0.224311	-1.0794	-0.531888
CAUAA	-2.55496	-0.239993	0.485918	-0.504685	-0.257829	1.47596
GAUAA	-0.426689	-0.931101	-0.326559	0.264886	0.816928	0.0846545
UAUAA	0.106747	1.29183	-0.548621	-0.326126	-0.7419	0.805017
ACUAA	1.91311	-0.425258	-0.147432	-0.552921	-0.650998	-0.176675
CCUAA	-0.0675054	-0.223427	-0.0511578	0.0193384	0.347772	0.0718984
GCUAA	-1.40137	-0.467888	-1.00519	1.93982	0.321927	-0.0736989
UCUAA	1.37146	1.71565	1.21975	0.596813	0.459743	0.219991
AGUAA	-4.721	-0.426057	-1.54654	-2.44553	1.22271	2.5697
CGUAA	-3.18324	0.416325	-0.895548	-0.38919	1.77424	0.395891
GGUAA	1.02266	-0.86361	-0.36828	0.361013	-0.294858	-0.0283187
UGUAA	0.140185	0.00536557	-0.146638	0.316899	-0.27049	0.590886
AUUAA	1.84512	1.49622	-1.97859	1.14129	0.497583	0.0465124
CUUAA	-0.311035	-0.240909	-0.347649	0.324758	0.106417	0.692271
GUUAA	0.280229	0.0329741	0.103182	-0.0208697	-0.331423	-0.182334
UUUAA	1.47641	0.385373	-0.446265	-0.854263	-0.149247	-0.723539
AAACA	-1.65765	-0.159018	0.133913	0.496988	0.263683	-2.20837
CAACA	0.68198	-0.849108	0.32431	0.0804758	1.45706	0.380638
GAACA	0.478197	0.159651	-0.0616292	0.413465	-1.23394	-0.361185
UAACA	-0.222379	-1.07813	0.535597	-0.652495	-0.860789	-0.302119
ACACA	1.97934	0.495224	-0.251555	-0.366799	0.786793	1.12179
CCACA	-1.75302	0.522233	-0.360854	-1.4511	0.297723	-0.585312
GCACA	-1.42823	0.256958	-0.18724	-0.35016	0.306852	0.347126
UCACA	-1.02197	-0.124221	0.408187	0.369113	0.945183	0.829367
AGACA	-0.743104	0.526353	-0.107484	0.383445	0.852881	-1.2524
CGACA	-0.38342	0.145287	0.704493	-1.16385	-0.418575	0.156153
GGACA	0.780284	1.03807	-0.254433	0.143116	-1.72407	-0.554891
UGACA	-0.173556	0.245399	-0.594092	-0.447577	0.0392661	-1.01542
AUACA	2.88139	0.918571	0.239657	1.7766	0.74496	-0.334689
CUACA	-2.72377	-0.831475	2.92988	-0.185539	0.970673	1.58176
GUACA	1.24275	0.363488	-1.61109	-0.00747946	-1.13176	-0.393052
UUACA	-3.09579	0.166097	-0.185283	0.099788	0.0206344	-0.272719
AACCA	1.11138	0.156665	-0.932006	-0.952854	0.475844	-0.133369
CACCA	2.0994	0.422955	-0.951543	-0.921606	1.23011	0.319339
GACCA	-1.00636	-0.494622	0.271347	0.83161	0.302098	0.420659
UACCA	-3.90862	-1.12551	1.02902	-1.02239	-0.967476	0.0912964
ACCCA	0.583658	-0.15496	-0.391614	0.694918	-0.307211	-0.55393
CCCCA	2.03403	0.37181	-0.158739	0.641037	-0.341067	-0.31631
GCCCA	-1.03673	0.217235	0.834456	-0.865627	0.967699	0.644553
UCCCA	-2.17307	-0.183542	-0.185436	0.377749	1.03291	-0.242459
AGCCA	2.02491	-0.00100858	0.226804	1.19872	0.408136	-0.0793941
CGCCA	2.07425	-0.317036	0.402844	-0.349318	-0.0141343	0.242978
GGCCA	0.691924	0.141138	-0.767004	0.167819	0.538849	0.00870042
UGCCA	-3.37428	-0.0449527	0.687379	-0.762031	-0.398272	0.286897
AUCCA	-1.48734	0.305011	-0.571475	0.663452	-1.13095	0.667585
CUCCA	1.29083	0.719607	-0.930035	-0.572302	1.13311	-0.215586
GUCCA	0.523944	0.534849	-0.843228	0.283766	-0.0632801	-0.10981
UUCCA	-0.476562	0.0299272	-0.556657	0.311886	0.758082	-0.390148
AAGCA	1.63012	-0.671855	-0.350892	0.149256	-0.827412	0.0603573
CAGCA	1.55578	0.794011	-0.0499731	-0.0919456	0.597503	-0.407091
GAGCA	1.14326	0.358097	0.00662065	-0.57601	1.08574	0.0809376
UAGCA	-1.49214	-1.4983	0.982458	0.447475	-0.757499	-0.240725
ACGCA	1.42484	-0.793727	-0.209766	-0.227681	-0.290694	-0.0203485
CCGCA	0.430438	-0.120463	-0.156976	0.899687	-0.930988	-0.130101
GCGCA	-2.87455	0.105627	-1.07849	0.51451	-0.387173	0.603774
UCGCA	1.71558	-0.978855	-0.00307337	-0.186733	-0.335607	0.0282414
AGGCA	-1.97449	-0.172344	0.925031	-0.101907	0.673922	-0.807649
CGGCA	0.118579	0.185603	-0.456943	-0.0826882	0.438208	0.377288
GGGCA	3.4405	0.28135	-1.23307	-1.43755	0.412206	0.376235
UGGCA	-2.26987	0.277395	-0.56826	0.0420935	0.174695	-0.0425137
AUGCA	-1.33831	0.244019	-1.58947	0.424886	-0.601602	0.473866
CUGCA	-2.35332	0.180438	-0.251253	-0.353677	1.4773	0.196072
GUGCA	-1.40063	0.275231	0.0820326	0.790578	-1.03619	0.33311
UUGCA	-1.1083	-0.321291	-0.212949	1.24858	-0.0986358	0.215254
AAUCA	-1.08479	0.425663	-0.914209	-0.929781	-1.38884	0.218521
CAUCA	7.80148	0.043117	0.76803	0.20126	-0.0219479	-0.100755
GAUCA	-1.71314	0.0472409	0.0378437	0.0104073	0.540499	0.791223
UAUCA	-0.442086	0.036825	0.470796	0.471641	-1.12068	-0.123229
ACUCA	-0.285365	-0.144175	-0.853934	0.904719	-0.0396646	0.872864
CCUCA	0.763057	0.347088	0.588113	-0.854328	-0.607859	0.548164
GCUCA	0.602595	-0.101917	0.12544	-0.150936	-0.247353	0.220748
UCUCA	-0.861442	-0.232477	-1.55311	0.849908	-0.0134184	0.45862
AGUCA	-2.46772	-1.36987	3.62208	0.257647	2.64846	0.686674
CGUCA	-0.693592	-0.241891	-0.0228906	0.529166	-0.85064	0.144743
GGUCA	-1.22016	0.186323	-1.46375	-0.665052	0.673407	0.504018
UGUCA	-1.10704	0.389535	-1.30195	-0.797049	-0.748613	-0.212008
AUUCA	-0.85775	1.06566	-1.88748	-1.2756	0.884878	-0.688194
CUUCA	1.80168	0.98882	-0.798674	-0.271972	-0.944107	0.204526
GUUCA	1.00225	0.187824	0.182189	-0.20164	-1.0219	-0.248609
UUUCA	0.762865	0.239327	-0.588621	-0.486737	-0.0612329	0.135105
AAAGA	2.52345	-0.841321	-1.08209	0.277252	-0.476117	-0.71004
CAAGA	2.18786	-1.30062	0.11178	-0.379402	0.250741	-0.0873012
GAAGA	1.25377	-0.255192	1.169	-1.30773	0.00878259	0.00303985
UAAGA	1.58205	-0.150812	-0.306603	-0.941691	0.488101	0.196972
ACAGA	-4.3642	-0.165247	-0.657341	0.856653	-1.59305	1.3365
CCAGA	2.31908	0.193635	-0.0426417	-0.263937	-1.07575	-0.408059
GCAGA	3.38172	-0.58475	0.709193	-0.0338807	-0.459745	-0.0998455
UCAGA	3.15418	-1.17296	-0.261431	-0.357651	-0.295506	0.0751867
AGAGA	-1.63469	0.227949	0.493284	-1.71248	-0.659253	-0.152962
CGAGA	0.825301	-1.06998	0.318065	-0.356838	-0.117099	-0.032167
GGAGA	1.74663	-0.189822	-0.249587	0.0609552	0.0761314	-0.434915
UGAGA	0.759204	-0.202719	-0.572346	0.275417	-0.97462	0.349878
AUAGA	1.98607	0.984406	0.00421516	0.236262	-2.14321	-0.102506
CUAGA	0.686251	-1.24092	-0.149871	-0.404108	0.651332	-0.193608
GUAGA	-0.612455	0.25731	-0.608076	-0.147173	0.0339997	-0.393621
UUAGA	-0.23814	-0.00351029	-0.301058	0.103236	0.287662	0.283581
AACGA	-1.35025	-0.0337307	0.0410876	0.179756	0.418349	0.189701
CACGA	-0.956414	-0.131801	0.195321	0.518393	0.437706	-0.00625417
GACGA	0.0895039	0.15887	-0.0847328	-0.108401	0.156001	-0.132156
UACGA	-3.0395	1.42122	-0.478419	-0.330436	0.173712	-0.403798
ACCGA	0.327659	0.199913	-0.771052	0.0916501	-0.684348	0.170781
CCCGA	0.609025	-0.202792	-0.102246	-0.0181167	0.212352	0.254127
GCCGA	-1.62148	-0.827131	0.916168	0.966976	-0.424948	0.354638
UCCGA	-0.462391	-0.0306315	0.183904	0.0081659	0.355531	-0.127961
AGCGA	0.487649	0.16042	0.02295	-0.761747	0.388327	-0.0637868
CGCGA	0.897682	-0.576679	-0.161434	-0.0779598	0.0984684	0.00132194
GGCGA	0.149572	0.481992	-1.57916	-0.160868	0.182899	-0.0562779
UGCGA	1.3436	-0.735747	-0.0632333	-0.178695	-0.25777	-0.196328
AUCGA	-3.09551	0.121108	-0.799842	-4.5991e-05	-1.50347	-0.634173
CUCGA	2.57126	-0.62442	-0.547396	-0.704104	-0.464181	-0.147321
GUCGA	0.551069	-0.235537	-0.15087	0.0588635	-0.0295697	0.039163
UUCGA	-0.445666	-0.500296	0.679019	-0.671143	-0.345227	0.325266
AAGGA	-0.0331319	0.369924	-1.474	0.643324	-0.790762	0.885468
CAGGA	1.0812	-1.24383	-0.357552	-0.364717	0.691516	-0.146123
GAGGA	5.09305	1.20303	0.907002	0.0377104	-0.908201	-0.156747
UAGGA	0.663852	-0.087104	-0.695503	-0.481062	0.113191	0.290543
ACGGA	-1.14318	0.355683	0.175322	-1.09875	-0.776625	-0.0319549
CCGGA	-1.5835	-0.0767958	0.29763	0.110284	0.294469	0.671529
GCGGA	0.806303	-0.814464	-0.17895	0.448548	-0.00125863	0.00290418
UCGGA	1.04795	-0.658523	-0.385573	-0.0757479	-0.118198	-0.000273757
AGGGA	0.635021	1.27711	1.38179	-0.761582	-0.883236	0.0407432
CGGGA	4.35149	1.0053	-0.147855	0.258088	-0.177665	-0.0155597
GGGGA	2.68077	0.868735	-1.45581	0.820234	0.114363	0.2589
UGGGA	-0.327494	-0.437955	1.2893	0.982983	1.58017	0.874153
AUGGA	1.51606	-0.346097	1.23504	-0.521861	0.640443	0.494427
CUGGA	4.11749	1.25512	-0.3103	0.18395	0.0865767	-0.0228577
GUGGA	3.54923	0.919652	-0.143549	0.128854	0.410796	-0.11692
UUGGA	1.18256	-0.11918	1.17203	1.82019	-0.0907524	0.989782
AAUGA	-0.742155	-0.559295	-0.35191	0.948421	-0.436628	1.75255
CAUGA	1.31421	-0.699707	-0.474299	-0.399876	0.00798991	-0.0407374
GAUGA	-3.29758	-0.732574	-1.5516	0.322404	1.39814	0.0751963
UAUGA	0.321815	-1.10999	0.900648	-0.703211	0.241433	-0.255233
ACUGA	-2.3559	-0.589006	-0.404686	1.21573	0.957788	1.44249
CCUGA	0.107238	-0.0626133	0.599671	-0.191706	0.176384	-0.407585
GCUGA	3.7242	0.973551	-0.336686	-0.0517956	0.424921	0.0440897
UCUGA	0.86034	-1.35289	0.473453	-0.440243	-0.0854867	-0.0489459
AGUGA	-0.920808	0.191357	-0.891273	-0.298897	0.759202	0.470249
CGUGA	-0.0607019	0.746143	-1.16726	-1.19223	-1.52499	-0.378556
GGUGA	1.00997	0.353715	-0.288483	-0.252323	-0.495706	-0.360945
UGUGA	-0.385727	-0.219657	0.309309	0.420188	0.141809	-0.138877
AUUGA	2.10761	-0.814692	-0.547632	-0.593668	-0.265405	0.124611
CUUGA	-0.192245	0.16569	-0.680143	0.245235	1.47595	-0.1207
GUUGA	-0.575519	-0.128651	0.0590588	1.07367	-0.656478	0.0450931
UUUGA	-4.94393	-0.832842	0.097184	0.0149513	0.392198	1.71459
AAAUA	1.01174	-0.137231	-0.37669	1.72262	0.856012	3.28653
CAAUA	-1.50792	-0.144014	-0.772608	1.01858	-0.430225	0.356342
GAAUA	-2.09114	-0.198582	-0.549303	0.688121	0.0866173	1.46803
UAAUA	2.56715	0.38038	-0.316445	-1.71345	0.42287	-0.679687
ACAUA	1.25891	0.380431	-0.148225	-0.538022	-0.765066	0.266963
CCAUA	-0.446403	-1.09026	-0.351165	0.317108	0.584663	0.11748
GCAUA	1.24133	-0.564995	-0.0747919	-0.436784	-0.174678	-0.0182179
UCAUA	0.511401	0.432848	1.97649	1.55078	-1.23682	0.794414
AGAUA	-0.928229	0.568802	-0.398653	-0.945286	0.645909	0.256228
CGAUA	0.116994	-0.441177	0.155347	0.111967	0.15126	0.137641
GGAUA	-1.41865	-1.07104	-0.868382	1.37122	0.851958	0.0973612
UGAUA	0.194799	0.800864	-0.58547	-0.00943973	0.113201	0.183169
AUAUA	1.15297	-0.687652	-0.963583	-0.191107	0.360831	0.13543
CUAUA	2.22382	-0.791316	-0.660827	-0.281839	-0.332728	-0.296186
GUAUA	1.48596	-1.14096	-0.0716274	-0.366018	-0.356095	0.504662
UUAUA	0.429388	-0.464365	-0.418491	-0.585177	0.477222	-0.256686
AACUA	0.868215	-0.0580068	-0.753263	-0.554106	0.699379	1.84108
CACUA	-0.34724	-1.48674	0.478371	-0.334899	-0.547837	-0.608677
GACUA	-4.78166	-1.20374	-1.07393	1.20941	0.26318	0.0699197
UACUA	0.689947	0.441239	0.692437	0.101492	-0.70777	0.208184
ACCUA	0.318366	-0.509776	0.680241	-0.403617	-0.135528	-0.0796891
CCCUA	-1.66513	0.152178	-1.0676	1.20702	-0.257791	-0.0091206
GCCUA	0.17678	1.45358	-0.921354	1.18886	-1.02716	-0.17594
UCCUA	-3.30445	0.107486	-1.09537	0.388782	1.11115	-0.786049
AGCUA	-2.50627	-0.117125	0.121586	-1.17462	1.62627	0.56827
CGCUA	-1.40529	0.699983	-0.93683	-0.813131	0.294173	0.0955222
GGCUA	1.59871	-0.929471	-0.71699	0.0464282	0.0349663	-0.233719
UGCUA	-0.58317	-0.267101	-0.87855	0.882071	-1.37496	-0.0313972
AUCUA	-0.239892	-0.278703	-0.273172	-0.329012	1.52743	0.733581
CUCUA	-4.91727	-0.485169	-0.271257	0.654292	0.642845	-2.29832
GUCUA	1.48782	-0.967792	-0.513537	-0.367673	-0.101605	-0.0336757
UUCUA	0.0811172	-0.559038	0.888182	-0.298922	0.438557	0.557328
AAGUA	-0.162277	-0.279078	-0.309162	0.092123	0.131154	0.644753
CAGUA	1.48865	-0.679573	-0.500797	0.21627	-0.337786	-0.170368
GAGUA	1.38258	-0.78367	-0.102929	-0.222725	-0.230183	-0.0537461
UAGUA	3.86591	0.310741	-0.876267	-0.649503	0.634919	-0.195183
ACGUA	-3.40133	0.293867	-1.25868	-1.04261	-0.529621	0.342466
CCGUA	-1.70916	-0.211365	-0.214544	1.19416	-0.0854624	0.315985
GCGUA	2.01118	-0.685155	-0.382354	0.104915	0.307752	0.0764669
UCGUA	-0.154954	-0.069129	0.310731	0.0110636	-0.151902	-0.0229153
AGGUA	0.389863	0.889765	-0.251809	-1.11612	-1.31162	-0.263919
CGGUA	-0.269144	-0.0787991	0.213845	-0.0215056	0.152726	-0.0637253
GGGUA	-0.432946	-0.0204836	-0.0502242	0.449494	-0.0972974	0.0433109
UGGUA	-2.01103	0.492467	-0.24608	-0.681125	0.0488969	0.773925
AUGUA	2.13471	0.579688	-0.240181	-0.670032	-1.59411	-0.608029
CUGUA	-2.27077	0.0373432	-0.468619	-0.253229	0.256269	1.39987
GUGUA	-2.4499	-0.524478	1.63456	0.553233	-1.24966	-0.470571
UUGUA	1.09123	0.506009	-0.0205739	0.55758	0.832102	-1.3367
AAUUA	0.583599	-0.719299	-0.604706	-0.384519	1.56483	0.113696
CAUUA	0.200152	0.266843	-0.354046	-0.288977	-0.337526	0.76411
GAUUA	1.56427	-0.308414	-0.300131	0.958441	0.136429	0.373561
UAUUA	1.31897	0.745689	3.04634	-0.815973	0.177147	0.803575
ACUUA	-2.08634	-1.50684	0.626127	0.692043	0.504292	-0.0388762
CCUUA	-0.903369	-0.213135	-1.07382	0.471576	0.68667	0.53417
GCUUA	0.154584	0.0284157	1.56105	-0.140838	-0.626573	-0.3429
UCUUA	0.367905	0.455249	-0.115182	0.0386079	0.0320358	0.384243
AGUUA	2.039	-0.711138	-0.663899	0.180864	-0.139697	0.0409895
CGUUA	-1.52407	-0.436127	-0.172347	0.755536	0.617146	0.329214
GGUUA	1.59958	-1.05635	-0.211229	-0.423026	-0.192408	0.0267005
UGUUA	-2.34734	-0.560023	1.029	1.10487	-0.0422411	-0.242711
AUUUA	1.51243	-0.0304686	0.128425	1.22325	0.383557	-1.68294
CUUUA	0.723111	-0.164284	0.143662	-0.536524	-0.31849	0.0280332
GUUUA	-1.12507	0.247222	-1.04469	-0.391275	-0.599469	0.324628
UUUUA	0.248263	0.325944	-0.550411	0.474745	0.598819	0.567378
AAAAC	1.01717	0.483055	0.0840338	0.288555	-0.2171	-0.853255
CAAAC	-4.54742	1.18178	-0.161282	-0.378739	-2.51967	-1.04888
GAAAC	0.991466	0.0677074	-0.444173	0.439094	-0.195722	-0.0383178
UAAAC	-2.51621	-0.554418	0.426071	-0.602529	1.27881	-0.0879876
ACAAC	-4.58277	-0.628606	-2.10359	1.10174	0.0963414	-0.218519
CCAAC	3.23509	-0.251759	1.19504	-0.738782	-0.0186396	0.219025
GCAAC	-0.487422	-0.308527	-0.0218582	0.875683	-0.0929104	0.0185806
UCAAC	-1.16588	-0.196209	0.291551	0.478979	-0.0788412	0.822468
AGAAC	-2.87099	-0.0897297	-0.303796	-0.128176	0.679726	0.653153
CGAAC	1.18277	-0.34238	-0.296892	-0.126061	-0.49863	-0.0585341
GGAAC	-0.666558	-0.529356	-0.657152	1.51302	-0.266316	0.3872
UGAAC	1.72107	0.810594	-0.839306	0.0739495	0.676951	0.120558
AUAAC	0.818629	-0.328434	-0.380868	0.00424165	-0.167728	0.285145
CUAAC	-1.79709	-0.784805	0.888926	0.32712	-1.23635	-0.190843
GUAAC	0.254845	0.823234	-0.985726	-0.530506	0.265751	0.143376
UUAAC	-4.0724	-0.312788	1.12282	0.761497	0.120105	-0.835257
AACAC	-0.0343247	0.595452	-0.758243	-0.109191	-0.49147	-1.031
CACAC	1.04751	-0.493938	-0.68207	0.427145	-0.101971	-0.227697
GACAC	3.42	-0.903245	0.0399454	-0.121669	0.825737	-0.0371518
UACAC	-4.33701	-0.0276957	-2.98935	0.0216302	0.584959	-0.206891
ACCAC	0.886747	-0.286127	-0.0733525	0.563479	-0.502807	-0.00703874
CCCAC	2.60495	0.0649968	-0.0473574	-0.0268319	1.22128	0.0284582
GCCAC	-0.447212	-0.141964	-0.340324	-0.248729	0.662213	0.345803
UCCAC	1.45213	0.460399	-0.830844	-0.206254	-0.273969	-0.827496
AGCAC	1.07654	-1.10836	-0.366846	-0.140517	0.191768	-0.0409728
CGCAC	-2.50799	-0.174947	0.525498	0.16049	-1.02067	0.294068
GGCAC	3.72444	0.793001	-0.235478	0.804482	0.0623715	0.219807
UGCAC	-0.403974	-0.757893	-0.662919	-0.128599	1.43192	0.137597
AUCAC	-1.59096	0.259293	0.57506	-0.891876	-1.16535	-0.585921
CUCAC	-1.65568	0.0546293	-0.758933	-0.308186	-0.445018	1.43042
GUCAC	-1.10585	-0.870375	0.93639	0.797752	-0.204112	-0.158069
UUCAC	1.21068	-0.198617	0.0192484	-0.328659	-0.47051	-0.208761
AAGAC	3.22934	0.166574	-0.991985	-0.0986021	0.864305	-0.125015
CAGAC	0.860625	0.0526392	-1.87052	1.21267	0.787722	-0.145631
GAGAC	1.74217	-0.203227	-0.294303	-0.143592	-0.694795	-0.00476651
UAGAC	-4.24872	-0.977663	1.33902	-0.752599	0.560296	0.800466
ACGAC	-3.19935	0.0312823	-0.907469	0.301888	1.05616	0.990506
CCGAC	0.799245	-0.85664	0.547858	-0.111955	-0.093257	0.0743236
GCGAC	1.76653	-0.568034	-0.399865	-0.427693	-0.0880197	-0.0325707
UCGAC	-0.954972	-0.443219	-0.0467863	0.518667	-0.307216	-0.108802
AGGAC	0.104716	1.08395	0.0627137	0.709093	-1.97102	-0.236638
CGGAC	-0.434514	0.48217	0.0035378	-0.475164	0.0582254	0.0770815
GGGAC	2.69054	0.57752	0.414154	-0.74755	0.110874	0.178033
UGGAC	6.60917	0.47492	-0.71468	-0.527409	-0.248335	-0.156221
AUGAC	2.08226	1.87611	0.418246	0.952728	-0.117262	0.629167
CUGAC	-1.95043	0.724102	-1.27279	0.291543	-0.827753	-2.36222
GUGAC	-1.75367	0.067232	0.0115408	0.51421	-0.172224	0.0596171
UUGAC	0.526399	0.0403216	-0.313564	0.966139	0.302116	-0.165767
AAUAC	1.39351	0.581665	-0.383083	-0.178371	1.5061	0.10048
CAUAC	-2.28501	-0.611456	-0.0183788	1.64887	-0.711525	-0.349912
GAUAC	-0.554555	0.613575	-0.633196	0.278231	-1.58633	0.0564235
UAUAC	1.71094	0.601211	-0.556318	1.74074	-0.613853	-0.757512
ACUAC	1.12744	-0.312932	2.6422	-0.332588	-0.549411	-0.0775524
CCUAC	5.35281	0.463288	-0.825813	0.145602	-0.158497	-0.425819
GCUAC	-2.68385	-0.0147783	-0.280623	-0.351791	1.32377	1.0551
UCUAC	-0.307476	0.44228	0.585221	-0.438829	-1.04376	-0.74695
AGUAC	-1.25146	0.510393	0.347974	0.0928002	-1.15855	-0.256169
CGUAC	-2.10122	0.380895	0.146293	-0.343174	0.719314	0.426704
GGUAC	-2.4584	0.25651	-0.229743	-0.191756	0.413573	-0.667592
UGUAC	-1.22643	-0.0653457	0.258121	0.782907	-0.426455	-0.451657
AUUAC	-1.20114	-0.657813	1.22701	-0.306018	-0.431715	0.59088
CUUAC	0.569155	0.113476	-1.97621	-0.917552	1.07164	0.653414
GUUAC	-1.82561	0.0453357	-1.69456	0.381096	-0.620932	1.8864
UUUAC	-2.78689	0.0576234	-0.889772	-0.129182	0.0989616	-0.668283
AAACC	-1.45343	-0.0136614	-0.933349	0.277162	1.02485	0.204172
CAACC	-0.457054	0.305747	0.0419718	-0.36569	0.119235	0.523148
GAACC	0.448663	0.716046	-1.01157	-0.726074	0.810398	0.32574
UAACC	-0.0237684	0.298008	-0.780648	0.117926	-0.191819	0.0492619
ACACC	1.56937	0.917077	0.138169	-0.71764	-0.0554099	-0.276794
CCACC	4.02503	-1.03123	-1.10456	0.922105	2.13954	0.34568
GCACC	-1.25789	1.19897	-0.597143	-0.654223	-1.49267	1.24242
UCACC	-1.77718	0.353682	-1.06744	0.0671182	0.411614	-0.0152632
AGACC	-0.64645	0.302184	0.945772	-0.484418	-0.233925	1.61711
CGACC	-0.194506	0.409177	-1.15351	-0.416086	0.41855	0.110455
GGACC	-0.0226175	-0.122354	1.52805	0.20871	-1.01404	0.0147013
UGACC	-2.19419	-0.0735803	-1.43272	0.294392	1.05226	-0.366172
AUACC	-0.854342	-0.551639	-0.534896	0.400557	0.777859	0.159571
CUACC	1.28752	1.87811	-0.0364304	-0.327418	-0.339369	-1.29351
GUACC	0.217974	-0.0412213	-1.18646	-0.402476	-0.412542	-0.232036
UUACC	-3.15817	-0.192185	0.0404424	0.630378	0.260111	0.790549
AACCC	0.040513	-0.392665	2.4754	-0.0521069	0.72049	0.300929
CACCC	0.335724	-0.231512	-0.842988	0.83254	-0.975282	0.694177
GACCC	-0.039435	-0.109929	0.324746	0.35787	-0.551452	0.179951
UACCC	0.102897	-0.363859	-0.743361	0.896968	-0.0648165	-0.215422
ACCCC	-1.35262	-1.49628	0.37917	-0.0222495	-0.711181	0.229165
CCCCC	0.0486283	-0.378535	0.448047	1.32512	0.134987	0.589584
GCCCC	-0.346516	0.432425	-0.548234	-0.289162	0.868156	0.0808996
UCCCC	0.527055	1.98236	-0.820027	0.836378	-1.01818	-0.0467377
AGCCC	2.35719	1.09966	-1.34943	-0.0252912	0.726936	0.0649194
CGCCC	-0.138262	0.0867752	0.0804361	0.168484	0.0574056	0.237712
GGCCC	3.13393	1.28476	-0.0746216	-0.085337	0.358338	0.114507
UGCCC	0.971564	-0.415786	-0.934925	0.188283	0.288265	0.460648
AUCCC	0.0133568	0.305693	-0.0206096	0.576085	-0.788218	-0.464888
CUCCC	-1.83582	-0.098894	-0.17585	0.78221	-0.938088	0.541634
GUCCC	0.962646	-0.863951	-0.25496	-0.37528	0.390598	-0.0852192
UUCCC	0.308473	0.0643473	0.0336283	-1.22247	0.105145	0.698631
AAGCC	0.0855021	-0.0218062	0.938239	1.39554	-0.881362	-0.0869679
CAGCC	-0.385948	-0.167068	0.0322995	0.533603	0.209798	-0.0579089
GAGCC	0.7621	0.663227	-0.830484	-0.448238	0.441735	0.0468027
UAGCC	-1.89938	-0.10861	0.967728	0.851909	0.322994	-0.0125573
ACGCC	-1.37429	-0.520758	-1.06748	1.03632	0.698741	-0.0466948
CCGCC	-0.654359	-0.164236	-0.276506	0.400634	0.779956	0.273585
GCGCC	0.0763397	0.0161024	0.259757	0.336605	-0.132232	-0.0603279
UCGCC	2.98147	-0.19463	0.762133	-0.417791	0.52919	0.0651096
AGGCC	3.81442	-0.227046	0.452658	0.00547826	-0.0380864	0.0602542
CGGCC	1.30545	0.343869	0.105358	0.384256	-0.21462	0.0013717
GGGCC	2.56595	0.638721	-0.0960227	-0.268371	-0.769673	0.106706
UGGCC	-0.667975	-0.643903	0.280691	1.91523	0.868852	-0.418484
AUGCC	1.49756	-0.572321	-0.189168	-0.25189	-0.241038	0.0395064
CUGCC	-1.1663	0.385386	-0.317862	-0.67432	0.832279	0.41605
GUGCC	-0.356192	0.121721	-0.706216	0.922939	0.87918	0.433551
UUGCC	0.752065	0.109722	-0.294971	0.616198	-0.150855	-0.109686
AAUCC	0.487303	-0.26419	-0.184746	0.277604	-0.325145	-0.115653
CAUCC	1.63178	0.333705	-1.34076	-0.459637	0.420474	0.531433
GAUCC	1.38897	-0.751771	-0.35291	-0.147308	-0.152284	0.435098
UAUCC	-0.79788	0.595454	-1.81207	-0.394743	0.86624	-0.878654
ACUCC	-4.16816	-1.54546	0.404708	1.58616	-1.70405	-0.266374
CCUCC	1.0498	0.0620034	-0.863709	0.120047	0.241161	-0.351174
GCUCC	0.439419	0.0869211	0.668518	-0.167671	-0.351945	0.178181
UCUCC	-2.03948	-0.0224509	-0.458479	0.215514	1.31178	-1.02635
AGUCC	0.907249	-0.832021	0.566584	-0.623446	-0.283356	-0.0335957
CGUCC	1.18362	-0.783241	0.738702	-0.177729	-0.182458	0.026084
GGUCC	0.16334	0.37917	0.476781	-0.103259	-0.635294	-1.2251
UGUCC	-5.58427	0.254486	-0.480846	-1.98171	-0.929061	0.0643652
AUUCC	0.120299	-0.0547507	0.427909	-0.109999	-0.572096	0.054629
CUUCC	0.98986	0.726398	-0.52263	0.744283	-0.701824	0.586855
GUUCC	-1.04385	-1.05786	0.131984	0.61054	1.04492	-0.419734
UUUCC	1.10479	1.02075	-0.726112	1.60983	-1.51527	0.31688
AAAGC	0.729584	0.662259	0.667621	0.541248	-2.7847	-0.371686
CAAGC	-0.323108	-1.48216	0.16274	-0.208565	0.460119	0.733041
GAAGC	3.81015	0.210703	-0.427839	-0.591476	0.296585	-0.10884
UAAGC	-0.242467	-0.279854	0.315372	0.199363	-0.00263369	0.455072
ACAGC	2.42268	0.0928033	-0.809308	-1.40405	0.296261	-0.920535
CCAGC	0.236255	-0.0144587	0.301233	0.202342	-0.386335	-0.103281
GCAGC	9.26935	-0.354201	0.0428764	-0.251347	0.378303	0.233809
UCAGC	-1.62571	-0.745692	0.582578	-0.0224594	0.513354	0.58051
AGAGC	0.497425	1.04524	-0.0192734	0.449623	-0.53241	0.101044
CGAGC	-2.92079	0.0765522	0.714759	0.534114	-0.62654	-0.437339
GGAGC	5.30743	0.667126	-0.537765	0.195497	0.0119113	0.00601225
UGAGC	2.79103	0.501628	-0.122728	-0.860311	0.866462	0.114403
AUAGC	-0.650732	0.29308	-0.21821	0.246188	0.450445	-0.274588
CUAGC	-0.0207735	-0.453844	0.244924	0.394715	-0.281852	-0.155662
GUAGC	1.05896	-1.00186	-0.0381283	-0.307014	0.00836684	0.0923959
UUAGC	-0.0614365	-0.152039	1.49159	0.646731	-0.900338	-0.20677
AACGC	0.207099	0.337774	-0.450144	-0.353595	-0.305622	0.100723
CACGC	1.62856	-0.785553	0.00127063	-0.401539	-0.446477	-0.0281478
GACGC	-1.25802	-0.613073	0.71804	0.650681	0.300377	-0.108062
UACGC	1.66856	-0.784633	-0.218397	-0.249673	-0.327434	-0.0828855
ACCGC	-1.18598	-0.558898	0.657178	0.947392	0.157964	0.189443
CCCGC	-0.0841742	-0.511525	0.571682	-0.0676764	0.117599	0.0168011
GCCGC	3.55156	0.381878	-0.0508827	-0.624972	0.264302	-0.0381647
UCCGC	-0.855373	0.0638179	-1.03564	1.27723	-0.310404	0.314192
AGCGC	-0.484411	-0.375428	0.514067	0.556887	0.0880222	0.0170132
CGCGC	-2.1507	-0.155962	0.887925	-0.0597903	0.323009	0.144349
GGCGC	0.338401	-0.231763	-0.474888	0.417662	-0.0625974	0.160598
UGCGC	1.37117	-0.726621	-0.127937	-0.532835	0.0520875	-0.0472775
AUCGC	-0.240149	0.237756	-0.159091	-0.391444	0.300971	0.0375207
CUCGC	-2.16543	0.291367	-1.33298	-0.0209822	0.380872	0.0325271
GUCGC	-2.07112	-0.964904	1.38848	-0.149705	-0.36431	0.214651
UUCGC	-0.337465	-0.0935059	0.191565	-0.202934	0.399172	0.0349393
AAGGC	2.18909	1.38861	-0.668435	-0.807276	-1.5827	-0.58583
CAGGC	1.07143	-0.634231	-0.610924	0.126898	-0.0953344	-0.0165579
GAGGC	1.37315	0.398213	1.0398	-0.493837	0.20348	-0.235416
UAGGC	0.328574	-0.141267	0.0988668	-0.0821583	-0.222788	-0.114273
ACGGC	-1.01453	0.0408847	1.05716	0.417051	0.702532	1.00327
CCGGC	1.05627	-0.156018	-0.826031	1.1359	0.35687	0.0883541
GCGGC	5.74146	0.402289	-0.362093	-0.309915	-0.412191	0.111972
UCGGC	0.246352	-0.0246744	0.784572	-0.98347	-0.26872	-0.275977
AGGGC	-0.73961	-0.0670725	0.558906	-0.0317983	0.290345	0.438218
CGGGC	3.19417	0.0218488	-0.90726	0.233101	-0.0135624	-0.08258
GGGGC	12.4597	1.04308	0.186255	-0.049972	-0.0656482	0.0513312
UGGGC	3.26565	1.13435	-0.423523	-0.521998	0.137791	0.131553
AUGGC	9.72891	0.887016	0.415418	0.282358	0.22294	0.00270882
CUGGC	0.313757	0.0316765	0.391865	-0.122091	1.65527	-0.70201
GUGGC	2.40369	0.418434	1.11157	-0.567612	-0.187229	-0.0429715
UUGGC	0.530679	0.164279	-1.314	0.347165	0.111559	-0.273715
AAUGC	0.675283	-0.736638	0.609496	-0.120338	-0.897395	0.0547337
CAUGC	-1.68014	0.58642	-1.50422	-0.827739	-1.47993	0.3588
GAUGC	0.136118	-0.210413	0.450044	0.550649	0.960342	-0.159329
UAUGC	-0.410224	0.377444	0.418168	-0.367392	-0.938732	0.622233
ACUGC	0.718284	-0.705237	-0.15237	0.408078	0.0664407	-0.107859
CCUGC	3.4198	0.929696	-0.164286	-0.748225	-0.911925	-0.243811
GCUGC	0.120774	0.164916	1.02478	-0.754666	-1.54344	-0.357497
UCUGC	1.09178	0.0176764	-0.638235	0.286654	0.0307657	0.496635
AGUGC	-2.80787	-0.890944	1.67706	1.48914	-0.110616	1.32971
CGUGC	-0.207081	0.206869	0.714709	0.0302291	-0.667595	0.148262
GGUGC	-1.4715	-0.494313	-0.826983	0.598328	1.53101	0.290786
UGUGC	-3.39689	-0.148708	0.421221	-0.07759	1.9014	-1.05997
AUUGC	-0.00872419	0.176168	-0.206539	1.34308	0.663439	-0.0368594
CUUGC	0.48605	1.34971	0.0506282	-0.00918137	-1.13329	0.233958
GUUGC	0.141536	-0.93695	0.79638	-0.0915883	-0.203577	-0.044115
UUUGC	0.214944	0.0815182	-0.16825	-0.593673	1.52689	0.257973
AAAUC	-0.679853	0.288537	-0.150672	1.90126	-2.12061	0.796799
CAAUC	0.76128	-0.594948	-0.577683	0.13166	0.134763	0.0053859
GAAUC	0.201383	1.64575	-0.962519	-1.28007	1.15545	0.395928
UAAUC	-0.0535454	-0.30724	0.0136335	-0.917693	0.958238	0.0410959
ACAUC	3.66991	-0.598089	-0.168163	0.503046	-1.00798	0.156798
CCAUC	-1.28671	0.415627	0.280711	-0.966339	0.496331	-0.56855
GCAUC	1.67812	-0.727656	0.100337	-0.0856353	-0.249832	0.0130037
UCAUC	1.18476	1.07235	-0.512782	0.941863	1.05956	-0.561381
AGAUC	-0.536268	-0.791727	0.910815	-0.347543	-0.448495	0.532884
CGAUC	-2.27572	0.180397	-1.07947	0.47836	0.731555	-0.0825865
GGAUC	-0.813542	-0.558124	-0.322026	0.155813	0.983738	0.338297
UGAUC	1.38738	-0.0305017	0.0115583	-0.349052	-0.569432	0.0740572
AUAUC	-0.00659445	-0.403337	-0.519798	-1.38822	-0.167088	0.0249049
CUAUC	-2.46947	-0.816892	0.862216	0.0881566	0.199979	0.736153
GUAUC	-7.79703	-1.21648	-0.170923	0.130304	1.10629	1.52218
UUAUC	-0.0498393	-0.454271	-0.333557	1.23879	0.277773	-0.760582
AACUC	-0.0117481	-0.396151	2.10172	-1.54227	-0.273834	-0.0616296
CACUC	-0.421092	-0.0517974	-0.458793	0.200458	0.246955	0.492614
GACUC	1.08358	-0.0519769	-0.207171	0.736578	1.23861	-0.447115
UACUC	-1.44922	0.367811	-0.510221	-0.389587	-0.511865	0.386493
ACCUC	0.359735	-0.0333388	-0.0839014	0.34681	0.683602	-0.683355
CCCUC	-0.72675	-0.543292	2.17018	0.879366	0.267144	0.188237
GCCUC	0.417525	0.0710786	0.26745	0.0149962	-0.374622	-0.931237
UCCUC	-1.23386	0.114047	1.09527	-0.485393	0.332663	0.172868
AGCUC	1.41421	0.523087	-0.327662	-1.05405	0.023421	0.0727126
CGCUC	0.864473	-0.953196	-0.0299566	-0.0797446	-0.0535678	-0.0542966
GGCUC	1.04807	0.308605	0.0238166	1.09963	0.163554	0.268714
UGCUC	-0.3681	-0.511758	0.84506	0.00789648	-0.124807	0.136095
AUCUC	-0.525546	-0.147301	0.576372	-0.385161	0.458848	0.951324
CUCUC	0.808096	0.513163	-1.08744	-2.03849	0.0693696	-0.770541
GUCUC	0.518895	-0.0886235	-0.173197	-0.0475351	-0.49781	0.299152
UUCUC	2.00492	-0.654774	-0.651976	-0.394586	-0.330143	-1.2445
AAGUC	0.886202	-0.625802	0.387254	-0.435381	-0.553995	0.285635
CAGUC	-0.34624	-0.105212	0.507684	0.714421	-0.101075	-0.268924
GAGUC	0.589771	-1.37836	-0.12232	0.0188113	0.474358	0.380028
UAGUC	-3.16376	-0.726069	-0.0301891	0.671409	1.16397	0.195135
ACGUC	-1.34199	0.270898	0.505129	-0.00448654	0.0319249	0.102813
CCGUC	-3.98841	0.492716	-0.336125	-1.77204	-0.451656	-1.16578
GCGUC	-0.281276	-0.162869	0.0992172	0.154517	0.133701	0.250335
UCGUC	-4.13422	0.382493	-0.915581	-0.466257	0.420382	0.757847
AGGUC	0.410272	-0.38056	-1.27346	0.493047	0.0166389	0.00672462
CGGUC	-0.27071	0.101014	-0.0717979	-0.125442	-0.0838868	0.0121215
GGGUC	0.699103	0.437573	0.136262	-0.2028	-0.463071	-0.650135
UGGUC	-0.839917	-0.257126	0.928455	-0.0228519	0.113219	0.0120451
AUGUC	1.0077	-0.0751264	-0.500438	0.0496404	-0.402275	-0.128516
CUGUC	-1.89869	-0.015935	-0.878516	1.27564	-0.43782	0.773453
GUGUC	-0.0769677	-0.879301	0.247555	0.0524725	0.534914	-0.242697
UUGUC	0.448105	0.424875	-0.0785078	-0.961377	0.706674	0.470726
AAUUC	-0.347055	0.144219	-0.149521	1.20156	-2.00335	-1.21936
CAUUC	1.70006	-0.595769	2.11871	0.506617	-0.701316	1.43233
GAUUC	-0.0639088	-0.373918	0.840799	0.456593	0.96812	-0.529271
UAUUC	-1.20571	0.386368	-0.261543	-0.794144	0.710309	-0.340552
ACUUC	-0.513039	-0.0113348	-1.23227	0.117304	2.12581	1.01286
CCUUC	2.53511	1.15951	0.296559	0.968574	-0.231379	0.257029
GCUUC	3.51319	-0.455339	-0.46424	-0.186259	0.225612	0.0734188
UCUUC	-3.00366	0.0195141	0.0614393	-0.111675	-1.67846	-0.295441
AGUUC	0.465897	-0.284195	-0.395371	0.0656005	-0.032567	0.0141992
CGUUC	-4.53671	0.0174721	-0.912159	1.10984	0.271104	-0.327866
GGUUC	-2.86831	-0.362514	-1.04041	1.33348	0.72949	0.0760575
UGUUC	2.1384	0.807237	0.604279	-1.60084	-0.120583	-0.63615
AUUUC	1.74746	-0.0890162	-0.894562	0.29923	-0.978062	-0.284746
CUUUC	-1.32551	0.518857	0.419871	-0.900423	0.0495885	2.13146
GUUUC	-0.960004	-0.693794	1.28712	-0.877992	1.06585	-1.44862
UUUUC	-1.61505	-0.813467	0.150111	2.10897	-0.354305	-0.309838
AAAAG	-7.98616	-1.83131	-0.524067	-1.28742	0.83354	-1.20074
CAAAG	-2.96883	-0.615183	-0.0575134	0.609515	-0.41323	-0.549666
GAAAG	-2.31709	-0.189225	-0.171416	0.158143	0.624217	2.26495
UAAAG	1.31857	0.325333	1.15916	0.653218	-0.778588	-0.295468
ACAAG	-5.92442	-1.5245	0.54863	0.149882	-0.165564	2.09142
CCAAG	0.947914	0.559558	0.696622	-0.476535	-0.916429	1.60083
GCAAG	2.17184	1.13143	0.114348	-0.952155	0.369599	-0.502439
UCAAG	-4.54563	0.257781	-0.00460461	0.147348	-0.382835	-0.996901
AGAAG	-1.74904	0.292072	-0.344669	-0.995453	0.635258	-0.311058
CGAAG	-0.427665	-0.360614	-0.316012	-0.0594486	-0.844683	-0.331595
GGAAG	0.0406971	0.625456	-0.176557	-1.12155	0.081183	0.52088
UGAAG	-0.30882	0.394353	1.25812	0.219287	1.06325	-1.73711
AUAAG	-0.397126	-0.817129	0.621812	0.664	-0.289301	-0.0178946
CUAAG	1.07131	-0.153544	0.0607868	1.23282	1.03872	1.46096
GUAAG	0.0606715	0.101667	-0.294521	-0.537369	0.228011	0.2172
UUAAG	-1.13935	0.968402	-0.565943	-1.08397	-0.683272	0.244245
AACAG	0.0673346	0.222367	-0.378531	0.136802	-0.431971	0.260152
CACAG	-0.575319	-0.724478	0.257032	-0.42627	0.607051	0.803932
GACAG	3.07711	0.583729	1.30246	-1.76332	-0.245586	-1.32553
UACAG	0.661701	0.476428	-1.2362	-0.107346	-0.632279	-0.81974
ACCAG	-1.55582	0.100591	-0.0220946	-0.557529	0.916749	1.11439
CCCAG	0.299381	0.0689239	0.377074	0.301522	-0.328741	-0.659638
GCCAG	-0.927636	0.166178	0.444672	0.128682	-0.0357758	-0.950065
UCCAG	-2.19343	-0.40988	-0.578092	1.19556	0.150052	0.839257
AGCAG	1.78322	0.91587	0.782275	0.193132	-1.12061	-0.0571235
CGCAG	-3.23347	0.0214437	0.167308	1.02076	-0.410867	0.351442
GGCAG	4.52534	0.324936	-0.0029895	-0.434043	0.509857	0.277662
UGCAG	2.12088	0.346611	0.27821	1.25742	0.803431	0.29026
AUCAG	-0.53065	0.178224	1.71031	-0.827039	0.465609	0.433654
CUCAG	1.43448	2.25813	-0.208181	0.126241	-0.600088	0.803743
GUCAG	-5.13098	-0.22356	-1.03977	0.649979	-0.580097	0.809794
UUCAG	-4.65796	-0.111857	-0.244474	0.527866	-0.402443	1.93921
AAGAG	1.58215	0.163785	1.00296	0.547101	0.481285	0.74935
CAGAG	-0.119249	0.57127	-1.85525	-1.10771	-0.911952	1.04592
GAGAG	0.117187	-0.513627	1.42669	0.14205	-0.452986	0.356068
UAGAG	-0.680146	0.121676	-0.424771	0.678916	-0.234708	-0.671355
ACGAG	1.12407	-0.342233	-0.277783	-0.217927	-0.0882292	-0.132676
CCGAG	-0.895146	-0.445961	0.233612	1.20781	-0.0907145	0.394592
GCGAG	4.87386	-0.448253	-0.0719644	-0.199267	0.207678	-0.022046
UCGAG	0.224425	0.685942	0.361832	-0.555232	-0.357202	0.084352
AGGAG	-0.0138835	0.143691	0.497494	-0.154674	0.443756	-0.439728
CGGAG	-1.41382	0.399271	1.04704	-0.490522	-0.728944	-0.223311
GGGAG	8.85785	0.77791	-0.660401	-0.670489	-0.323692	0.10288
UGGAG	1.8137	1.18312	1.94077	-0.566521	-0.998815	0.154825
AUGAG	-0.303536	0.0334263	0.534413	0.869216	-0.607011	-0.316746
CUGAG	2.34623	1.28706	1.03768	0.963636	0.509282	0.209196
GUGAG	-0.46899	-0.255393	0.772233	0.487077	-0.00719895	0.465224
UUGAG	-0.870052	0.0374167	0.627639	0.0932548	0.587854	1.32767
AAUAG	1.0572	0.198594	-0.298228	-0.510085	-0.281007	0.658716
CAUAG	0.401197	-0.0360645	0.0132891	0.162217	-0.406422	-0.330789
GAUAG	-2.66865	-0.7884	-1.08921	0.830156	1.39479	-0.000855819
UAUAG	0.863443	0.337623	-0.979105	-0.354224	-0.115007	-0.0779222
ACUAG	-1.8175	0.193737	-0.626303	-0.643806	0.936969	0.188593
CCUAG	0.277009	-0.176426	-0.161957	0.72967	-0.550752	-0.111187
GCUAG	0.281357	0.266179	-0.350447	0.175473	-0.496606	-0.081223
UCUAG	-1.15688	0.180649	0.0840578	0.442854	0.852473	0.000153353
AGUAG	-1.42828	0.339271	-1.04364	-0.665756	-0.0940616	1.82522
CGUAG	-0.646994	-0.0918266	0.83012	-0.362792	-0.278501	-0.0117974
GGUAG	-4.88421	-1.13615	0.544664	-0.926952	0.0399525	-0.118363
UGUAG	-2.32806	-0.155411	0.40076	1.97869	-1.27248	-0.626306
AUUAG	-1.80569	0.000597146	-0.226419	0.289331	0.27625	1.38336
CUUAG	0.772782	0.0834251	2.03474	-0.249941	-0.0203401	-0.0696791
GUUAG	0.439311	-0.65222	0.496683	0.251443	-0.355006	-0.126469
UUUAG	1.88765	2.05541	-1.4986	-1.06846	-1.94758	0.262731
AAACG	-1.27196	-0.274343	0.168661	1.37189	0.85606	0.296255
CAACG	-0.69134	-0.383582	0.133562	-0.444179	-0.232877	0.87119
GAACG	-2.45423	-0.510073	-0.394801	-0.141611	1.47932	0.135812
UAACG	-0.852522	-0.579962	0.368897	-0.0167509	0.524021	0.16666
ACACG	-2.18834	-0.54634	0.91719	0.379104	0.193819	0.293758
CCACG	0.0355891	-0.552395	0.721776	0.103126	-0.126556	0.248248
GCACG	-3.51377	-0.079711	-0.191382	0.505744	0.926446	-0.169315
UCACG	0.149236	0.261345	0.306213	-0.49507	-0.467331	-0.184741
AGACG	-0.196237	-0.4216	-0.603041	0.982719	-0.131257	-0.243209
CGACG	-0.943523	-0.0870193	0.904631	0.0532223	0.0750998	0.173832
GGACG	1.87784	0.398103	0.235533	-0.529901	0.0356147	-0.0708463
UGACG	-5.64657	-0.501319	0.943301	0.785457	-0.0110591	0.366335
AUACG	-0.924276	0.23031	-1.0639	0.11807	-0.843534	-0.280778
CUACG	1.21344	-0.0693453	0.73921	-0.373401	0.430926	-0.0416159
GUACG	-3.76276	-0.0991114	-0.663462	0.624927	1.34841	0.211023
UUACG	-1.2059	0.397539	0.0351562	0.62196	-0.0869668	0.0582198
AACCG	-4.17119	-0.612176	-0.581845	1.49642	-0.148549	1.23629
CACCG	-0.41683	0.290661	0.378586	-0.587677	0.428001	0.22342
GACCG	1.75593	-0.553495	-0.387407	-0.0986246	-0.64674	-0.179559
UACCG	0.146428	0.21219	-0.951798	0.407362	0.39215	-0.0585061
ACCCG	-2.06154	-0.634699	1.41915	-0.0891471	-0.0722898	-1.06003
CCCCG	1.44987	-0.093132	-0.428186	0.30549	0.0556024	0.0902353
GCCCG	1.45591	-0.358652	-0.0752548	0.37044	0.169936	0.219922
UCCCG	0.122992	0.0750082	-1.81107	-0.364876	0.105318	0.0571317
AGCCG	0.887229	-0.166886	0.0106145	0.909808	-0.272705	-0.266127
CGCCG	-0.464852	0.519785	0.243994	0.631862	0.315839	0.210962
GGCCG	1.50394	1.48636	0.345626	0.296463	0.103593	-0.0121833
UGCCG	1.82679	-0.124559	0.834673	0.552424	0.647751	0.151345
AUCCG	-1.36359	-0.255182	-0.293336	0.317389	0.70069	0.649468
CUCCG	0.910234	0.212839	-0.335834	-0.20682	-0.0768309	-0.585417
GUCCG	-2.30226	-0.0566231	0.888164	-0.303183	1.07131	0.2947
UUCCG	-0.604874	0.685246	-0.299466	-0.461773	-0.425562	-0.431587
AAGCG	-0.0339263	0.451199	1.13222	0.0581716	-1.13999	1.03716
CAGCG	4.53407	-0.036856	-0.39852	-0.268493	0.390245	0.177489
GAGCG	0.751692	0.397257	0.177707	-0.75855	0.334812	0.000587905
UAGCG	-0.444237	0.142874	-0.111859	0.427523	0.0275578	-0.029233
ACGCG	-0.701322	0.359778	-0.535921	-0.341969	-1.02935	-0.0112978
CCGCG	0.0752791	-0.398405	0.303587	-0.178479	0.119705	0.0996949
GCGCG	0.782287	-0.505954	0.567293	-0.024951	-0.136093	0.0297367
UCGCG	-0.917412	0.0681836	-0.688004	-0.388578	0.111213	0.0461696
AGGCG	0.30476	-0.263136	-0.301707	0.0533425	0.00519381	-0.0380707
CGGCG	0.772452	0.414889	0.919411	-0.739566	0.0278867	0.0135032
GGGCG	-1.41442	0.297459	-1.75911	0.690496	0.206	0.0525381
UGGCG	-0.226731	0.120922	-0.317836	0.782214	0.881028	-0.147301
AUGCG	-0.0688903	-0.266241	0.775619	-0.240202	-0.56138	-0.0391064
CUGCG	1.81446	-0.203593	0.628939	-0.394995	0.273668	0.0946004
GUGCG	-0.127137	0.197545	-0.618285	-0.998198	0.69672	-0.0422129
UUGCG	1.08733	0.0921453	-1.24481	0.0464924	-0.287115	-0.0641264
AAUCG	-1.47965	0.186808	0.675244	-0.458434	0.0811714	0.559329
CAUCG	-4.59745	0.13096	0.484643	0.155174	-1.1891	-0.3426
GAUCG	-2.09052	1.00367	0.892156	-0.152199	-0.648137	-0.787592
UAUCG	1.00735	-0.61397	0.00209605	-0.44844	-0.157758	-0.14428
ACUCG	-3.37859	-0.160726	1.09905	0.499134	-0.283761	0.433146
CCUCG	2.33739	0.575979	0.200637	-0.0713759	-0.302209	-0.138244
GCUCG	-2.48654	0.25279	-0.275873	-1.12978	0.428651	0.175243
UCUCG	0.752264	1.71263	-0.923004	-1.39512	-0.871037	-0.131329
AGUCG	-4.35046	-0.603066	-0.144822	1.7513	0.176753	-0.271941
CGUCG	-1.19236	-0.467556	0.115816	0.1182	0.359965	0.361033
GGUCG	-5.47496	-0.162086	-1.21608	0.166614	1.11272	0.00979726
UGUCG	-2.26848	-0.674199	0.609684	0.539832	-0.315352	0.1326
AUUCG	-1.94916	0.28429	1.21446	-0.44945	0.255386	-0.00863267
CUUCG	-4.17808	0.136341	-0.127457	-1.46355	0.865809	0.642194
GUUCG	-0.037552	0.141492	-0.111096	-0.150603	0.311679	0.0888758
UUUCG	-2.31523	0.453574	1.89635	-0.0301261	-0.679415	-0.0597258
AAAGG	0.771444	0.197136	0.0691913	0.692687	-0.480169	0.573017
CAAGG	1.21044	-0.602843	0.497686	-0.328564	0.0989986	0.0251331
GAAGG	2.86663	0.725099	-1.30467	-0.143779	-1.32694	0.317919
UAAGG	-0.185429	0.151424	0.0332502	0.42277	0.762823	-0.0145066
ACAGG	-2.07492	-0.396219	0.070792	0.234605	0.760206	-0.427924
CCAGG	0.518502	-0.0440715	-0.975128	0.365093	-0.167042	0.0752285
GCAGG	3.71639	-0.0679983	1.70426	-0.532622	-0.0117601	-0.218938
UCAGG	1.23049	-0.441307	-0.173	-0.914003	-0.367281	0.825911
AGAGG	-2.20682	0.255688	-1.73327	-0.151347	-0.411901	0.111346
CGAGG	0.178996	0.241	0.234988	0.546302	0.222013	0.40779
GGAGG	4.6762	1.42451	1.00133	-1.60118	-0.214399	-0.333645
UGAGG	0.891795	0.0588007	0.176235	-0.541448	-0.0783384	-0.265551
AUAGG	-2.84097	-0.546586	1.19795	0.592597	-0.414915	1.0245
CUAGG	1.4284	-1.0112	-0.387853	-0.76501	0.145464	0.11007
GUAGG	1.17295	-0.494384	-0.351418	-0.179484	-0.330454	-0.00383514
UUAGG	0.384747	0.557236	-0.663613	-0.268414	-0.681294	0.221674
AACGG	-0.199554	-0.637671	0.887352	-0.646737	-0.14474	0.0384447
CACGG	0.712482	0.232531	0.0571789	0.403822	-0.0193038	-0.22758
GACGG	-0.208642	0.373254	-0.138327	-0.7747	-0.156839	0.0839315
UACGG	-3.09199	0.122777	-0.99892	0.328632	1.16181	-0.497108
ACCGG	1.09586	-0.72362	0.183569	-0.179905	0.343662	-0.08876
CCCGG	-1.08187	-0.036374	-0.132598	0.912441	0.110896	0.223148
GCCGG	4.77567	0.485391	0.435586	0.38161	-0.0520191	0.0554775
UCCGG	-3.12168	0.513522	-1.144	-0.0737982	0.500054	0.535539
AGCGG	1.21512	0.36881	-0.575144	-0.16097	-0.754428	0.102475
CGCGG	-2.79013	0.25129	-0.254488	0.237955	-0.903941	0.0562762
GGCGG	0.618207	-0.569024	0.0316713	-0.0494246	-0.107388	-0.0518985
UGCGG	-3.65416	-0.12432	1.10255	-0.38482	0.649804	1.29483
AUCGG	-2.34793	-0.343826	0.57905	0.898847	0.416748	0.0315503
CUCGG	0.853032	0.257401	0.106738	0.149396	-0.21067	-0.137685
GUCGG	2.39547	0.191334	-0.411604	0.38915	-0.134872	-0.0366758
UUCGG	1.07171	0.280281	-0.503465	-0.928637	-0.598229	-0.375021
AAGGG	0.23818	-0.19768	-0.297189	0.210149	0.231152	-0.0699604
CAGGG	1.27237	0.214122	0.997111	-0.510544	-0.838625	1.01166
GAGGG	1.51031	-0.0581236	-0.28911	-0.269721	0.591414	-0.105631
UAGGG	0.581777	0.0344705	0.302034	0.122015	-0.681173	-0.248348
ACGGG	1.4043	0.174124	-0.236207	-0.514416	0.226338	-0.0476091
CCGGG	5.32055	0.567523	0.481622	0.0589596	0.157587	-0.0319784
GCGGG	3.61873	1.17837	-0.108953	0.349935	0.147685	0.00359667
UCGGG	1.22848	1.01728	-0.258687	0.165863	-0.900487	-0.14322
AGGGG	-1.01213	0.293902	0.100784	-0.634509	-0.11727	0.84795
CGGGG	2.64625	1.28265	0.573225	0.202421	0.0966104	0.0607639
GGGGG	0.782566	0.0685067	0.224026	1.76041	0.249481	0.0100375
UGGGG	2.91553	1.31987	-0.714454	0.379851	0.0575714	0.0422041
AUGGG	1.41603	-0.836418	0.991538	0.522868	-0.17852	-0.604965
CUGGG	0.54587	-0.405602	-0.0801408	-0.0785147	0.0491674	-0.076001
GUGGG	2.36385	1.78436	-0.457283	0.251304	-0.0747837	0.0903607
UUGGG	-0.403227	0.0388624	-1.36604	0.715684	-0.475004	0.796123
AAUGG	-2.53873	0.593366	-0.128257	0.827621	-1.39095	-2.21797
CAUGG	3.43472	-0.105454	-0.201213	0.739012	-0.0818392	-0.272139
GAUGG	5.48163	-0.494482	0.71387	-0.0648103	0.0428546	0.170662
UAUGG	1.65201	0.580009	-1.4634	-0.771031	1.70661	0.547047
ACUGG	-1.93223	0.526959	-0.236468	-0.822419	-0.670655	0.467097
CCUGG	-0.469825	0.255189	-0.484741	-0.568316	0.578964	-1.05605
GCUGG	-0.415028	0.107897	0.283331	0.0643417	0.332433	0.212893
UCUGG	0.647833	0.201341	-0.747704	1.15022	0.71253	0.743645
AGUGG	-0.771641	-0.0896603	0.292193	1.08151	0.662359	0.557016
CGUGG	3.51205	0.122127	-0.126982	-0.626808	-0.0234638	-0.0571701
GGUGG	7.73075	1.32194	-0.312005	0.288692	0.17625	0.0239797
UGUGG	-0.249366	-0.767602	2.64245	0.708708	0.941781	-0.417902
AUUGG	0.782775	-0.514426	0.368151	-0.00589502	-0.758683	0.305745
CUUGG	0.436275	0.279057	-1.38796	0.118489	0.54864	0.756464
GUUGG	-0.241705	-0.173584	-0.0987002	0.452868	1.08543	0.415573
UUUGG	-2.38944	-1.06128	0.893209	-0.670286	0.557956	-0.263752
AAAUG	0.585681	1.33193	0.37833	0.684059	-0.687181	-0.691965
CAAUG	-4.27688	0.00620096	0.0376502	0.146536	0.188658	0.0650794
GAAUG	0.872666	-0.390595	0.707796	-0.681565	-0.291317	-0.264589
UAAUG	2.52957	0.257021	0.391793	-0.844261	-0.775707	0.718889
ACAUG	-1.72949	0.266064	0.111256	0.548981	-0.151614	-0.64136
CCAUG	-0.460444	0.39275	-0.337533	1.48194	-0.885788	0.117685
GCAUG	1.3406	0.356033	0.940811	-1.36807	0.102382	-0.195961
UCAUG	0.737193	1.34528	-1.95296	-0.279779	-1.10994	-0.214585
AGAUG	-1.79884	-0.13957	1.48562	0.865034	-0.30753	-0.786022
CGAUG	-3.00745	-0.335358	0.389903	0.320485	2.13651	0.927833
GGAUG	1.4589	0.791307	0.0989498	-0.543211	-1.53287	0.0276568
UGAUG	-0.593428	0.503168	-0.26758	1.37319	1.10271	0.652273
AUAUG	-4.85751	-1.16511	-0.135847	-0.613021	1.53524	1.85501
CUAUG	0.349278	0.12961	0.474694	-0.493125	0.56942	-0.249666
GUAUG	-0.451988	-0.43811	0.2839	1.03748	1.2611	0.00440008
UUAUG	2.12231	1.20525	0.778274	-0.351899	-0.202139	0.940392
AACUG	-2.69901	-0.839736	-1.2989	0.98337	1.06606	1.31435
CACUG	-2.34596	-0.0385059	1.3866	-1.64264	-0.177355	2.1056
GACUG	-0.761105	-0.381062	1.50636	0.888695	-0.346076	-0.434255
UACUG	-0.739895	-0.183459	-0.0985107	0.586531	0.94401	-0.883622
ACCUG	-1.3255	-0.13621	-0.0573853	0.946739	-0.351264	-0.0144468
CCCUG	0.625919	0.293219	1.23756	-0.483995	-0.419518	-0.15228
GCCUG	-1.52911	0.0518637	-0.0545731	0.558397	0.01847	0.510934
UCCUG	-0.134144	0.216476	0.211508	0.404139	-1.14426	-1.15164
AGCUG	2.73924	1.10445	-0.86332	0.437258	-0.0692362	-0.0113419
CGCUG	-0.954246	0.107591	0.613457	1.26387	-0.612965	0.277976
GGCUG	4.19076	-0.709512	0.565463	-0.0170757	-0.0988738	0.0281771
UGCUG	3.4647	-0.271784	-0.126119	-0.27526	-0.211772	0.056328
AUCUG	-4.70175	-1.55527	1.11847	-0.821285	-0.116184	0.0427937
CUCUG	0.233808	-0.0502327	0.0224401	-0.817765	0.392365	0.310229
GUCUG	0.376385	0.248715	0.30456	0.640416	-0.352055	-0.711786
UUCUG	-0.474786	-0.24198	0.533886	1.05951	0.264521	0.0248416
AAGUG	0.800123	-0.694312	0.0728504	-0.0436587	-0.328094	0.0304317
CAGUG	1.30543	-0.715046	-0.131416	-0.534758	0.0858847	0.0670376
GAGUG	-1.14311	-0.285071	1.05769	0.328786	-0.0956418	0.983603
UAGUG	1.06068	-0.323942	-0.515921	-0.0814524	-0.102589	0.0353679
ACGUG	-1.07823	0.288531	0.515803	0.171575	-0.943381	-0.196241
CCGUG	4.29152	-0.3243	0.132318	-0.283603	-0.273866	-0.123298
GCGUG	-0.219977	0.572076	0.438322	-0.364938	0.0951787	0.151437
UCGUG	1.49532	-0.107769	-0.586118	-0.200387	-0.27734	-0.00921254
AGGUG	-2.4111	-0.128895	-0.685459	-1.03683	1.72556	0.405215
CGGUG	0.527641	-0.485338	0.567559	-0.165867	-0.119251	0.00442319
GGGUG	0.590948	0.264487	0.269489	-0.605554	0.24767	0.164208
UGGUG	1.23935	0.976596	0.0687316	-0.13353	0.583349	0.169286
AUGUG	1.07656	-0.186431	0.297952	-0.624423	0.011141	-0.495237
CUGUG	-0.371357	0.220438	-0.690547	1.38289	0.734326	0.248964
GUGUG	1.28888	-0.899857	-0.48278	-0.0398607	-0.189294	-0.160294
UUGUG	0.634559	0.584377	-0.460654	-0.820816	-0.733083	-0.40047
AAUUG	-1.2154	0.289081	0.233403	-1.10418	-1.22941	0.989167
CAUUG	-2.4321	-0.304885	-0.173976	-0.568934	1.10605	1.19803
GAUUG	1.22365	0.808045	-0.704768	0.527484	0.144971	-0.698522
UAUUG	0.343064	0.790689	1.46566	-1.39141	-0.559715	-0.504949
ACUUG	1.0964	0.0628631	0.0875148	-0.2141	-0.504173	-0.161623
CCUUG	0.990012	0.020901	1.76334	0.576618	0.0117966	0.5311
GCUUG	-0.913122	-0.578898	-0.247601	0.771782	0.564147	0.14306
UCUUG	-0.540275	-0.411306	-0.405509	0.843882	1.53087	0.376722
AGUUG	-2.48126	-0.32366	0.726918	-0.839605	1.44019	0.0613156
CGUUG	-1.41066	0.442034	0.991332	-0.345343	-0.0762192	0.00680592
GGUUG	-1.59706	-0.586041	0.253722	0.647999	-0.136262	0.899323
UGUUG	-1.74839	0.331718	-0.647303	-0.0374896	-1.18406	0.209262
AUUUG	2.19867	0.611352	-0.359132	-0.641775	-0.25302	0.330232
CUUUG	-1.03978	0.302841	2.45927	-0.166841	-0.814237	-0.966051
GUUUG	0.0687377	-0.145871	-0.609885	0.558943	1.77112	0.327954
UUUUG	-2.81549	-0.211363	0.0375975	0.460748	0.489891	0.709963
AAAAU	1.77942	-0.516912	-0.577687	-0.276414	-0.281119	-0.472217
CAAAU	4.40902	0.0363991	-0.108538	-0.0937098	-0.564746	1.76533
GAAAU	0.432612	1.14915	0.380537	-0.884932	0.163741	0.948819
UAAAU	0.584406	-0.245258	0.196123	-0.0775965	-0.522065	0.391379
ACAAU	-2.56123	-0.35523	-0.498446	0.533995	-0.578648	-1.00477
CCAAU	-7.65989	-0.394918	-0.411035	-1.56217	0.817357	-2.10612
GCAAU	0.65048	0.437934	1.05476	0.132687	-0.596139	-0.284944
UCAAU	-2.94522	-1.35246	-0.0278598	0.5348	1.5635	0.232133
AGAAU	1.33765	2.31248	-1.1569	-0.836339	-0.0698657	-0.144088
CGAAU	-0.167434	-0.531291	0.562428	0.485441	0.0804786	-0.225137
GGAAU	-0.955443	-0.0516278	0.215887	-0.82951	0.49154	0.674976
UGAAU	-3.18911	-0.176747	0.00114456	1.20989	0.0079986	-1.13234
AUAAU	0.0270065	-0.702954	0.336796	-0.00798719	0.570062	-0.101043
CUAAU	-0.70168	0.940138	0.238475	-0.832489	0.354435	-1.36848
GUAAU	1.23334	-1.02827	-0.393525	-0.740415	-0.228014	0.684651
UUAAU	-2.31074	0.0489964	-0.0301973	0.377081	-0.0530407	0.466187
AACAU	0.09244	1.64414	-1.62498	-0.872208	-0.342315	0.395695
CACAU	-0.828712	-0.617006	0.373803	1.59889	-0.954907	0.122658
GACAU	1.52493	1.00196	0.530326	-0.0978074	-0.828715	-0.328427
UACAU	-2.19725	-1.57201	0.782403	0.355751	-1.99536	0.620079
ACCAU	0.0884917	0.0874161	0.0859354	0.186426	0.140615	0.380458
CCCAU	-0.565721	0.172375	0.116423	0.735754	0.0256912	-0.525907
GCCAU	-0.841042	-0.150685	0.213647	0.812919	0.872288	0.216055
UCCAU	-1.5932	-0.292992	0.998908	-0.892791	-0.135277	-0.740305
AGCAU	0.320096	0.205074	0.529424	-0.0858293	-0.875041	-0.0491391
CGCAU	1.38476	-0.652066	-0.479793	-0.217143	-0.309799	-0.0289954
GGCAU	-1.2636	-0.0671497	0.615175	-0.471166	1.18273	0.283703
UGCAU	2.11537	0.757614	-2.24761	-1.0971	0.841451	-0.482643
AUCAU	0.61039	0.544852	0.738344	1.21577	0.81188	0.464848
CUCAU	-0.781152	-0.312301	0.352628	0.252126	0.957206	-0.367117
GUCAU	-4.76437	-1.25492	-0.7982	1.77812	0.779582	0.611124
UUCAU	-3.35394	-0.228462	0.298858	0.420135	-1.18014	1.63356
AAGAU	0.345791	-0.644074	0.466632	-0.322497	-0.163328	0.13976
CAGAU	1.93954	-0.968744	-0.435919	-0.308122	-0.386496	-0.0942938
GAGAU	0.308422	-0.0277012	-0.508974	0.37407	-0.0462038	0.542163
UAGAU	1.54532	0.395459	-0.316245	-1.48151	-1.54812	-0.570758
ACGAU	-3.69603	-0.612195	-1.14271	1.36573	-0.326191	0.109659
CCGAU	0.762138	-0.535807	-0.363443	0.132763	0.0701468	0.00921434
GCGAU	0.117506	0.29056	-0.485573	-0.518494	0.275744	-0.0341475
UCGAU	-1.64001	-0.790075	1.34357	-0.253327	0.265382	0.0594687
AGGAU	-1.45699	0.242974	2.67029	-0.850452	-0.200062	0.276596
CGGAU	-1.08116	0.254422	-0.121494	0.616269	-0.341964	-0.0177932
GGGAU	0.813485	-0.284114	-0.590628	-0.538087	0.739823	0.17756
UGGAU	0.774471	-0.350205	1.51803	1.08558	-0.206748	0.627989
AUGAU	1.3389	-0.864142	-0.769511	-0.331113	0.259514	0.175022
CUGAU	-1.35286	-0.912016	1.03726	-0.437954	-0.131579	-0.191137
GUGAU	-2.05638	-0.337041	0.255077	0.216042	1.19469	0.0325112
UUGAU	1.25527	-0.2644	0.0639041	-0.708001	-0.315743	-0.218914
AAUAU	0.129416	0.169273	-0.146611	-0.0120137	-0.00158397	0.552027
CAUAU	-2.90919	0.0178769	-0.104317	-1.2395	2.4529	-0.766854
GAUAU	0.121696	0.968398	-1.56301	-0.725814	-1.75095	-0.144777
UAUAU	-0.428541	-0.262864	-0.566276	-0.802932	1.21238	-0.0638741
ACUAU	-0.212735	-0.337186	1.04226	0.516789	-0.154884	0.599935
CCUAU	-2.79574	0.414168	-0.442305	-1.41869	-1.21441	-0.162709
GCUAU	0.905077	0.716698	-0.966594	-0.469299	-0.738554	-0.643049
UCUAU	-1.80702	-0.664501	1.1438	1.96752	-0.0230829	0.781713
AGUAU	-1.00416	-0.264484	-0.0148508	0.746033	0.965481	-0.703732
CGUAU	0.54217	-0.608287	0.585976	0.181875	-0.770485	0.0526182
GGUAU	-5.66598	-1.1897	1.00922	1.03092	0.21471	1.28263
UGUAU	0.840188	0.129715	-0.264368	0.552368	0.401481	-0.780682
AUUAU	-0.892745	-0.763532	0.639134	1.04167	0.440978	1.93137
CUUAU	1.50064	-0.521993	0.242786	1.84104	0.445266	-0.698524
GUUAU	-1.89229	-0.264849	0.22711	1.34245	0.16121	0.533666
UUUAU	0.613295	0.28234	0.203826	-0.827824	-0.338213	-0.0029015
AAACU	-0.717011	-0.0785621	0.114673	0.116136	0.0932348	0.645195
CAACU	-1.81025	0.195	0.0973925	0.376566	1.0287	0.417031
GAACU	-2.85195	-0.15991	0.167773	-0.118653	0.505536	1.13075
UAACU	2.06872	-0.642957	-0.932268	-0.00800288	-0.516913	-0.217888
ACACU	-1.74465	0.631885	-0.340742	0.816374	-1.20533	-1.02799
CCACU	0.264736	0.56219	0.241201	-0.543582	0.662916	-0.711936
GCACU	1.46622	-1.20596	-0.433554	-0.247104	-0.108658	-0.00425456
UCACU	-2.19405	-0.813122	0.260372	-0.499019	1.06562	0.343018
AGACU	-1.18878	0.216418	0.443019	-0.184839	-0.0363967	0.117933
CGACU	-0.734952	0.497423	-0.461749	-0.27772	0.757185	-0.0265046
GGACU	1.80317	-1.40383	-0.294028	0.0921191	-0.162017	0.0380088
UGACU	1.06922	-0.348444	-0.309163	0.482004	0.227003	-0.213648
AUACU	-2.92746	0.00476537	0.150911	0.740353	-1.58012	1.39358
CUACU	1.00186	0.729932	-0.314794	1.7967	-0.124194	-0.727532
GUACU	1.22816	-0.426335	-0.375639	0.224023	-0.650567	-0.143602
UUACU	-1.7227	-0.994676	0.675516	1.9677	-0.416722	1.67092
AACCU	0.182901	-0.0232657	-0.343349	1.23789	-0.571555	0.381544
CACCU	1.28291	0.559869	1.15107	-0.565214	0.224737	-1.11455
GACCU	1.53841	-0.0858483	0.00122297	1.759	-1.0134	-0.385954
UACCU	-0.82657	0.220306	-0.278135	-1.09205	-0.723524	-0.336014
ACCCU	-0.492776	-0.517869	0.00721926	1.19811	-0.258106	0.342226
CCCCU	0.507107	-0.656705	0.622623	-0.885699	-0.174861	0.0839059
GCCCU	2.10205	0.249548	0.472969	-0.911007	0.307156	-0.150277
UCCCU	1.79962	-0.959062	-0.597721	-0.180735	-0.276011	-0.0484056
AGCCU	1.43647	-0.307779	-0.629514	-0.057482	-0.415815	0.0120921
CGCCU	-0.0417896	0.127453	0.758388	-0.772755	-0.519329	-0.308466
GGCCU	-0.848363	-0.284795	0.858617	1.06839	-0.599639	-0.313568
UGCCU	0.848064	-0.295723	-0.579834	-0.0945907	-0.185006	-0.0532294
AUCCU	2.18261	-0.269446	-0.642858	-0.114668	0.970344	0.034449
CUCCU	0.457742	-0.454007	0.0520166	-0.10558	0.380749	-0.237297
GUCCU	-0.433103	-1.09122	1.06478	-0.351796	-1.18015	-0.00620064
UUCCU	2.00007	-0.438068	1.04193	0.784137	-1.41507	-0.22367
AAGCU	0.40001	0.18153	0.921126	-0.775454	-0.882154	0.0339924
CAGCU	1.01307	-0.331536	-0.447915	0.0828368	0.168912	-0.25841
GAGCU	6.18041	0.376777	0.787887	-0.300472	-0.281395	-0.0747825
UAGCU	0.75193	0.064622	-0.624045	-0.761335	-0.321435	0.541638
ACGCU	-0.75531	0.00428771	0.511303	0.972539	-0.610752	0.196221
CCGCU	2.10487	-0.925185	-0.258965	0.155453	-0.123945	0.0320868
GCGCU	-0.951107	0.121428	-0.276675	-1.09252	1.17632	-0.19951
UCGCU	0.385846	-0.365666	-0.656773	0.28552	0.106314	0.16839
AGGCU	-2.28965	-0.26744	-0.440807	0.987193	0.575121	-0.315516
CGGCU	-3.30948	0.435035	-1.93888	-1.15598	-1.03087	0.534696
GGGCU	5.09527	1.17041	0.49692	0.282927	0.295886	-0.0638956
UGGCU	-1.33162	-0.109729	-0.307996	-0.131513	1.27401	0.277922
AUGCU	-1.84159	-0.283321	-0.057008	1.01976	-1.21563	-0.398667
CUGCU	0.54697	0.118549	-0.197069	0.754266	-1.18335	-0.194039
GUGCU	0.398036	0.53061	0.572562	-0.260631	-0.0399914	-0.0309868
UUGCU	1.30059	-0.455303	-0.634429	-0.456791	-0.0514094	0.128672
AAUCU	-1.47236	-0.566345	-0.565639	1.15943	0.596631	0.165884
CAUCU	1.96638	0.880058	-0.159525	-0.0434793	-0.321909	-0.216218
GAUCU	-0.986787	0.260842	-0.421642	-0.257496	-0.143394	1.04646
UAUCU	1.24495	-0.402643	0.248882	0.17606	1.28261	0.280003
ACUCU	-0.0198267	-0.707633	-0.816665	-0.706468	1.28575	0.0425527
CCUCU	1.41402	-0.108282	-0.249408	-0.900839	0.297507	-0.463104
GCUCU	0.471837	0.494956	0.664732	-0.969133	-0.257856	-0.8516
UCUCU	0.833068	1.23046	0.701777	-1.42686	-1.35531	0.0242802
AGUCU	-0.905197	0.182348	-0.684908	-0.461467	-0.665618	1.48236
CGUCU	0.989735	-0.443214	-0.0995818	-0.254547	-0.146923	-0.00351945
GGUCU	0.334749	-0.17126	0.439495	-0.352415	-0.178274	-0.121646
UGUCU	1.38913	-0.0344468	-0.671068	0.0468085	0.375196	-0.274182
AUUCU	-0.690283	0.293893	-1.05239	-0.382299	-0.0935818	0.182029
CUUCU	2.68856	1.13249	-0.51711	0.487612	-0.0539318	0.287982
GUUCU	0.528867	-0.423968	-0.0317134	0.0602175	-0.0936912	0.0247458
UUUCU	1.10744	0.922933	0.222611	0.215118	1.44892	-2.0647
AAAGU	0.78331	0.546989	-0.0953948	0.114716	-0.802028	1.24159
CAAGU	-0.408584	0.330004	-1.00567	-1.47901	0.0292775	0.559666
GAAGU	-0.761533	0.0750098	-1.04196	0.867851	-1.40059	-0.727472
UAAGU	1.01983	-0.774333	0.288849	-0.243484	-0.22267	-0.179328
ACAGU	0.258289	0.114251	1.792	-0.352495	-0.704759	-0.14998
CCAGU	-0.637727	-0.291598	0.32091	-0.706964	1.08484	0.112701
GCAGU	-1.30145	-0.311385	-1.05731	1.95131	-0.782162	-0.06707
UCAGU	1.5213	-0.675674	-0.921336	0.375199	-0.37625	-0.0679366
AGAGU	-0.458434	0.532992	0.374545	-1.10849	0.562743	0.604307
CGAGU	-1.5982	0.260673	-0.0430483	0.228556	-0.0668814	-0.0816202
GGAGU	-1.17035	0.392247	0.163607	-2.39308	-0.00780399	0.634197
UGAGU	-0.0258182	0.0304499	1.0323	0.282374	-0.193344	0.226354
AUAGU	1.33609	-0.68351	-0.562524	-0.304816	0.191249	-0.0659061
CUAGU	0.181811	-0.0179552	-0.777628	0.537267	0.0996494	0.0488541
GUAGU	-3.61448	0.158572	-0.793914	-1.04097	0.810112	0.577333
UUAGU	-2.03818	0.302898	-0.376756	0.571633	-2.23702	0.536955
AACGU	0.907849	-0.455973	0.145645	-0.0821453	-0.549268	-0.0568612
CACGU	-0.763513	-0.0376756	0.137385	-1.08992	-0.361388	0.141481
GACGU	0.241393	-0.115496	-0.0482897	0.130646	-0.249808	-0.053088
UACGU	0.313658	-0.787459	-0.110444	-0.234534	0.459646	0.0301382
ACCGU	-0.786754	0.252206	0.495827	-0.325698	-0.070666	0.250777
CCCGU	2.35101	0.405337	-0.665306	1.23034	-0.94138	-0.173135
GCCGU	-3.51756	0.314513	1.03369	-1.15584	0.27052	-1.41566
UCCGU	-0.887609	-0.127124	-0.698262	0.418972	0.759487	-0.728477
AGCGU	0.444398	-0.443543	0.202236	-0.461631	-0.170091	0.334158
CGCGU	0.797429	-0.793521	0.0175256	-0.0485073	-0.088311	-0.0314014
GGCGU	-0.740929	-0.0172434	-1.38089	-0.124146	0.652467	-0.00849034
UGCGU	0.512932	-0.747607	-0.14213	-0.0631737	0.319392	-0.0219894
AUCGU	1.18889	-0.532004	-0.161452	-0.397439	0.0140345	-0.00137606
CUCGU	-0.683445	-0.778253	0.754355	0.177339	-0.618673	0.069543
GUCGU	-2.5203	-0.0951256	-0.362504	0.41988	1.1659	0.220462
UUCGU	-1.93455	-1.07136	0.276818	0.497759	-0.223882	0.292196
AAGGU	0.713586	-0.0492611	1.80778	0.479627	0.226633	0.363588
CAGGU	1.60915	0.330192	-0.943592	-0.99683	0.0441732	0.0789345
GAGGU	-0.683272	0.0253545	0.00463529	-0.590084	0.42617	0.628339
UAGGU	-0.609749	-0.784225	0.567755	1.05914	-0.447519	0.0200701
ACGGU	-0.857643	0.0918654	0.728927	-0.0243777	-0.354417	-0.0320656
CCGGU	-0.481616	-0.257128	0.372829	0.289444	0.0688263	0.0859031
GCGGU	-0.800275	0.378999	0.278317	-0.930977	0.554885	-0.00388217
UCGGU	0.779269	0.0257487	-0.449088	-0.0394345	-0.264824	-0.219956
AGGGU	-0.232674	0.636861	-0.603792	-1.26526	0.366307	-0.81806
CGGGU	0.973626	0.0481612	-0.548915	-0.588649	0.181441	-0.130167
GGGGU	-3.20078	-1.23459	0.118771	1.7836	0.340797	0.305087
UGGGU	0.255552	0.13711	1.08759	0.00154121	-0.203901	-0.620867
AUGGU	1.50794	-1.44891	-0.836269	0.455757	0.126675	-0.0328065
CUGGU	1.98345	0.0367214	-0.142054	-0.453609	-0.823232	0.102061
GUGGU	-1.37183	-0.117577	-0.720265	-0.92972	1.36832	0.39796
UUGGU	-0.962964	-0.199706	1.57869	-1.33057	0.47594	0.869897
AAUGU	1.28735	-0.70609	0.126578	-0.362713	-0.198087	-0.225959
CAUGU	-0.0452077	-0.233875	0.348688	-0.07674	0.422833	-0.216007
GAUGU	-2.83679	-1.07502	0.571505	1.16352	1.96901	0.538941
UAUGU	-0.374846	0.723922	0.578834	-0.721166	-1.68228	-0.692938
ACUGU	1.34253	-1.02309	-0.397691	-0.360749	-0.768316	0.150044
CCUGU	-0.461324	-0.851964	-0.678199	0.258931	0.783122	0.257726
GCUGU	2.09815	-0.166765	-0.59915	0.0653419	0.282828	0.205468
UCUGU	1.78533	-1.19996	-0.305472	-0.294108	-0.128475	-0.102552
AGUGU	0.520178	0.119231	-0.33071	0.280448	-0.417276	-0.163769
CGUGU	-2.23314	-0.396867	-0.524688	1.56561	0.989329	0.292506
GGUGU	0.230398	0.309251	1.21357	-0.491258	0.253556	-0.432393
UGUGU	-0.264097	0.0567081	-0.0870911	0.0228757	1.13827	-0.936626
AUUGU	0.010767	-0.433619	-0.162553	0.92348	-0.0350914	-0.212339
CUUGU	-0.0397589	0.251372	0.877301	-1.1001	0.77183	-0.752284
GUUGU	0.248697	-0.246331	0.500812	-0.541083	-0.185605	0.130467
UUUGU	2.29015	-1.28882	-0.570132	-0.528585	-0.338822	-0.103116
AAAUU	1.51716	0.252692	-0.806025	0.0981998	1.27809	0.325099
CAAUU	3.37274	1.04645	-0.348921	-1.54211	0.384157	-1.21818
GAAUU	1.93091	0.179089	-0.244625	-0.556114	1.41185	0.632474
UAAUU	-0.00308976	-0.982682	-0.544147	0.85637	-0.500289	0.0447405
ACAUU	-0.262578	-0.03816	0.29736	-0.242947	-0.912892	0.775287
CCAUU	0.105962	0.083639	0.494391	-0.666994	-0.444075	0.503004
GCAUU	0.184739	0.0144608	0.359594	-0.503642	0.71597	-0.263664
UCAUU	0.393652	-0.459731	-0.503962	0.110741	-0.0343112	0.428736
AGAUU	0.153703	0.140141	0.420195	0.406054	-1.03825	-0.0563051
CGAUU	-0.743532	0.318865	0.329584	-0.0483068	0.497997	-0.516776
GGAUU	-1.23389	-0.705837	-0.362815	-0.515914	1.47818	0.403485
UGAUU	-0.445522	0.0786034	0.0409168	0.247821	0.479102	-0.828409
AUAUU	-0.0368946	-1.23129	-1.20494	-0.143775	0.868065	0.676676
CUAUU	-0.858951	-1.87103	0.138256	0.0372126	0.625702	1.51439
GUAUU	1.25217	-1.19262	0.267079	-1.01634	1.13108	0.0945977
UUAUU	2.46798	-0.283433	0.361726	-1.05357	-0.47523	0.298051
AACUU	2.67659	-0.352988	-0.186691	-0.0573262	-0.295571	-0.551428
CACUU	0.817848	-0.291089	0.00115057	1.36229	1.00186	-1.17445
GACUU	-0.0583801	0.0849054	-0.761901	-0.14427	0.399154	0.086439
UACUU	2.06369	-1.03454	-0.714436	-0.651588	-0.589161	0.555797
ACCUU	1.02426	-0.633387	0.658377	0.572614	-0.789243	0.021499
CCCUU	-1.75419	-0.601787	-0.0653191	-1.35268	-1.42019	1.29032
GCCUU	1.43495	-0.62938	-0.713649	-0.23106	-0.0956841	0.104068
UCCUU	2.61082	1.12238	0.89211	-0.486328	-1.74346	0.25303
AGCUU	-4.56001	-0.185959	0.744216	-0.842795	0.5109	-0.118591
CGCUU	-2.20629	-1.42519	0.926873	-0.841683	0.151064	-0.0272151
GGCUU	-4.2746	-0.0752098	-2.369	0.296751	-0.101283	1.38935
UGCUU	0.955156	0.282083	-0.578752	-1.05849	0.202817	-0.00438795
AUCUU	0.708799	0.0723756	-0.074006	0.0198525	0.14581	0.0882943
CUCUU	2.50608	0.053135	-0.1567	-0.0040672	-0.185458	0.0972935
GUCUU	-0.425704	-0.168852	-0.978162	1.38632	-0.508961	-0.4014
UUCUU	-3.79835	-1.3077	0.344365	-0.443295	0.224566	0.989613
AAGUU	-1.49356	0.989401	-1.17915	-0.670342	-1.93134	-0.753754
CAGUU	0.745601	0.344386	-0.00888424	0.320941	0.448612	0.166704
GAGUU	0.761164	0.147325	-0.439927	-0.77106	0.035066	-0.133183
UAGUU	0.882413	0.205853	2.42674	-0.179349	1.12783	0.430252
ACGUU	0.355302	-0.0404375	0.0416423	-0.022032	-0.340555	0.0142677
CCGUU	1.24578	-0.791459	0.00337892	-0.422171	0.269224	-0.149836
GCGUU	1.57751	-1.00381	0.00936748	-0.397176	-0.120016	-0.0133074
UCGUU	-2.91234	-0.223729	0.91602	0.35539	0.574349	0.164949
AGGUU	-0.391046	0.0511437	-0.0533839	-0.223198	0.573943	0.354621
CGGUU	-0.71958	0.615784	0.426467	0.431547	-0.134739	0.10756
GGGUU	-0.248415	-0.12311	0.0900181	0.757576	0.437962	0.119778
UGGUU	1.58084	-0.916081	-0.380218	-0.20515	0.101704	-0.0318247
AUGUU	-0.355126	-0.679178	0.195246	-0.0270044	0.68762	0.123196
CUGUU	0.752509	1.06987	-0.100022	-1.33836	-0.412099	0.626966
GUGUU	-0.0393134	-1.04628	0.542036	-0.201886	-0.338801	-0.0499877
UUGUU	1.82914	-0.770746	-0.709836	-0.0251049	-0.358878	-0.143609
AAUUU	1.04407	0.260647	0.565748	-0.680581	-0.235128	-0.0296159
CAUUU	1.81138	0.292773	-0.99106	0.362966	0.245681	-0.34152
GAUUU	5.16472	1.06221	-0.698957	-0.297184	-0.304749	-1.01595
UAUUU	-0.605449	0.701542	0.383791	0.240417	-1.35819	-0.128502
ACUUU	4.36823	1.32216	-1.62038	-1.48228	0.205547	-0.131938
CCUUU	1.86688	-0.561735	-0.47138	-0.599828	-0.398508	0.0309528
GCUUU	-4.16791	-0.694477	1.93983	-0.201254	-1.01407	1.70885
UCUUU	1.33176	0.031305	-0.660937	-0.719766	-0.33942	-0.108729
AGUUU	0.612022	0.225795	-0.705158	-0.39628	0.053991	0.0244643
CGUUU	-2.7477	-0.997121	1.23027	-0.283013	0.801194	0.137148
GGUUU	-3.40366	-0.531776	0.398598	-0.535674	1.00377	-0.204071
UGUUU	2.28827	1.29888	0.0168535	0.459176	0.23206	-0.267769
AUUUU	0.0182296	0.250853	0.144087	-0.33923	0.113414	0.398048
CUUUU	0.593044	1.1497	-0.083629	-1.05296	2.34418	0.502137
GUUUU	0.938489	-1.17472	1.62976	0.44791	0.107489	0.621217
UUUUU	2.43996	-0.243255	-0.589612	0.0564598	-1.2062	-0.442871

Relative affinities to the structural contexts 
P	1
H	0.656037
I	0.908457
M	0.000494859
E	0.24139

