Error on the test set seq only: 37625.2
Error on the training set: 3548.56
Number of parameters: 262

Base Parameters
0.00398694	0.0328245	-0.280518	-0.145155	0.287749
-0.235743	-0.126313	-0.3588	-0.0968139	-0.182715
-0.117402	-0.122283	-0.301121	-0.120247	0.0035552
-0.0688762	-0.0126548	-0.212703	-0.121374	-0.194438
-0.240064	-0.128514	-0.360754	-0.151677	-0.244359
-0.140955	0.0787826	-0.319554	-0.107686	-0.242208
0.0330248	0.316976	-0.241233	-0.0985	0.0653949
-0.166062	-0.176313	-0.16347	-0.0505387	-0.234728
-0.181823	0.00901083	-0.0951581	-0.117204	-0.568075
-0.178993	-0.215196	-0.451737	-0.0528797	-0.125309
-0.0177331	0.062647	-0.0338727	-0.127743	-0.0249444
-0.232288	-0.209088	-0.164899	-0.164961	-0.313784
-0.239313	-0.232879	-0.389007	-0.111346	-0.150987
-0.159587	-0.238421	-0.148577	-0.0733089	-0.291823
-0.0484375	0.328859	-0.112376	-0.141681	-0.206657
-0.199	-0.0955954	-0.294476	-0.102906	-0.406396
-0.156293	-0.0679166	-0.345219	-0.155115	-0.0311368
-0.0917064	-0.0542129	-0.152384	-0.0749792	-0.0869795
-0.151348	-0.170678	-0.151376	-0.0524292	-0.219262
-0.161219	-0.0239735	-0.314962	-0.105815	-0.147435
-0.200855	0.0691034	-0.21052	-0.16275	-0.293
-0.155155	-0.0908267	-0.259851	-0.120623	-0.236795
-0.212425	-0.153528	-0.31183	-0.216934	-0.218452
-0.100781	-0.0395746	-0.12911	-0.112208	-0.173149
0.0303667	0.28706	0.0146575	-0.1133	0.109267
0.173488	0.584755	0.19877	-0.0235555	-0.0788339
0.315856	0.444053	0.887384	-0.0811199	0.00937351
0.252779	0.806084	0.0375901	0.0815991	0.046737
-0.156989	-0.166577	-0.245522	-0.0559946	-0.0699823
0.00053346	0.129367	-0.043714	-0.0510527	-0.0277703
-0.0439312	-0.186455	0.136109	-0.196737	-0.0184587
-0.0588725	-0.0513984	-0.137075	-0.070562	-0.192168
-0.188221	-0.128326	-0.181966	-0.15438	-0.200717
-0.0966387	0.042219	-0.271955	-0.0949053	-0.0930671
-0.0110053	0.539661	-0.486418	-0.25574	0.19795
-0.15437	-0.19467	-0.208766	-0.0112321	-0.212482
-0.159688	-0.0124898	-0.205629	-0.125051	-0.201607
-0.167963	-0.0609059	-0.406026	-0.156419	-0.114808
-0.176963	-0.214276	-0.216714	-0.0904801	-0.290773
0.00664935	0.241121	-0.0588819	-0.00484306	-0.0486139
0.310657	0.21552	0.569631	0.138683	0.421585
-0.180961	-0.105239	-0.106497	-0.150472	-0.195709
-0.110763	-0.287515	0.269394	-0.125806	-0.349391
0.169109	-0.0270636	0.662462	-0.0787989	-0.137089
-0.192554	-0.114559	-0.374678	-0.175718	-0.333466
-0.104576	-0.125206	-0.0649199	-0.0307643	-0.239518
-0.0673924	0.0937802	-0.118522	-0.0571472	-0.0453223
-0.0848098	0.0243285	-0.214179	0.0101097	-0.0582498
-0.211456	-0.199571	-0.411091	-0.187958	-0.179201
-0.259313	-0.13585	-0.30622	-0.206017	-0.295855
-0.0812357	0.0545489	-0.26645	-0.00756898	-0.0836139
-0.202217	-0.0747315	-0.296435	-0.0832433	-0.189092
-0.254403	-0.0117045	-0.38251	-0.0980017	-0.381629
-0.259057	-0.131552	-0.283509	-0.155471	-0.379516
-0.0245441	0.0578392	-0.139351	-0.113393	-0.0523549
-0.110132	-0.211102	-0.161689	-0.0648267	-0.0958463
-0.0997126	-0.181873	-0.197232	-0.0663948	-0.0800316
-0.0452211	0.179931	-0.136323	-0.0923418	-0.0624159
0.377652	0.565017	0.770856	0.00744273	0.123024
-0.227995	-0.130868	-0.311844	-0.251556	-0.192686
-0.152197	-0.143717	-0.146853	-0.0384284	-0.324857
0.00114721	0.391837	-0.0828206	-0.000829441	-0.18253
-0.12598	-0.153533	0.0593463	-0.119938	-0.177052
-0.162948	-0.0459712	-0.22055	-0.127594	-0.139537
-0.132659	-0.0681814	-0.325449	-0.11873	-0.149595
-0.207191	0.0474739	-0.226794	-0.166606	-0.286458
-0.0879925	0.100584	0.0119834	-0.0367489	-0.294533
-0.0434038	0.211217	-0.188533	-0.0525765	-0.0638148
-0.0432389	0.100624	-0.273846	-0.0456262	-0.139305
-0.185503	-0.00514498	-0.289555	-0.138522	-0.305984
-0.135097	-0.0491442	-0.107337	-0.201346	-0.280632
-0.00626929	0.131652	0.0477281	-0.136637	0.0506008
-0.40379	-0.339589	-0.37602	-0.196417	-0.933245
0.034433	0.507981	-0.18292	-0.126863	-0.169519
0.273145	0.208737	0.771876	0.144386	0.154091
-0.0681751	0.070396	-0.208692	-0.088962	-0.0500238
-0.106715	0.0604792	-0.216899	-0.185696	-0.144342
-0.10621	0.0879433	-0.3146	-0.0850744	-0.148284
-0.0598405	-0.0625532	-0.0753252	0.00686272	-0.0375334
-0.0508499	0.207348	0.0133741	-0.0918199	-0.175336
-0.185403	0.0265548	-0.357829	-0.0582324	-0.21241
-0.247399	-0.311502	-0.522116	-0.225418	-0.0299597
0.0127828	0.338154	0.332474	-0.0852083	-0.403894
-0.091535	0.0104454	-0.196874	-0.130079	-0.192152
-0.142403	-0.144004	-0.140932	-0.0556893	-0.288606
-0.123418	-0.228564	-0.0386865	-0.0428723	-0.313315
-0.0798712	0.0147347	-0.0370674	-0.180196	-0.160515
-0.10423	-0.0426246	0.0558627	-0.0459691	-0.245712
-0.180413	-0.249731	-0.206417	-0.182582	-0.13023
-0.131479	0.0743394	-0.101153	-0.12699	-0.322729
0.341655	0.363364	0.798538	-0.143759	0.0485967
0.0642912	0.56614	-0.0786258	0.0543969	-0.0644576
-0.115475	-0.0284343	-0.198058	-0.117817	-0.182903
-0.0978959	-0.161258	-0.00603225	-0.133327	-0.134524
0.120495	0.159902	0.416041	-0.0172829	-0.165289
-0.212069	-0.226271	-0.206743	-0.130217	-0.242832
-0.0327181	0.161031	-0.126425	-0.109721	-0.131499
-0.134741	0.00518822	-0.232578	-0.180275	-0.131369
0.427633	1.09442	0.399105	-0.146478	0.487611
-0.106171	0.067867	-0.232503	-0.02662	-0.130841
0.292935	0.898067	0.196708	0.0915673	-0.00521664
0.143842	0.767317	-0.125539	-0.101894	-0.0707511
0.288628	1.31284	0.267518	0.0394126	-0.0647065
0.13898	0.524903	-0.0769993	0.026204	-0.18253
0.541744	0.765368	0.932796	0.186101	0.446683
0.223546	0.661487	0.732156	-0.163672	-0.211349
0.222587	1.20858	1.6739	-0.109625	0.0300073
0.277731	1.73658	0.947712	-0.0212618	0.223149
0.0752224	0.509223	-0.214387	-0.0574634	0.0389163
0.0190827	0.562344	-0.127806	-0.032559	-0.174048
0.390105	1.5936	0.116206	0.18598	0.0495354
0.27484	1.30048	-0.171751	0.0616174	-0.0700124
-0.165912	0.0216794	-0.195599	-0.0935788	-0.267376
-0.0319781	-0.0918369	-0.138946	-0.0344419	0.0373562
-0.0672938	-0.0471676	-0.128474	0.00545937	-0.192039
-0.026214	0.10106	-0.159662	-0.130337	-0.152655
0.107307	0.515306	0.180714	-0.0874788	-0.0348604
-0.156756	-0.167702	-0.157904	-0.0515417	-0.0677
0.0995125	0.232678	0.120045	-0.00136433	-0.0869405
-0.169983	-0.117245	-0.224561	-0.0679429	-0.206976
-0.155287	-0.263747	-0.0814263	-0.149597	-0.124894
-0.1569	-0.0724862	-0.0957175	-0.114384	-0.109393
0.844127	0.773172	1.697	0.276762	0.194862
-0.154651	-0.272626	-0.232815	-0.085546	-0.0572627
-0.128592	-0.223854	-0.0523359	-0.134095	-0.22452
0.10091	0.367818	0.312994	-0.0326129	-0.0145683
-0.0116033	-0.0369578	0.048745	-0.0374948	-0.126227
-0.224111	-0.162224	-0.313148	-0.18104	-0.264972
-0.244289	-0.147522	-0.481471	-0.0533455	-0.0845354
-0.111086	0.0754094	-0.216565	-0.0808517	-0.144769
-0.134447	0.155066	-0.238617	-0.170123	-0.171624
-0.172802	-0.125566	-0.144396	-0.122617	-0.283106
0.029718	0.12012	0.0189646	-0.0452988	0.106865
-0.0919313	0.0709669	-0.217078	-0.128658	-0.1629
1.67365	2.35087	2.16756	0.477019	0.772377
-0.0750982	-0.0561375	-0.0408996	-0.111217	-0.111551
-0.309391	1.30392	-0.418179	-0.102741	2.77467
-0.0990203	0.118061	-0.213248	-0.0857208	-0.245025
-0.0516078	-0.0426624	-0.0624868	-0.142766	-0.0131812
-0.0303574	0.188646	0.0055262	-0.0295898	-0.0541866
-0.0697895	-0.0528026	-0.222317	0.0144431	-0.0435484
-0.165534	0.0806387	-0.371649	-0.162181	-0.239775
-0.0709434	0.122158	-0.056068	-0.0295092	-0.0158901
-0.138291	-0.0569283	-0.241463	-0.0995327	-0.154765
0.0472238	0.262439	0.180784	-0.0747321	-0.210143
-0.020226	0.138387	0.0240921	-0.0958693	-0.169273
-0.154954	-0.121284	-0.121902	-0.0975816	-0.168039
0.0268372	0.329286	-0.206894	-0.0412418	-0.0671516
-0.0815161	0.0878696	-0.107019	-0.231426	-0.130659
-0.0356227	0.118646	-0.079429	-0.0831613	-0.228706
0.32806	0.578916	0.928822	-0.00188725	-0.170689
-0.00767374	0.239084	-0.0174446	-0.104426	-0.0832818
0.137339	0.424645	0.0627724	-0.121307	0.102084
0.297983	1.04802	0.228465	0.119782	0.0524626
0.349183	1.30066	1.24151	-0.129589	-0.000500342
0.157407	0.807371	-0.0425383	-0.0986352	-0.173614
0.0402103	0.23709	-0.0777142	-0.0560067	-0.0897839
0.1114	0.500494	-0.0865882	-0.0298296	-0.0937317
0.0233904	0.384998	-0.0309445	0.0148015	-0.00650915
-0.0480603	0.118027	-0.0628444	-0.10247	-0.180079
-0.275396	-0.207085	-0.424458	-0.19299	-0.191754
3.03745	1.48628	3.44338	0.779661	1.00773
-0.0362529	0.239718	-0.316399	-0.0875379	-0.10298
-0.206113	-0.155525	-0.28972	-0.138304	-0.0780157
-0.0599843	0.157807	-0.0629747	-0.195777	-0.227871
1.10473	0.552994	2.20394	0.0627713	-0.0666276
0.84979	2.32111	1.81267	0.128233	0.244336
0.0460313	0.484893	-0.0285657	-0.0719353	-0.0200092
-0.31102	-0.344837	-0.261923	-0.268303	-0.355645
1.61404	1.40385	2.66892	0.0819457	0.328848
-0.815149	-1.86164	-0.370702	-0.390774	-0.609588
-0.0340173	-0.0750031	0.323955	-0.0727044	-0.167479
-0.133917	-0.105088	-0.195003	-0.16692	-0.0377475
2.73501	2.89084	4.9814	0.673758	0.283945
0.00652776	0.354091	-0.234525	-0.0872508	-0.123104
-0.186401	-0.0524067	-0.261684	-0.242764	-0.351343
-0.125628	-0.0915703	-0.242322	-0.0488807	0.0148364
-0.210269	-0.0123881	-0.304832	-0.17281	-0.263369
-0.273248	-0.0455518	-0.384609	-0.171646	-0.200749
0.0159292	0.309508	-0.201059	-0.0808932	0.0444826
0.00246139	0.157618	0.120646	-0.100956	-0.307812
-0.0303223	0.104072	0.0196251	-0.122757	-0.20644
1.40565	3.59135	2.32227	0.586607	0.414229
0.0473203	0.176033	0.167442	-0.015074	-0.0920156
0.265213	1.01746	0.00178321	0.055784	0.0748634
-0.0660285	0.217965	-0.0386059	-0.0660964	-0.0975021
0.0584935	0.294569	0.0613409	-0.0772031	0.0630306
-0.0921318	0.16381	-0.248994	0.0144269	-0.21874
-0.0569344	0.258883	-0.0449696	-0.0123479	-0.279132
-0.155933	0.00763911	-0.286569	-0.0464184	-0.276878
0.207889	0.900284	-0.268234	-0.0843963	0.0679835
-0.128647	0.0853961	-0.350825	-0.13993	-0.260687
-0.107544	-0.0165439	0.0256734	-0.0845308	-0.0769149
-0.101985	0.148195	-0.309471	-0.0745373	-0.282213
-0.317722	-0.26101	-0.309184	-0.199809	-0.315748
-0.241904	-0.162712	-0.429371	-0.126896	-0.413643
-0.309689	-0.200544	-0.405412	-0.225183	-0.300672
-0.204113	-0.188635	-0.228785	-0.120684	-0.100577
0.0444147	0.0969836	0.125244	-0.0975193	-0.167443
-0.0777972	0.134613	-0.254128	-0.0446218	-0.127231
-0.186719	-0.0622157	-0.356292	-0.175766	-0.286246
-0.134336	-0.153747	-0.149826	-0.0265191	-0.049276
-0.0768155	0.0587441	0.244939	-0.0973101	-0.300946
-0.220557	-0.139933	-0.388465	-0.109681	-0.238399
-0.239143	-0.0877008	-0.480113	-0.148061	-0.376228
-0.136884	-0.0637513	-0.264786	-0.09218	-0.211246
-0.0341385	0.132986	0.0299214	-0.0634791	-0.132399
-0.0725012	-0.0109877	-0.0378163	-0.0443454	-0.0959431
-0.112562	-0.0284738	-0.169981	-0.0128894	-0.316012
-0.023303	0.22185	-0.0694838	-0.106959	-0.389882
-0.0863521	0.00483136	-0.128488	-0.112364	-0.340575
0.0296217	0.0348955	-0.0656414	-0.000366804	-0.118037
-0.225371	-0.0975455	-0.404038	-0.126188	-0.236346
-0.0671195	0.0320617	-0.0760316	-0.025083	-0.105054
-0.101547	-0.0191856	-0.0382718	-0.162045	-0.138464
-0.190831	-0.0636188	-0.199258	-0.110377	-0.212734
0.1726	0.469641	0.094949	0.0281089	-0.0369044
0.190772	0.643759	0.139196	0.143735	-0.0561401
0.227701	0.424735	1.57466	0.0394477	0.239885
0.130453	0.554016	0.0720586	0.0932614	-0.0282371
-0.0876699	-0.0771132	-0.123429	-0.0886666	-0.242211
-0.111216	-0.0451002	-0.0721054	-0.150083	-0.141255
0.0251505	-0.116328	0.168939	-0.0495394	0.0139547
0.0381724	0.176233	0.196635	-0.0944488	-0.189069
-0.133653	0.00723306	-0.07459	-0.112156	-0.165042
-0.153594	0.062999	-0.373015	-0.0690096	-0.238078
0.160312	0.478157	0.00488706	-0.0108945	0.245177
0.0548823	0.318066	-0.115472	-0.0229352	0.0791692
-0.0975587	-0.154979	-0.150405	-0.0789859	-0.020974
-0.187454	-0.0149874	-0.247282	-0.175385	-0.193938
0.114228	0.672194	-0.0537541	-0.171823	0.02522
-0.04353	0.0631116	-0.128877	-0.00256406	-0.133197
0.385072	0.415082	1.02584	0.0640583	0.0616189
0.31481	0.457821	0.849028	-0.0100218	-0.0334585
0.206604	0.0309323	0.620293	-0.130593	0.110644
0.404349	0.749799	0.825384	0.159846	-0.0250375
-0.161804	-0.197918	-0.325518	-0.0045136	-0.106727
-0.205707	-0.22698	-0.269493	-0.0584947	-0.182589
-0.0560414	0.155187	-0.118018	-0.106869	-0.111932
-0.231955	-0.154662	-0.198789	-0.114709	-0.245258
-0.279567	-0.043954	-0.261347	-0.181524	-0.454726
-0.047849	0.170586	0.014123	0.000956665	-0.142152
-0.13272	-0.125367	0.00912476	-0.149459	-0.400739
-0.230523	-0.157627	-0.334346	-0.117489	-0.247723
-0.133271	0.0840805	-0.34025	-0.0487358	-0.359312
-0.190002	-0.00714561	-0.25123	-0.102232	-0.1001
0.0465103	0.0602399	0.158595	-0.0375788	-0.0599074
0.0436917	0.183152	0.0888847	-0.0247195	-0.0247944
-0.0397389	0.372989	-0.130493	-0.134255	-0.0185621
0.00601077	0.244879	-0.23072	-0.0703571	-0.0628162
0.260052	0.433279	0.711732	-0.139664	-0.0856665
-0.11786	-0.22869	-0.219176	0.0055432	-0.157942
-0.266728	-0.0232511	-0.394124	-0.179989	-0.417517
-0.196284	-0.244878	-0.344111	-0.174541	-0.174994
0.0197285	0.169925	-0.0698537	-0.0735012	-0.0242238
-0.240105	-0.00237584	-0.44071	-0.0407254	-0.299247

Annot Parameters for each context in the alphabet: PLMU
P	0.0328245
L	-0.280518
M	-0.145155
U	0.287749


Beta_s (bias in sequence model) : -1.84964
Beta_p (bias in structure context model) : -1.55706
alpha (scaling factor) : 1.90326
b (bias in least squares error model) : -1.84635

Top 20 kmers: 	 sequence number 	 kmer number
           CAGG             68             14
           CAGG            160             14
           CAGG            162             14
           CAGG             29             14
           CAGG            163             14
           CAGG             17             14
           CAGG             91             14
           CAGG             15             14
           CAGG            164             14
           CAGG            117             15
           CAGG            142             15
           CAGG            137             15
           CAGG            149             14
           CAGG             99             16
           CAGG             93             14
           CAGG             67             14
           CAGG             16             14
           CAGG            143             15
           CAGG              8             15
           CAGG            136             15

Averaged annotation profiles of the top 20 kmers
P	0	0	0	0	
L	1	1	1	1	
M	0	0	0	0	
U	0	0	0	0	
