Motif width 4
Base parameters 
AAAA	-0.00242783	0.0328245	-0.280518	-0.145155	0.287749
CAAA	0.143555	-0.126313	-0.3588	-0.0968139	-0.182715
GAAA	0.0714918	-0.122283	-0.301121	-0.120247	0.0035552
UAAA	0.0419419	-0.0126548	-0.212703	-0.121374	-0.194438
ACAA	0.146186	-0.128514	-0.360754	-0.151677	-0.244359
CCAA	0.0858338	0.0787826	-0.319554	-0.107686	-0.242208
GCAA	-0.0201103	0.316976	-0.241233	-0.0985	0.0653949
UCAA	0.101123	-0.176313	-0.16347	-0.0505387	-0.234728
AGAA	0.110721	0.00901083	-0.0951581	-0.117204	-0.568075
CGAA	0.108997	-0.215196	-0.451737	-0.0528797	-0.125309
GGAA	0.0107985	0.062647	-0.0338727	-0.127743	-0.0249444
UGAA	0.141451	-0.209088	-0.164899	-0.164961	-0.313784
AUAA	0.145729	-0.232879	-0.389007	-0.111346	-0.150987
CUAA	0.09718	-0.238421	-0.148577	-0.0733089	-0.291823
GUAA	0.0294958	0.328859	-0.112376	-0.141681	-0.206657
UUAA	0.12118	-0.0955954	-0.294476	-0.102906	-0.406396
AACA	0.0951743	-0.0679166	-0.345219	-0.155115	-0.0311368
CACA	0.0558443	-0.0542129	-0.152384	-0.0749792	-0.0869795
GACA	0.0921629	-0.170678	-0.151376	-0.0524292	-0.219262
UACA	0.098174	-0.0239735	-0.314962	-0.105815	-0.147435
ACCA	0.12231	0.0691034	-0.21052	-0.16275	-0.293
CCCA	0.0944813	-0.0908267	-0.259851	-0.120623	-0.236795
GCCA	0.129355	-0.153528	-0.31183	-0.216934	-0.218452
UCCA	0.0613703	-0.0395746	-0.12911	-0.112208	-0.173149
AGCA	-0.0184917	0.28706	0.0146575	-0.1133	0.109267
CGCA	-0.105645	0.584755	0.19877	-0.0235555	-0.0788339
GGCA	-0.192339	0.444053	0.887384	-0.0811199	0.00937351
UGCA	-0.153929	0.806084	0.0375901	0.0815991	0.046737
AUCA	0.0955978	-0.166577	-0.245522	-0.0559946	-0.0699823
CUCA	-0.000324849	0.129367	-0.043714	-0.0510527	-0.0277703
GUCA	0.0267517	-0.186455	0.136109	-0.196737	-0.0184587
UUCA	0.0358502	-0.0513984	-0.137075	-0.070562	-0.192168
AAGA	0.114616	-0.128326	-0.181966	-0.15438	-0.200717
CAGA	0.0588478	0.042219	-0.271955	-0.0949053	-0.0930671
GAGA	0.00670166	0.539661	-0.486418	-0.25574	0.19795
UAGA	0.094003	-0.19467	-0.208766	-0.0112321	-0.212482
ACGA	0.0972417	-0.0124898	-0.205629	-0.125051	-0.201607
CCGA	0.102281	-0.0609059	-0.406026	-0.156419	-0.114808
GCGA	0.107761	-0.214276	-0.216714	-0.0904801	-0.290773
UCGA	-0.0040491	0.241121	-0.0588819	-0.00484306	-0.0486139
AGGA	-0.189173	0.21552	0.569631	0.138683	0.421585
CGGA	0.110196	-0.105239	-0.106497	-0.150472	-0.195709
GGGA	0.0674489	-0.287515	0.269394	-0.125806	-0.349391
UGGA	-0.102979	-0.0270636	0.662462	-0.0787989	-0.137089
AUGA	0.117255	-0.114559	-0.374678	-0.175718	-0.333466
CUGA	0.0636812	-0.125206	-0.0649199	-0.0307643	-0.239518
GUGA	0.0410384	0.0937802	-0.118522	-0.0571472	-0.0453223
UUGA	0.0516446	0.0243285	-0.214179	0.0101097	-0.0582498
AAUA	0.128765	-0.199571	-0.411091	-0.187958	-0.179201
CAUA	0.157908	-0.13585	-0.30622	-0.206017	-0.295855
GAUA	0.0494682	0.0545489	-0.26645	-0.00756898	-0.0836139
UAUA	0.12314	-0.0747315	-0.296435	-0.0832433	-0.189092
ACUA	0.154918	-0.0117045	-0.38251	-0.0980017	-0.381629
CCUA	0.157752	-0.131552	-0.283509	-0.155471	-0.379516
GCUA	0.014946	0.0578392	-0.139351	-0.113393	-0.0523549
UCUA	0.0670644	-0.211102	-0.161689	-0.0648267	-0.0958463
AGUA	0.0607196	-0.181873	-0.197232	-0.0663948	-0.0800316
CGUA	0.0275372	0.179931	-0.136323	-0.0923418	-0.0624159
GGUA	-0.22997	0.565017	0.770856	0.00744273	0.123024
UGUA	0.138837	-0.130868	-0.311844	-0.251556	-0.192686
AUUA	0.0926797	-0.143717	-0.146853	-0.0384284	-0.324857
CUUA	-0.000698591	0.391837	-0.0828206	-0.000829441	-0.18253
GUUA	0.0767149	-0.153533	0.0593463	-0.119938	-0.177052
UUUA	0.0992265	-0.0459712	-0.22055	-0.127594	-0.139537
AAAC	0.0807822	-0.0681814	-0.325449	-0.11873	-0.149595
CAAC	0.126168	0.0474739	-0.226794	-0.166606	-0.286458
GAAC	0.0535827	0.100584	0.0119834	-0.0367489	-0.294533
UAAC	0.0264306	0.211217	-0.188533	-0.0525765	-0.0638148
ACAC	0.0263302	0.100624	-0.273846	-0.0456262	-0.139305
CCAC	0.112961	-0.00514498	-0.289555	-0.138522	-0.305984
GCAC	0.0822669	-0.0491442	-0.107337	-0.201346	-0.280632
UCAC	0.00381767	0.131652	0.0477281	-0.136637	0.0506008
AGAC	0.245886	-0.339589	-0.37602	-0.196417	-0.933245
CGAC	-0.0209679	0.507981	-0.18292	-0.126863	-0.169519
GGAC	-0.166331	0.208737	0.771876	0.144386	0.154091
UGAC	0.041515	0.070396	-0.208692	-0.088962	-0.0500238
AUAC	0.0649835	0.0604792	-0.216899	-0.185696	-0.144342
CUAC	0.0646764	0.0879433	-0.3146	-0.0850744	-0.148284
GUAC	0.0364397	-0.0625532	-0.0753252	0.00686272	-0.0375334
UUAC	0.0309649	0.207348	0.0133741	-0.0918199	-0.175336
AACC	0.1129	0.0265548	-0.357829	-0.0582324	-0.21241
CACC	0.150653	-0.311502	-0.522116	-0.225418	-0.0299597
GACC	-0.00778401	0.338154	0.332474	-0.0852083	-0.403894
UACC	0.05574	0.0104454	-0.196874	-0.130079	-0.192152
ACCC	0.086716	-0.144004	-0.140932	-0.0556893	-0.288606
CCCC	0.075155	-0.228564	-0.0386865	-0.0428723	-0.313315
GCCC	0.0486373	0.0147347	-0.0370674	-0.180196	-0.160515
UCCC	0.0634703	-0.0426246	0.0558627	-0.0459691	-0.245712
AGCC	0.109862	-0.249731	-0.206417	-0.182582	-0.13023
CGCC	0.0800636	0.0743394	-0.101153	-0.12699	-0.322729
GGCC	-0.20805	0.363364	0.798538	-0.143759	0.0485967
UGCC	-0.0391499	0.56614	-0.0786258	0.0543969	-0.0644576
AUCC	0.0703184	-0.0284343	-0.198058	-0.117817	-0.182903
CUCC	0.0596134	-0.161258	-0.00603225	-0.133327	-0.134524
GUCC	-0.0733748	0.159902	0.416041	-0.0172829	-0.165289
UUCC	0.129139	-0.226271	-0.206743	-0.130217	-0.242832
AAGC	0.0199236	0.161031	-0.126425	-0.109721	-0.131499
CAGC	0.0820499	0.00518822	-0.232578	-0.180275	-0.131369
GAGC	-0.260406	1.09442	0.399105	-0.146478	0.487611
UAGC	0.0646527	0.067867	-0.232503	-0.02662	-0.130841
ACGC	-0.178382	0.898067	0.196708	0.0915673	-0.00521664
CCGC	-0.0875921	0.767317	-0.125539	-0.101894	-0.0707511
GCGC	-0.175759	1.31284	0.267518	0.0394126	-0.0647065
UCGC	-0.0846311	0.524903	-0.0769993	0.026204	-0.18253
AGGC	-0.329893	0.765368	0.932796	0.186101	0.446683
CGGC	-0.136127	0.661487	0.732156	-0.163672	-0.211349
GGGC	-0.135544	1.20858	1.6739	-0.109625	0.0300073
UGGC	-0.169123	1.73658	0.947712	-0.0212618	0.223149
AUGC	-0.0458065	0.509223	-0.214387	-0.0574634	0.0389163
CUGC	-0.0116203	0.562344	-0.127806	-0.032559	-0.174048
GUGC	-0.237553	1.5936	0.116206	0.18598	0.0495354
UUGC	-0.167363	1.30048	-0.171751	0.0616174	-0.0700124
AAUC	0.101032	0.0216794	-0.195599	-0.0935788	-0.267376
CAUC	0.0194729	-0.0918369	-0.138946	-0.0344419	0.0373562
GAUC	0.0409783	-0.0471676	-0.128474	0.00545937	-0.192039
UAUC	0.0159629	0.10106	-0.159662	-0.130337	-0.152655
ACUC	-0.0653444	0.515306	0.180714	-0.0874788	-0.0348604
CCUC	0.0954561	-0.167702	-0.157904	-0.0515417	-0.0677
GCUC	-0.0605978	0.232678	0.120045	-0.00136433	-0.0869405
UCUC	0.103511	-0.117245	-0.224561	-0.0679429	-0.206976
AGUC	0.0945616	-0.263747	-0.0814263	-0.149597	-0.124894
CGUC	0.0955439	-0.0724862	-0.0957175	-0.114384	-0.109393
GGUC	-0.514028	0.773172	1.697	0.276762	0.194862
UGUC	0.094174	-0.272626	-0.232815	-0.085546	-0.0572627
AUUC	0.0783055	-0.223854	-0.0523359	-0.134095	-0.22452
CUUC	-0.0614485	0.367818	0.312994	-0.0326129	-0.0145683
GUUC	0.00706578	-0.0369578	0.048745	-0.0374948	-0.126227
UUUC	0.136472	-0.162224	-0.313148	-0.18104	-0.264972
AAAG	0.148759	-0.147522	-0.481471	-0.0533455	-0.0845354
CAAG	0.0676453	0.0754094	-0.216565	-0.0808517	-0.144769
GAAG	0.0818712	0.155066	-0.238617	-0.170123	-0.171624
UAAG	0.105227	-0.125566	-0.144396	-0.122617	-0.283106
ACAG	-0.0180967	0.12012	0.0189646	-0.0452988	0.106865
CCAG	0.0559813	0.0709669	-0.217078	-0.128658	-0.1629
GCAG	-1.01917	2.35087	2.16756	0.477019	0.772377
UCAG	0.0457308	-0.0561375	-0.0408996	-0.111217	-0.111551
AGAG	0.188403	1.30392	-0.418179	-0.102741	2.77467
CGAG	0.060298	0.118061	-0.213248	-0.0857208	-0.245025
GGAG	0.0314264	-0.0426624	-0.0624868	-0.142766	-0.0131812
UGAG	0.018486	0.188646	0.0055262	-0.0295898	-0.0541866
AUAG	0.042498	-0.0528026	-0.222317	0.0144431	-0.0435484
CUAG	0.100801	0.0806387	-0.371649	-0.162181	-0.239775
GUAG	0.0432007	0.122158	-0.056068	-0.0295092	-0.0158901
UUAG	0.0842116	-0.0569283	-0.241463	-0.0995327	-0.154765
AACG	-0.0287568	0.262439	0.180784	-0.0747321	-0.210143
CACG	0.0123165	0.138387	0.0240921	-0.0958693	-0.169273
GACG	0.0943588	-0.121284	-0.121902	-0.0975816	-0.168039
UACG	-0.0163424	0.329286	-0.206894	-0.0412418	-0.0671516
ACCG	0.049639	0.0878696	-0.107019	-0.231426	-0.130659
CCCG	0.0216923	0.118646	-0.079429	-0.0831613	-0.228706
GCCG	-0.199771	0.578916	0.928822	-0.00188725	-0.170689
UCCG	0.0046729	0.239084	-0.0174446	-0.104426	-0.0832818
AGCG	-0.083632	0.424645	0.0627724	-0.121307	0.102084
CGCG	-0.181456	1.04802	0.228465	0.119782	0.0524626
GGCG	-0.212634	1.30066	1.24151	-0.129589	-0.000500342
UGCG	-0.0958524	0.807371	-0.0425383	-0.0986352	-0.173614
AUCG	-0.0244859	0.23709	-0.0777142	-0.0560067	-0.0897839
CUCG	-0.0678365	0.500494	-0.0865882	-0.0298296	-0.0937317
GUCG	-0.0142435	0.384998	-0.0309445	0.0148015	-0.00650915
UUCG	0.0292661	0.118027	-0.0628444	-0.10247	-0.180079
AAGG	0.167701	-0.207085	-0.424458	-0.19299	-0.191754
CAGG	-1.84964	1.48628	3.44338	0.779661	1.00773
GAGG	0.0220761	0.239718	-0.316399	-0.0875379	-0.10298
UAGG	0.125512	-0.155525	-0.28972	-0.138304	-0.0780157
ACGG	0.0365272	0.157807	-0.0629747	-0.195777	-0.227871
CCGG	-0.672722	0.552994	2.20394	0.0627713	-0.0666276
GCGG	-0.517477	2.32111	1.81267	0.128233	0.244336
UCGG	-0.0280306	0.484893	-0.0285657	-0.0719353	-0.0200092
AGGG	0.189394	-0.344837	-0.261923	-0.268303	-0.355645
CGGG	-0.982864	1.40385	2.66892	0.0819457	0.328848
GGGG	0.496382	-1.86164	-0.370702	-0.390774	-0.609588
UGGG	0.0207147	-0.0750031	0.323955	-0.0727044	-0.167479
AUGG	0.0815483	-0.105088	-0.195003	-0.16692	-0.0377475
CUGG	-1.66548	2.89084	4.9814	0.673758	0.283945
GUGG	-0.00397506	0.354091	-0.234525	-0.0872508	-0.123104
UUGG	0.113509	-0.0524067	-0.261684	-0.242764	-0.351343
AAUG	0.0765009	-0.0915703	-0.242322	-0.0488807	0.0148364
CAUG	0.128043	-0.0123881	-0.304832	-0.17281	-0.263369
GAUG	0.166393	-0.0455518	-0.384609	-0.171646	-0.200749
UAUG	-0.0097	0.309508	-0.201059	-0.0808932	0.0444826
ACUG	-0.00149885	0.157618	0.120646	-0.100956	-0.307812
CCUG	0.0184647	0.104072	0.0196251	-0.122757	-0.20644
GCUG	-0.855967	3.59135	2.32227	0.586607	0.414229
UCUG	-0.0288155	0.176033	0.167442	-0.015074	-0.0920156
AGUG	-0.161501	1.01746	0.00178321	0.055784	0.0748634
CGUG	0.0402078	0.217965	-0.0386059	-0.0660964	-0.0975021
GGUG	-0.0356194	0.294569	0.0613409	-0.0772031	0.0630306
UGUG	0.0561033	0.16381	-0.248994	0.0144269	-0.21874
AUUG	0.03467	0.258883	-0.0449696	-0.0123479	-0.279132
CUUG	0.0949546	0.00763911	-0.286569	-0.0464184	-0.276878
GUUG	-0.126593	0.900284	-0.268234	-0.0843963	0.0679835
UUUG	0.0783392	0.0853961	-0.350825	-0.13993	-0.260687
AAAU	0.0654886	-0.0165439	0.0256734	-0.0845308	-0.0769149
CAAU	0.0621037	0.148195	-0.309471	-0.0745373	-0.282213
GAAU	0.193476	-0.26101	-0.309184	-0.199809	-0.315748
UAAU	0.147307	-0.162712	-0.429371	-0.126896	-0.413643
ACAU	0.188584	-0.200544	-0.405412	-0.225183	-0.300672
CCAU	0.124294	-0.188635	-0.228785	-0.120684	-0.100577
GCAU	-0.0270462	0.0969836	0.125244	-0.0975193	-0.167443
UCAU	0.0473743	0.134613	-0.254128	-0.0446218	-0.127231
AGAU	0.113702	-0.0622157	-0.356292	-0.175766	-0.286246
CGAU	0.0818035	-0.153747	-0.149826	-0.0265191	-0.049276
GGAU	0.0467765	0.0587441	0.244939	-0.0973101	-0.300946
UGAU	0.134307	-0.139933	-0.388465	-0.109681	-0.238399
AUAU	0.145625	-0.0877008	-0.480113	-0.148061	-0.376228
CUAU	0.0833548	-0.0637513	-0.264786	-0.09218	-0.211246
GUAU	0.0207885	0.132986	0.0299214	-0.0634791	-0.132399
UUAU	0.0441494	-0.0109877	-0.0378163	-0.0443454	-0.0959431
AACU	0.0685445	-0.0284738	-0.169981	-0.0128894	-0.316012
CACU	0.0141903	0.22185	-0.0694838	-0.106959	-0.389882
GACU	0.0525838	0.00483136	-0.128488	-0.112364	-0.340575
UACU	-0.018038	0.0348955	-0.0656414	-0.000366804	-0.118037
ACCU	0.137239	-0.0975455	-0.404038	-0.126188	-0.236346
CCCU	0.0408722	0.0320617	-0.0760316	-0.025083	-0.105054
GCCU	0.0618365	-0.0191856	-0.0382718	-0.162045	-0.138464
UCCU	0.116206	-0.0636188	-0.199258	-0.110377	-0.212734
AGCU	-0.105104	0.469641	0.094949	0.0281089	-0.0369044
CGCU	-0.11617	0.643759	0.139196	0.143735	-0.0561401
GGCU	-0.138658	0.424735	1.57466	0.0394477	0.239885
UGCU	-0.0794387	0.554016	0.0720586	0.0932614	-0.0282371
AUCU	0.0533863	-0.0771132	-0.123429	-0.0886666	-0.242211
CUCU	0.0677243	-0.0451002	-0.0721054	-0.150083	-0.141255
GUCU	-0.0153153	-0.116328	0.168939	-0.0495394	0.0139547
UUCU	-0.023245	0.176233	0.196635	-0.0944488	-0.189069
AAGU	0.0813872	0.00723306	-0.07459	-0.112156	-0.165042
CAGU	0.0935308	0.062999	-0.373015	-0.0690096	-0.238078
GAGU	-0.0976213	0.478157	0.00488706	-0.0108945	0.245177
UAGU	-0.0334204	0.318066	-0.115472	-0.0229352	0.0791692
ACGU	0.059408	-0.154979	-0.150405	-0.0789859	-0.020974
CCGU	0.114149	-0.0149874	-0.247282	-0.175385	-0.193938
GCGU	-0.0695588	0.672194	-0.0537541	-0.171823	0.02522
UCGU	0.0265074	0.0631116	-0.128877	-0.00256406	-0.133197
AGGU	-0.234488	0.415082	1.02584	0.0640583	0.0616189
CGGU	-0.191702	0.457821	0.849028	-0.0100218	-0.0334585
GGGU	-0.125811	0.0309323	0.620293	-0.130593	0.110644
UGGU	-0.246227	0.749799	0.825384	0.159846	-0.0250375
AUGU	0.0985301	-0.197918	-0.325518	-0.0045136	-0.106727
CUGU	0.125265	-0.22698	-0.269493	-0.0584947	-0.182589
GUGU	0.0341262	0.155187	-0.118018	-0.106869	-0.111932
UUGU	0.141248	-0.154662	-0.198789	-0.114709	-0.245258
AAUU	0.170242	-0.043954	-0.261347	-0.181524	-0.454726
CAUU	0.0291375	0.170586	0.014123	0.000956665	-0.142152
GAUU	0.0808193	-0.125367	0.00912476	-0.149459	-0.400739
UAUU	0.140376	-0.157627	-0.334346	-0.117489	-0.247723
ACUU	0.0811549	0.0840805	-0.34025	-0.0487358	-0.359312
CCUU	0.115701	-0.00714561	-0.25123	-0.102232	-0.1001
GCUU	-0.0283223	0.0602399	0.158595	-0.0375788	-0.0599074
UCUU	-0.0266059	0.183152	0.0888847	-0.0247195	-0.0247944
AGUU	0.0241989	0.372989	-0.130493	-0.134255	-0.0185621
CGUU	-0.00366024	0.244879	-0.23072	-0.0703571	-0.0628162
GGUU	-0.158358	0.433279	0.711732	-0.139664	-0.0856665
UGUU	0.0717703	-0.22869	-0.219176	0.0055432	-0.157942
AUUU	0.162423	-0.0232511	-0.394124	-0.179989	-0.417517
CUUU	0.119526	-0.244878	-0.344111	-0.174541	-0.174994
GUUU	-0.0120136	0.169925	-0.0698537	-0.0735012	-0.0242238
UUUU	0.146211	-0.00237584	-0.44071	-0.0407254	-0.299247

Relative affinities to the structural contexts 
P	0.484573
L	0.160598
M	0.263815
U	1

Motif width 5
Base parameters 
AAAAA	-0.0400239	0.0983212	0.0444875	0.0262963	0.589324
CAAAA	0.0436937	-0.084692	-0.208178	-0.0572002	-0.513446
GAAAA	0.0275039	-0.242448	-0.454843	-0.277077	0.430188
UAAAA	0.0098719	0.081745	-0.362301	-0.153883	0.231492
ACAAA	0.0657818	-0.446221	-0.535029	-0.084641	-0.209073
CCAAA	0.018912	-0.0264622	-0.11874	-0.042002	-0.164905
GCAAA	0.0655693	-0.366614	-0.492986	-0.119126	-0.310033
UCAAA	0.020449	-0.0515006	-0.232155	0.00123148	-0.0907309
AGAAA	0.0357843	-0.0833306	-0.422557	-0.189972	-0.0108546
CGAAA	0.00925007	0.0701439	-0.323902	0.0769485	0.0021854
GGAAA	0.0363893	-0.242611	-0.0567539	-0.143112	-0.246194
UGAAA	0.0412318	-0.169372	-0.404036	-0.120761	-0.116125
AUAAA	0.041668	-0.203778	-0.05756	-0.274922	-0.251952
CUAAA	0.0379915	-0.106669	-0.249998	-0.110982	-0.268219
GUAAA	0.00591977	0.220757	-0.351425	-0.0855699	0.108391
UUAAA	0.0255087	-0.0793705	-0.143392	0.0381147	-0.323016
AACAA	0.0604088	-0.214839	-0.683329	-0.100922	-0.171828
CACAA	0.0192055	-0.017339	-0.109705	-0.00867035	-0.230152
GACAA	0.0769333	-0.522021	-0.293108	-0.285063	-0.385046
UACAA	0.0377754	-0.050973	-0.331161	-0.155088	-0.185829
ACCAA	0.0470812	-0.22139	-0.39734	-0.0906183	-0.199317
CCCAA	0.00663858	-0.0207285	-0.115958	-0.0231827	0.019619
GCCAA	0.0294114	0.217337	-0.261817	-0.133788	-0.395924
UCCAA	0.0487174	-0.099383	-0.380046	-0.132957	-0.349378
AGCAA	0.0284328	-0.140973	-0.350887	-0.0496411	-0.0342198
CGCAA	0.00395079	0.313817	-0.41403	-0.102926	0.130155
GGCAA	-0.0137429	0.524007	0.0252522	-0.171873	-0.131659
UGCAA	-0.00864279	0.0806131	-0.0316119	-0.0701996	0.184994
AUCAA	0.0693909	-0.283071	-0.594956	-0.04039	-0.390443
CUCAA	-0.00802591	0.227154	0.0986123	0.05841	-0.217922
GUCAA	0.0477931	-0.357705	-0.183365	-0.170031	-0.246939
UUCAA	0.0298929	-0.214571	-0.0182161	-0.191609	-0.17538
AAGAA	0.0069369	-0.0625188	0.0250077	-0.0666033	-0.00630254
CAGAA	-0.025289	0.172766	0.223196	0.0193481	0.0736129
GAGAA	0.0289965	0.112098	-0.466164	-0.297366	0.0754735
UAGAA	0.00541203	-0.121561	0.00888415	-0.0514746	0.0729139
ACGAA	0.0629011	-0.143293	-0.542543	-0.159977	-0.358632
CCGAA	0.0659459	-0.289169	-0.750168	-0.139004	-0.0896397
GCGAA	0.095637	-0.747492	-0.41621	-0.21735	-0.460183
UCGAA	-0.0447018	0.359651	0.0775873	0.076026	0.324271
AGGAA	-0.0927652	0.556153	0.526978	0.0795593	0.612446
CGGAA	0.0289187	-0.0656443	-0.218964	-0.127013	-0.130359
GGGAA	0.0640933	-0.377602	-0.443688	-0.131892	-0.286886
UGGAA	0.0193586	-0.28527	0.271589	-0.245067	-0.132086
AUGAA	0.0850422	-0.468157	-0.435282	-0.215398	-0.553844
CUGAA	0.0285126	-0.29772	0.0594369	-0.0150908	-0.299387
GUGAA	0.02363	-0.0212417	-0.18164	-0.0832584	-0.146617
UUGAA	0.0434778	-0.273104	-0.270503	-0.138437	-0.181439
AAUAA	0.0178856	-0.0449474	-0.318367	-0.0571637	0.0896196
CAUAA	0.057277	-0.18494	-0.148505	-0.175188	-0.604027
GAUAA	0.0902746	-0.553064	-0.570472	-0.237212	-0.388415
UAUAA	0.0329543	-0.123292	-0.523487	-0.0616276	0.0880927
ACUAA	0.0593625	-0.172108	-0.381867	-0.0669017	-0.521323
CCUAA	0.0481117	-0.205687	-0.241252	-0.057643	-0.425096
GCUAA	0.0636732	-0.546519	-0.293054	-0.117573	-0.288745
UCUAA	-0.0151475	-0.0090493	0.120021	-0.00919639	0.215999
AGUAA	0.0348803	-0.243638	-0.101446	-0.120586	-0.235098
CGUAA	0.0355279	-0.143076	-0.219924	-0.114783	-0.208156
GGUAA	-0.0562436	0.969924	0.175952	-0.0392152	-0.0577961
UGUAA	0.0203392	0.206233	-0.185257	-0.163082	-0.247279
AUUAA	0.0759022	-0.328935	-0.303571	-0.0727801	-0.748458
CUUAA	0.0187304	0.0866071	-0.263347	-0.0135414	-0.180141
GUUAA	0.0431955	-0.218734	-0.285047	-0.0980606	-0.225582
UUUAA	0.0437784	0.0535916	-0.361345	-0.0917629	-0.455904
AAACA	0.0286842	-0.0793823	-0.381511	-0.105366	0.0205649
CAACA	0.0731461	-0.190657	-0.529828	-0.256448	-0.428243
GAACA	-0.0155832	-0.00290224	0.0142092	-0.0749657	0.341906
UAACA	0.0508397	-0.252698	-0.427917	-0.125265	-0.197074
ACACA	-0.0249395	0.266619	-0.130498	0.085516	0.268618
CCACA	0.0133216	-0.0167777	0.112112	-0.0423101	-0.315247
GCACA	0.0694607	-0.452416	-0.474617	-0.181463	-0.240353
UCACA	0.0288564	-0.214041	-0.0998211	-0.0999361	-0.129311
AGACA	0.0988701	-0.22806	-0.214425	-0.140015	-1.31241
CGACA	0.00291199	0.179059	-0.322537	-0.0377547	0.101843
GGACA	0.0101059	-0.425565	0.1372	-0.0239457	0.114439
UGACA	0.0300046	-0.246527	-0.262175	-0.245486	0.189542
AUACA	0.0614305	-0.168095	-0.379003	-0.306545	-0.339781
CUACA	0.0667296	-0.39154	-0.588268	-0.146916	-0.147701
GUACA	0.0385126	-0.19463	-0.446518	-0.0804817	-0.0283869
UUACA	-0.0325758	0.70656	0.197222	-0.0984441	-0.183026
AACCA	0.027998	-0.100727	-0.125345	-0.145647	-0.167817
CACCA	0.0709549	-0.370812	-0.57105	-0.161218	-0.247912
GACCA	0.0395795	0.154752	-0.309342	-0.0279457	-0.584791
UACCA	0.00537376	0.195332	0.0834127	-0.152187	-0.240192
ACCCA	0.025961	0.0978373	-0.246852	-0.0879857	-0.249191
CCCCA	0.0117538	0.0848492	0.025793	-0.0742065	-0.267773
GCCCA	0.0325968	-0.369774	-0.0979554	-0.0881768	-0.0869816
UCCCA	0.0752008	-0.360356	-0.409325	-0.26633	-0.405597
AGCCA	0.056638	-0.286741	-0.273463	-0.165006	-0.349751
CGCCA	0.044499	-0.251498	-0.209153	-0.234123	-0.178099
GGCCA	0.0385098	-0.0742015	-0.262226	-0.263665	-0.147093
UGCCA	0.0317551	-0.0610909	-0.351187	-0.0561996	-0.162238
AUCCA	0.0368652	-0.124119	-0.295887	-0.255907	-0.0259851
CUCCA	0.0256001	-0.128975	-0.0201485	-0.138213	-0.224917
GUCCA	0.00204702	0.096676	0.11702	-0.0419015	-0.191729
UUCCA	0.029098	-0.0385204	-0.113621	-0.0475031	-0.386821
AAGCA	0.0281634	-0.273762	-0.314091	-0.20206	0.214507
CAGCA	0.011931	0.22208	-0.066629	-0.196842	-0.176486
GAGCA	-0.123724	1.46708	0.369957	-0.13905	0.644422
UAGCA	0.0244501	-0.120361	-0.227473	-0.0716333	-0.0370969
ACGCA	-0.00864613	0.252342	-0.0792739	-0.00190612	-0.0250332
CCGCA	-0.0508363	0.930089	0.296277	-0.105923	-0.141659
GCGCA	-0.079385	0.778098	0.575496	0.0936005	0.0629672
UCGCA	0.0106804	0.1083	-0.113967	-0.0265324	-0.157287
AGGCA	-0.119016	1.0179	0.762863	0.140991	0.373534
CGGCA	-0.00687899	0.172724	0.362036	-0.121978	-0.274566
GGGCA	-0.161736	1.23649	1.60339	0.0278799	0.195626
UGGCA	-0.0150557	0.0708769	0.358163	-0.0822564	-0.0420343
AUGCA	-0.00445921	0.30391	-0.230504	-0.0444928	0.0433397
CUGCA	-0.0345681	0.610445	-0.00127231	-0.0143785	0.0496661
GUGCA	-0.0775621	1.30733	0.213145	-0.025017	-0.01192
UUGCA	-0.0265118	0.459751	-0.0478531	0.129843	-0.049282
AAUCA	0.00189121	0.111605	-0.0695164	-0.0180887	-0.0607939
CAUCA	0.0438377	-0.399217	-0.293533	-0.0752142	-0.0922001
GAUCA	0.054308	-0.235425	-0.635722	-0.225739	0.0347092
UAUCA	0.0177829	-0.203369	0.0522994	-0.0321876	-0.149438
ACUCA	-0.0184563	0.448133	0.110773	-0.131321	-0.0700197
CCUCA	-0.0330628	0.251494	0.206094	-0.0317145	0.185781
GCUCA	0.00316652	0.0652303	-0.0499593	-0.0360059	-0.029116
UCUCA	0.0555711	-0.301905	-0.288587	-0.0417045	-0.442065
AGUCA	0.041485	-0.345181	0.0630055	-0.236832	-0.283387
CGUCA	0.0437855	-0.418488	-0.160362	-0.139122	-0.129223
GGUCA	-0.033835	0.0755561	0.458033	-0.107956	0.202072
UGUCA	0.00597464	-0.0474047	-0.0809664	-0.0939007	0.10305
AUUCA	0.0211194	-0.189597	-0.127053	-0.0274368	-0.0564458
CUUCA	-0.00646221	0.250558	0.0943341	-0.0388284	-0.159501
GUUCA	0.0165125	0.0697148	-0.143867	-0.133559	-0.104205
UUUCA	0.0686847	-0.423702	-0.300951	-0.22	-0.402026
AAAGA	0.0402076	-0.156809	-0.365077	-0.0938657	-0.149842
CAAGA	0.0254115	-0.166089	-0.175043	-0.0312199	-0.0902037
GAAGA	0.0279448	0.0550111	-0.147084	-0.158168	-0.312003
UAAGA	0.0435702	-0.164396	-0.188383	-0.153885	-0.337773
ACAGA	0.0487076	-0.222025	-0.417464	-0.191744	-0.111443
CCAGA	0.0283283	-0.115909	-0.183619	-0.134801	-0.138159
GCAGA	-0.0159953	0.423958	-0.00321287	-0.0636461	-0.0513423
UCAGA	0.0334422	-0.180569	-0.343716	-0.0906492	-0.00392306
AGAGA	-0.227528	2.43367	-0.663822	-0.175412	2.65267
CGAGA	0.0409508	-0.480188	-0.190927	-0.0447484	-0.0828702
GGAGA	0.0562992	-0.25261	-0.353247	-0.247363	-0.253406
UGAGA	0.0536271	0.126107	-0.485009	-0.326367	-0.349497
AUAGA	0.0552993	-0.318319	-0.260287	-0.134616	-0.379686
CUAGA	0.0297106	-0.0493138	-0.431175	0.0485196	-0.162212
GUAGA	0.0191556	-0.168824	-0.00547056	-0.0641916	-0.134895
UUAGA	0.0392374	-0.317702	-0.16774	-0.0284871	-0.226096
AACGA	0.0308334	-0.257924	0.232773	-0.199082	-0.361977
CACGA	0.0234707	0.457199	-0.566731	-0.0904378	-0.240067
GACGA	0.0828441	-0.620157	-0.473591	-0.235056	-0.290573
UACGA	-0.0199221	0.46061	-0.0692372	0.00652375	-0.00674686
ACCGA	0.062938	-0.38614	-0.415867	-0.201824	-0.208186
CCCGA	0.0356526	-0.271269	-0.169252	-0.111479	-0.130658
GCCGA	0.0442475	0.250347	-0.765225	-0.104935	-0.222884
UCCGA	0.019336	-0.0721822	-0.156563	-0.131389	-0.0430871
AGCGA	0.0575095	-0.637385	-0.118645	-0.186335	-0.15789
CGCGA	0.011467	0.205547	-0.150043	0.0241245	-0.307857
GGCGA	0.0500503	-0.134729	-0.286746	-0.192491	-0.327775
UGCGA	0.0467895	-0.241209	-0.230161	-0.167785	-0.284812
AUCGA	0.0117	-0.0768294	-0.0146542	-0.0216847	-0.0928949
CUCGA	-0.050402	0.511215	0.119881	0.137086	0.20517
GUCGA	0.0282675	-0.18235	-0.188269	0.00531873	-0.168469
UUCGA	-0.015485	0.331436	0.110916	-0.0732652	-0.0473898
AAGGA	0.0183846	-0.00979975	-0.217676	-0.0722946	-0.062557
CAGGA	-0.276355	1.62719	2.13842	0.332827	1.12124
GAGGA	0.0556621	-0.461622	-0.0399957	-0.119637	-0.429236
UAGGA	0.00811673	0.144126	-0.271036	-0.0484219	0.00900693
ACGGA	0.0300517	-0.185672	-0.230669	0.00171353	-0.192649
CCGGA	-0.0326246	0.0376672	0.928722	-0.124039	-0.197315
GCGGA	0.0433368	0.161307	-0.663802	-0.237426	-0.122604
UCGGA	0.0590829	-0.302623	-0.430715	-0.184352	-0.223904
AGGGA	-0.00789195	0.359392	-0.0687941	-0.125047	-0.0326146
CGGGA	-0.138825	0.620446	1.97031	0.162272	-0.136783
GGGGA	0.201978	-1.91092	-0.897804	-0.220325	-0.856927
UGGGA	0.0343898	-0.254553	0.00434612	-0.118166	-0.300036
AUGGA	0.045658	-0.352191	-0.162146	-0.17082	-0.205014
CUGGA	-0.307472	1.39369	3.93938	0.170167	0.0681168
GUGGA	0.0171613	-0.0447158	-0.180987	-0.0573112	-0.0591744
UUGGA	0.100294	-0.732697	-0.490318	-0.331733	-0.371421
AAUGA	0.0353734	-0.0985371	-0.140683	-0.097402	-0.35475
CAUGA	0.0714516	-0.417353	-0.514499	-0.202455	-0.240206
GAUGA	0.0981593	-0.396071	-0.58653	-0.309598	-0.631702
UAUGA	8.70006e-05	0.272664	-0.127012	-0.11511	-0.0302117
ACUGA	0.0728796	-0.088948	-0.461473	-0.192982	-0.670508
CCUGA	-0.00449887	0.170807	-0.0416438	-0.0284303	-0.0314924
GCUGA	0.051745	-0.642823	-0.135396	-0.158341	-0.0936717
UCUGA	-0.0293051	0.421714	0.210382	0.0490286	-0.128274
AGUGA	0.0431387	-0.456548	-0.238847	-0.021793	-0.0993354
CGUGA	0.0326386	-0.311533	-0.167965	-0.0966285	-0.0639249
GGUGA	-0.0296836	0.522382	-0.033716	-0.0051702	0.0867399
UGUGA	0.000843891	0.255044	-0.0516567	-0.0864087	-0.14918
AUUGA	0.0174694	-0.148691	-0.152937	0.0186356	-0.0741162
CUUGA	0.0458601	-0.431348	-0.129256	-0.0183162	-0.318564
GUUGA	-0.0286302	0.715158	-0.312	-0.0918112	0.231855
UUUGA	0.0212072	0.198012	-0.381132	-0.142211	-0.0639994
AAAUA	0.0418808	-0.141529	-0.296888	-0.149296	-0.207884
CAAUA	0.0294492	-0.0847181	-0.347126	-0.0131541	-0.130167
GAAUA	0.0651605	-0.498592	-0.370619	-0.261372	-0.109459
UAAUA	0.0651503	-0.269571	-0.514546	-0.157334	-0.311788
ACAUA	0.0531942	-0.222863	-0.295329	-0.253202	-0.259755
CCAUA	0.0674084	-0.351887	-0.478233	-0.148435	-0.297643
GCAUA	0.0233751	0.384337	-0.230678	-0.247609	-0.384017
UCAUA	0.0481432	-0.247922	-0.314132	-0.0883483	-0.272027
AGAUA	-0.0126548	0.555095	-0.581924	-0.00939523	0.25823
CGAUA	0.0329442	-0.0433752	-0.357026	-0.0775604	-0.178699
GGAUA	0.0336654	-0.453889	0.306572	-0.14273	-0.375423
UGAUA	0.0428696	-0.223428	-0.447518	-0.0966382	-0.0546526
AUAUA	0.0857267	-0.215817	-0.560727	-0.347682	-0.521205
CUAUA	0.0135601	0.172305	-0.303937	-0.006744	-0.144729
GUAUA	0.0121389	-0.0638817	-0.0546474	0.0696224	-0.190968
UUAUA	0.0256464	-0.101462	-0.304295	-0.0755448	-0.00561991
AACUA	0.0519687	-0.3396	-0.208183	-0.210801	-0.26033
CACUA	0.0391327	0.132398	-0.415548	-0.136525	-0.32365
GACUA	0.0743276	0.0653275	-0.436002	-0.201636	-0.835186
UACUA	0.0320269	-0.0733279	-0.399308	-0.0358767	-0.126949
ACCUA	0.0401939	-0.227364	-0.29684	-0.124701	-0.117824
CCCUA	0.047395	0.0454065	-0.363308	-0.149142	-0.437882
GCCUA	0.0387263	-0.131053	-0.298241	-0.0890979	-0.238436
UCCUA	0.0767465	-0.498042	-0.134994	-0.214718	-0.609492
AGCUA	0.058286	-0.328626	-0.426047	-0.200104	-0.159994
CGCUA	0.0296742	0.22959	-0.391728	-0.154815	-0.259262
GGCUA	-0.0363826	0.60357	0.177283	-0.0815764	0.0125981
UGCUA	-0.0279401	0.153501	0.0925824	0.170852	0.129194
AUCUA	0.0486453	-0.270219	-0.156903	-0.179931	-0.315209
CUCUA	0.0294558	-0.0150689	-0.291531	-0.179585	-0.060167
GUCUA	0.0321066	-0.459729	-0.0942184	0.0133409	-0.0610015
UUCUA	0.00769378	-0.039821	0.0167343	-0.0880662	-0.0511036
AAGUA	0.0610785	-0.391447	-0.358212	-0.0668836	-0.374725
CAGUA	0.0497486	-0.117564	-0.378598	-0.082318	-0.361983
GAGUA	-0.0282554	0.0308861	0.151551	0.0330112	0.315584
UAGUA	0.0203909	-0.0736739	-0.332026	-0.0674018	0.0859092
ACGUA	0.0278833	-0.281782	-0.0957973	-0.214205	0.0776786
CCGUA	0.032194	0.199361	-0.29816	-0.165842	-0.368481
GCGUA	-0.0575723	0.846191	0.1182	-0.0724596	0.222374
UCGUA	0.0160306	-0.122392	-0.166581	0.0622678	-0.103797
AGGUA	-0.0623575	0.59512	0.575206	0.0291129	0.00113408
CGGUA	-0.0394027	0.493674	0.463788	-0.00866608	-0.202514
GGGUA	-0.0633032	0.507067	0.715367	-0.0891216	0.0818393
UGGUA	-0.0743322	0.331502	0.758465	0.0929456	0.228585
AUGUA	0.0394497	-0.215258	-0.328663	-0.131802	-0.0993883
CUGUA	0.0590113	-0.28604	-0.204167	-0.256789	-0.377865
GUGUA	0.0312239	-0.057722	-0.234117	-0.246541	-0.0326173
UUGUA	0.0562608	-0.180256	-0.448791	-0.173515	-0.297868
AAUUA	0.0617935	-0.255289	-0.250039	-0.0849379	-0.630873
CAUUA	0.002515	0.140562	-0.156018	1.76729e-05	-0.038466
GAUUA	0.043744	-0.293647	-0.070339	-0.0822391	-0.394881
UAUUA	0.0332563	-0.140131	-0.102885	-0.106603	-0.316877
ACUUA	0.0428235	0.0556734	-0.445392	-0.0444058	-0.363306
CCUUA	0.0322811	-0.238667	-0.0371237	-0.0584917	-0.313467
GCUUA	0.0143694	0.187478	-0.182463	-0.103304	-0.181608
UCUUA	-0.0616588	0.782009	0.284502	0.0928766	0.0103568
AGUUA	0.00760262	0.252771	-0.333825	-0.0929741	0.026168
CGUUA	0.0214099	0.088459	-0.189891	-0.0106625	-0.294662
GGUUA	0.0388898	-0.871126	0.662753	-0.254117	-0.310432
UGUUA	0.0190304	-0.16485	-0.127409	-0.0126154	-0.0651077
AUUUA	0.0308548	-0.0705078	-0.183186	-0.0266816	-0.297442
CUUUA	0.0331328	0.0599812	-0.110136	-0.222402	-0.370503
GUUUA	0.0423674	-0.156792	-0.373803	-0.0894094	-0.163666
UUUUA	0.00592489	-0.0172536	-0.264316	-0.000995359	0.145297
AAAAC	0.0723954	-0.251831	-0.787332	-0.279648	-0.0715232
CAAAC	0.0123199	0.0763653	-0.283572	-0.068956	0.018772
GAAAC	0.0405325	-0.161012	-0.0919951	-0.0255697	-0.494049
UAAAC	0.0131117	0.0281442	-0.00282638	-0.0807926	-0.182626
ACAAC	0.0496085	-0.0297335	-0.319744	-0.225239	-0.392953
CCAAC	0.0362138	-0.0780558	-0.368504	-0.0217056	-0.200615
GCAAC	-0.00476443	0.327922	-0.0817517	-0.152328	-0.0176716
UCAAC	0.0677114	-0.401781	-0.155447	-0.238404	-0.511709
AGAAC	0.0704013	-0.0318722	0.153734	-0.109227	-1.37657
CGAAC	0.0422648	-0.188604	-0.580723	-0.133789	0.0970522
GGAAC	-0.0805087	0.599913	0.832589	0.086551	0.0158322
UGAAC	0.0524587	-0.405305	-0.376679	-0.130609	-0.0814944
AUAAC	-0.00243045	0.0713502	-0.16866	0.00972612	0.156811
CUAAC	0.0173601	-0.173188	-0.262446	0.0388674	0.0395696
GUAAC	-0.0370244	0.810189	-0.00632047	0.0237624	-0.112573
UUAAC	0.0538857	-0.0987613	-0.320859	-0.216467	-0.387088
AACAC	0.0123226	-0.0639008	-0.245533	-0.00818357	0.057755
CACAC	-0.0210614	0.324731	0.040894	-0.0341812	0.0868253
GACAC	0.0541357	-0.2767	-0.304948	-0.0776939	-0.394808
UACAC	0.0267406	0.359658	-0.428126	-0.156775	-0.302872
ACCAC	0.0525474	-0.101764	-0.187448	-0.175598	-0.54981
CCCAC	0.0617354	-0.237567	-0.446218	-0.162376	-0.319825
GCCAC	0.047274	-0.206835	-0.375505	-0.193392	-0.149243
UCCAC	0.00333517	0.123404	-0.000135141	-0.0137464	-0.179796
AGCAC	0.0117534	0.233702	-0.311529	-0.208013	0.0486035
CGCAC	0.113378	-0.778092	-0.514246	-0.342746	-0.557451
GGCAC	-0.0525213	0.180153	0.896388	-0.00721976	-0.0564986
UGCAC	0.0410701	-0.089276	-0.408056	-0.10372	-0.211106
AUCAC	-0.0211543	0.10865	-0.028112	-0.0443989	0.386288
CUCAC	0.0113028	-0.0868522	-0.0203008	-0.130853	0.0419157
GUCAC	-0.0156634	0.0930854	0.309127	-0.141717	0.0134764
UUCAC	0.0287255	-0.0655669	-0.038817	-0.138152	-0.298398
AAGAC	0.0586865	-0.312968	-0.331557	-0.140912	-0.380976
CAGAC	0.0768154	-0.428608	-0.412678	-0.195628	-0.44114
GAGAC	0.0263813	0.282337	-0.505917	-0.400698	0.12094
UAGAC	0.0349828	-0.208366	-0.262838	-0.0535301	-0.153345
ACGAC	0.0207053	0.248825	-0.358469	-0.0777012	-0.223683
CCGAC	0.0113669	0.109906	-0.00112034	-0.135037	-0.183391
GCGAC	0.000146435	0.508795	-0.262334	-0.163129	-0.111057
UCGAC	-0.000281614	0.222457	-0.0765106	-0.0107376	-0.107424
AGGAC	-0.116205	0.734141	0.736398	0.264257	0.46862
CGGAC	0.0291881	-0.208488	0.0361328	-0.15901	-0.202732
GGGAC	0.00377055	-0.461016	0.688222	0.0755486	-0.373979
UGGAC	-0.106326	0.796433	0.926319	0.0340685	0.25825
AUGAC	-0.00555507	0.405568	-0.175525	-0.204195	0.0892018
CUGAC	0.0585904	-0.259026	-0.399513	-0.14273	-0.348837
GUGAC	0.0258213	-0.119391	-0.0503573	-0.0683317	-0.251753
UUGAC	-0.0100566	0.155311	-0.190332	-0.0106706	0.219216
AAUAC	0.0635104	-0.358192	-0.274036	-0.221938	-0.369987
CAUAC	0.0291734	0.0291215	-0.148078	-0.151186	-0.276474
GAUAC	-0.0409015	0.653455	-0.108529	-0.0594798	0.296803
UAUAC	0.0464296	-0.15333	-0.338229	-0.208267	-0.21158
ACUAC	0.0231125	0.17191	-0.344966	-0.0526061	-0.234287
CCUAC	0.0325346	-0.067355	-0.256078	-0.161813	-0.164701
GCUAC	0.00251104	0.270398	-0.0918438	-0.132972	-0.0908196
UCUAC	0.035586	-0.140205	-0.297232	-0.0457825	-0.200909
AGUAC	0.0469225	-0.290593	-0.510035	-0.084384	-0.0363128
CGUAC	0.0202651	-0.0951731	-0.167498	-0.0446175	-0.0765321
GGUAC	-0.108469	0.928125	1.05333	0.0257713	0.0578004
UGUAC	0.0609349	-0.517066	-0.317649	-0.155293	-0.16513
AUUAC	0.0245475	-0.117109	0.0451808	-0.084258	-0.289621
CUUAC	0.0124441	0.338721	-0.229294	-0.140482	-0.230984
GUUAC	-0.0378603	0.454584	0.302939	0.046453	-0.10187
UUUAC	0.0294264	-0.175871	-0.0945572	-0.146161	-0.165613
AAACC	0.0430377	-0.049345	-0.560565	0.00221085	-0.245498
CAACC	0.0326259	-0.158793	-0.335316	-0.111588	-0.0184578
GAACC	0.0735321	-0.262937	-0.364138	-0.110571	-0.704606
UAACC	-0.00532699	0.206238	-0.0615445	-0.0889831	0.0541513
ACACC	0.0863542	-0.399553	-0.801256	-0.140635	-0.314035
CCACC	0.0801262	-0.435417	-0.677053	-0.206435	-0.231135
GCACC	0.0446325	-0.425919	-0.264388	-0.154355	-0.0296263
UCACC	0.0160985	-0.195697	-0.217696	-0.191873	0.274351
AGACC	0.116159	-0.114197	-0.659484	-0.363804	-1.13402
CGACC	0.0288491	0.257843	-0.211388	-0.125755	-0.47509
GGACC	-0.190558	1.27363	1.89071	0.107615	0.340771
UGACC	0.0341009	-0.195185	-0.134745	-0.0946654	-0.266654
AUACC	0.00314331	0.224214	-0.240893	-0.0712603	0.0252727
CUACC	0.00986236	0.277699	-0.198681	-0.102955	-0.164958
GUACC	0.005236	0.0819798	0.227138	-0.0673439	-0.360264
UUACC	0.070428	-0.486595	-0.395517	-0.198703	-0.267567
AACCC	0.0065838	0.0813279	-0.0347472	-0.0101887	-0.164283
CACCC	0.0572544	-0.425776	-0.51368	-0.106235	-0.0721521
GACCC	0.0342133	-0.00774908	0.289093	-0.168756	-0.785915
UACCC	0.0267756	-0.26424	-0.13488	0.00907993	-0.152708
ACCCC	0.0387394	-0.416855	-0.00916063	-0.0237251	-0.282562
CCCCC	0.0645776	-0.431835	-0.235164	-0.136624	-0.458918
GCCCC	0.0202515	-0.0629984	0.195022	-0.134705	-0.405078
UCCCC	0.00557431	-0.128018	-0.0811646	0.086602	0.00224365
AGCCC	0.0606353	-0.25545	-0.558938	-0.348396	-0.0210995
CGCCC	0.0468289	-0.184882	-0.251559	-0.142332	-0.312476
GGCCC	-0.0477366	0.0959157	1.00279	-0.0744631	-0.114985
UGCCC	0.00769621	0.298651	-0.169196	-0.0915729	-0.172822
AUCCC	-0.00212068	0.264899	-0.147248	0.0831718	-0.162342
CUCCC	0.0152157	-0.0941025	0.110779	-0.0855642	-0.212695
GUCCC	-0.0363366	0.468467	0.606481	0.0251676	-0.420352
UUCCC	0.0996825	-1.08798	-0.397971	-0.157714	-0.258473
AAGCC	0.00811106	0.0776534	-0.0335955	-0.0483439	-0.163622
CAGCC	0.0659071	-0.354581	-0.382038	-0.239859	-0.272288
GAGCC	-0.0127502	0.259842	0.0605048	-0.221418	0.139221
UAGCC	0.0924248	-0.643335	-0.62098	-0.218285	-0.291813
ACGCC	0.00131843	0.237148	0.166553	-0.0780228	-0.370763
CCGCC	0.0585191	-0.40712	-0.302888	-0.12826	-0.306793
GCGCC	-0.00630408	0.292812	0.10891	-0.129307	-0.16073
UCGCC	0.0414693	0.233783	-0.433268	-0.249141	-0.376882
AGGCC	0.0508963	-0.719209	0.0792772	-0.0315852	-0.333906
CGGCC	-0.0121201	0.28531	0.420829	-0.187479	-0.28501
GGGCC	-0.135931	1.07291	1.07529	-0.0351862	0.475418
UGGCC	-0.137508	1.63162	0.910171	-0.0159499	0.109278
AUGCC	-0.00851662	0.492401	-0.192016	-0.0533865	-0.0879932
CUGCC	0.0236875	0.0975949	-0.286287	-0.0616111	-0.215486
GUGCC	-0.0686822	1.00836	0.121873	0.106934	0.0935503
UUGCC	-0.0374847	0.717301	0.0308688	-0.0356661	-0.0162055
AAUCC	0.0390076	-0.0117527	-0.377373	-0.118686	-0.249925
CAUCC	0.0168936	-0.05017	-0.165569	-0.132788	0.0492361
GAUCC	0.0274871	0.133464	0.0143808	-0.0802653	-0.593599
UAUCC	0.0318865	-0.224211	-0.191988	-0.149968	-0.0593222
ACUCC	-0.00470113	0.0659853	0.266692	-0.182869	-0.0506024
CCUCC	0.0563803	-0.59218	-0.181971	-0.0850986	-0.204817
GCUCC	-0.0290139	0.14264	0.461053	-0.0191502	-0.0175814
UCUCC	0.0689234	-0.332882	-0.536665	-0.112518	-0.327498
AGUCC	0.028776	-0.0374971	0.0426267	-0.192696	-0.351253
CGUCC	0.0253333	-0.0383204	-0.206907	-0.112698	-0.125778
GGUCC	-0.177087	1.22052	2.00844	0.102685	-0.00208327
UGUCC	0.0443706	-0.184162	-0.271839	-0.136777	-0.296815
AUUCC	0.0846314	-0.734747	-0.320653	-0.279766	-0.294214
CUUCC	0.0584024	-0.591258	-0.104207	-0.254853	-0.169894
GUUCC	-0.0103089	0.296654	-0.03935	0.0113221	-0.0812916
UUUCC	0.0327507	0.052278	-0.373107	-0.0519627	-0.280174
AAAGC	0.0100189	-0.0727594	-0.387119	-0.00904258	0.256872
CAAGC	0.0462055	-0.0102765	-0.410484	-0.108467	-0.340373
GAAGC	-0.0289296	0.746582	0.0238522	-0.1415	-0.08728
UAAGC	0.0194728	-0.0327111	0.0862302	-0.141539	-0.304354
ACAGC	0.0278775	-0.091251	-0.158471	-0.21443	-0.0794685
CCAGC	0.033427	-0.068964	-0.125704	-0.178096	-0.283274
GCAGC	0.00634802	0.396069	-0.329437	-0.19247	-0.00176015
UCAGC	0.0168413	0.180793	-0.20646	-0.193566	-0.113257
AGAGC	-0.387085	3.05799	0.450174	0.00920859	3.69996
CGAGC	-0.00524033	0.262602	0.10203	-0.149243	-0.131671
GGAGC	-0.0421929	0.710708	-0.0554875	0.0237178	0.117936
UGAGC	-0.0239027	0.25747	0.424129	-0.189875	-0.0136303
AUAGC	-0.0156851	0.494894	-0.142272	0.0467261	-0.100215
CUAGC	0.0225725	0.439363	-0.474117	-0.126766	-0.29253
GUAGC	0.00702176	0.0589888	0.0577352	-0.149627	-0.117444
UUAGC	0.0572561	-0.383703	-0.498306	-0.0817563	-0.11889
AACGC	-0.0267863	0.405808	0.349705	0.00616432	-0.259101
CACGC	0.00436291	0.0100266	0.0826321	-0.10473	-0.0948163
GACGC	-0.0825024	1.00497	0.156824	0.115522	0.319677
UACGC	-0.0305251	0.66646	-0.00135178	0.0393077	-0.113027
ACCGC	-0.0130704	0.378604	-0.123839	-0.0959694	0.0879101
CCCGC	-0.0191974	0.485562	-0.0219161	0.00854546	-0.11634
GCCGC	-0.0412485	0.879659	0.181896	-0.0693484	-0.208384
UCCGC	-0.0193198	0.75306	-0.189154	-0.113381	-0.0757706
AGCGC	-0.0317805	0.494118	0.0226042	-0.106299	0.172393
CGCGC	-0.0802338	1.12052	0.122548	0.419146	-0.146481
GGCGC	-0.205783	2.73406	1.21766	-0.0691889	-0.0308964
UGCGC	-0.0284816	0.906484	-0.156263	-0.139167	-0.0579663
AUCGC	-0.0821226	1.18263	0.134849	0.157015	0.101913
CUCGC	0.0101925	0.163947	-0.10419	-0.0305149	-0.204936
GUCGC	-0.000518772	0.566604	-0.422269	-0.092301	-0.0675044
UUCGC	0.0197714	0.160966	0.0431626	-0.163459	-0.420289
AAGGC	0.0109068	-0.0703464	-0.140756	-0.0659472	0.0871079
CAGGC	-0.467869	2.84093	4.07122	0.841893	0.811922
GAGGC	-0.0534015	1.0474	-0.539217	-0.149585	0.636773
UAGGC	-0.00732399	0.352912	-0.125639	-0.131877	0.0363427
ACGGC	-0.00500125	0.538248	-0.0332405	-0.237375	-0.190094
CCGGC	-0.180476	1.50549	2.16378	-0.0983589	-0.196987
GCGGC	-0.0209869	0.566303	0.363232	-0.1649	-0.367263
UCGGC	-0.0415426	0.921509	0.0176187	-0.0675861	-0.103908
AGGGC	-0.0478712	0.395551	0.113037	-0.260731	0.679482
CGGGC	-0.690952	6.12687	4.79612	0.421776	0.623422
GGGGC	0.0421365	-0.588957	0.237126	-0.266444	-0.212452
UGGGC	-0.0949009	1.31026	0.578798	0.0357771	-0.0879803
AUGGC	0.00902479	0.329634	-0.123133	-0.279346	-0.0974253
CUGGC	-0.643792	4.1357	5.79851	0.723424	0.752649
GUGGC	-0.0491754	1.36101	-0.350802	-0.100693	0.0149914
UUGGC	-0.0426696	1.34193	-0.274605	-0.136839	-0.122593
AAUGC	0.0432283	-0.0144857	-0.264443	-0.20196	-0.335295
CAUGC	0.0156718	0.32515	-0.273007	-0.120972	-0.210931
GAUGC	-0.0438336	0.82466	-0.251739	-0.0810151	0.338792
UAUGC	-0.033695	0.561044	-0.0866604	0.0251775	0.135894
ACUGC	-0.0362199	0.520468	-0.0463124	0.157532	0.0532336
CCUGC	0.00371038	0.198621	0.0473533	-0.129413	-0.200606
GCUGC	-0.135842	2.6777	-0.106439	0.0151311	-0.0641959
UCUGC	-0.0118149	0.753953	-0.170254	-0.0872205	-0.298132
AGUGC	-0.166013	2.70744	0.0742458	-0.0239711	0.333252
CGUGC	-0.0186568	0.569609	-0.160894	0.0507823	-0.103024
GGUGC	-0.105418	1.34413	0.571591	0.0726525	0.0354213
UGUGC	-0.020868	0.634369	-0.217286	0.0921277	-0.109665
AUUGC	-0.0198776	0.528605	-0.0321335	0.0418128	-0.144913
CUUGC	-0.0218754	0.740771	-0.0845128	0.0127122	-0.255049
GUUGC	-0.179215	3.21536	-0.00651181	0.0379995	0.044378
UUUGC	-0.0215502	0.918499	-0.363595	-0.0974503	-0.0289426
AAAUC	0.0217846	-0.0936101	-0.114709	-0.0775844	-0.111971
CAAUC	0.0312242	-0.0674205	-0.142419	-0.00291245	-0.40571
GAAUC	0.021021	0.170531	-0.188382	-0.0639831	-0.314605
UAAUC	0.0384366	0.0782017	-0.298954	-0.111751	-0.408758
ACAUC	0.0408749	-0.314176	-0.3673	-0.0838846	-0.0535446
CCAUC	0.0386747	-0.250835	-0.227522	-0.108679	-0.169334
GCAUC	-0.00737273	-0.0416748	0.240493	-0.0290358	-0.0225388
UCAUC	-0.0170422	0.36317	-0.159449	0.0136457	0.132889
AGAUC	0.0636467	-0.533952	-0.143998	-0.139905	-0.388283
CGAUC	0.0143917	-0.135099	-0.0821091	-0.0189777	-0.0366153
GGAUC	-0.0373574	0.545045	0.288087	0.00580137	-0.133187
UGAUC	0.0344244	0.0561034	-0.461785	-0.0326784	-0.248571
AUAUC	0.0215581	-0.0461371	-0.261771	-0.0749145	-0.0342626
CUAUC	0.0700968	-0.462752	-0.451054	-0.201253	-0.257993
GUAUC	-0.0270836	0.576084	0.233081	-0.133371	-0.143055
UUAUC	-0.00975339	0.170004	0.185495	0.0258775	-0.181094
AACUC	-0.0067089	0.464614	-0.0426062	-0.0755483	-0.216966
CACUC	-0.012256	0.379964	0.153256	-0.150679	-0.131807
GACUC	-0.0198354	0.231606	0.364338	-0.147298	-0.0930064
UACUC	-0.0303703	0.233859	0.311704	0.00155945	0.0370168
ACCUC	0.0315343	0.0283062	-0.432657	-0.128982	-0.0756081
CCCUC	0.0155836	-0.386588	0.0235814	0.0128261	0.0559707
GCCUC	0.02041	-0.222853	0.116165	-0.0944431	-0.189926
UCCUC	0.028419	-0.0519845	-0.212488	-0.0558339	-0.215319
AGCUC	0.022272	-0.134652	-0.182946	0.0250036	-0.124469
CGCUC	-0.0377905	0.715249	-0.0871466	0.000726835	0.0976219
GGCUC	-0.119367	0.865076	1.32745	0.0352054	0.0548449
UGCUC	0.0451202	-0.17002	-0.434072	-0.0842614	-0.187588
AUCUC	0.0325913	0.105453	-0.400956	0.00728111	-0.320036
CUCUC	0.0832788	-0.777907	-0.271211	-0.269116	-0.270409
GUCUC	-0.0019085	-0.0632207	0.293101	-0.0763122	-0.0966385
UUCUC	0.0182239	0.0501515	-0.185273	-0.0508147	-0.163049
AAGUC	0.0454071	-0.321787	-0.139655	-0.19544	-0.219263
CAGUC	0.0670306	-0.455321	-0.439492	-0.257368	-0.143615
GAGUC	-0.00691763	0.0849797	0.240594	-0.153222	-0.0573489
UAGUC	0.0209342	-0.0667133	-0.06759	-0.0864837	-0.187752
ACGUC	-0.00202818	0.0442692	-0.00289227	0.00419702	0.0044201
CCGUC	0.0421016	0.0161097	-0.379149	-0.190652	-0.22931
GCGUC	0.0354332	-0.216013	-0.0767158	-0.24886	-0.140029
UCGUC	0.0134731	0.0524342	-0.0906587	-0.0878878	-0.107992
AGGUC	-0.192074	1.63909	1.67673	0.275664	0.0663826
CGGUC	-0.057737	0.222669	0.775955	0.0747938	0.0190612
GGGUC	-0.0429069	0.220769	0.547532	-0.123536	0.193571
UGGUC	-0.169432	1.61872	1.03341	0.356344	0.217928
AUGUC	0.0325644	-0.27749	-0.168505	-0.0477158	-0.105394
CUGUC	0.0361254	-0.369291	-0.243642	-0.0584903	-0.0399037
GUGUC	0.0309334	-0.0751809	-0.304623	-0.155985	-0.051012
UUGUC	0.0363511	-0.275683	-0.109887	-0.242915	-0.0898239
AAUUC	0.0689414	-0.394637	-0.329251	-0.332613	-0.297204
CAUUC	0.0599423	-0.364859	-0.369206	-0.0634609	-0.326227
GAUUC	-0.013838	0.182333	0.524522	-0.134028	-0.317171
UAUUC	0.0233804	-0.346626	-0.0334887	-0.012701	-0.0574827
ACUUC	-0.0274854	0.406973	0.00879675	-0.03082	0.16654
CCUUC	0.0364259	-0.252473	-0.279119	-0.0786739	-0.0912921
GCUUC	-0.112204	1.29931	0.932741	-0.0195258	-0.0674756
UCUUC	0.00993204	-0.199568	0.180272	-0.0569442	-0.115602
AGUUC	0.0198463	0.116762	-0.084478	-0.135187	-0.258202
CGUUC	0.0741057	-0.774022	-0.487369	-0.0672252	-0.10025
GGUUC	-0.145274	1.42514	1.40821	-0.0121221	-0.0456695
UGUUC	0.0650965	-0.522764	-0.316069	-0.150911	-0.281333
AUUUC	0.0984151	-0.437913	-0.64105	-0.328459	-0.486229
CUUUC	0.0702897	-0.602651	-0.401061	-0.212568	-0.118968
GUUUC	-0.0151207	0.271711	0.133348	-0.0380054	-0.0765741
UUUUC	0.0372632	0.027375	-0.341676	-0.0434287	-0.35685
AAAAG	0.0190564	-0.0802738	-0.308947	-0.110003	0.164061
CAAAG	0.0512543	-0.42171	-0.400353	-0.0658781	-0.108184
GAAAG	0.0665671	-0.165679	-0.791106	-0.100309	-0.24627
UAAAG	0.0454358	-0.138166	-0.409179	-0.0986614	-0.236697
ACAAG	0.0269529	-0.210936	-0.151583	-0.12224	-0.0441969
CCAAG	0.0330671	-0.054926	-0.269881	-0.0975112	-0.209474
GCAAG	-0.0159201	0.587002	-0.274068	-0.0640615	0.0609134
UCAAG	0.0390869	-0.164214	-0.19189	-0.0625592	-0.316254
AGAAG	0.0422316	0.0371215	0.0865296	-0.199541	-0.735472
CGAAG	0.0552721	-0.291891	-0.532116	-0.122113	-0.126452
GGAAG	0.0159201	0.36894	-0.607845	-0.225848	0.174451
UGAAG	-0.0103771	0.300281	0.18394	-0.0762532	-0.195156
AUAAG	0.0720944	-0.353124	-0.441065	-0.282389	-0.30629
CUAAG	0.0225828	-0.273185	0.182732	-0.0794429	-0.266045
GUAAG	0.0304786	-0.125577	0.125613	-0.281776	-0.310805
UUAAG	0.0177324	0.180289	-0.473676	0.0370941	-0.113903
AACAG	0.0228694	-0.0762369	-0.0903287	-0.128213	-0.167302
CACAG	0.0162903	-0.0732927	-0.12187	-0.0820229	-0.0343963
GACAG	-0.0203124	0.336512	0.0906858	-0.0648217	0.032108
UACAG	-0.00572424	-0.0449934	0.0403487	-0.0632142	0.17458
ACCAG	0.0101435	0.176913	-0.14009	-0.121881	-0.123421
CCCAG	0.0347888	0.0593766	-0.225707	-0.104644	-0.394774
GCCAG	0.0242899	0.0868766	-0.213899	-0.20909	-0.113516
UCCAG	0.00954118	0.100154	-0.0302964	-0.0679723	-0.169599
AGCAG	-0.148891	1.37306	0.860242	-0.0143675	0.635887
CGCAG	-0.260226	2.74875	1.52385	0.459122	0.154774
GGCAG	-0.29114	2.60944	2.04709	0.257833	0.564218
UGCAG	-0.169477	2.0152	0.769833	0.218807	0.233171
AUCAG	0.0633506	-0.333982	-0.249486	-0.24387	-0.379494
CUCAG	-0.0108874	0.253116	0.0481166	-0.0556205	-0.0237676
GUCAG	-0.000311622	-0.139409	0.0624492	-0.00554968	0.0866587
UUCAG	0.00439308	0.119514	-0.116112	-0.0851594	0.00155906
AAGAG	0.0453994	-0.138361	-0.242234	-0.188206	-0.284712
CAGAG	-0.019462	0.379791	-0.172309	0.0162102	0.129918
GAGAG	-0.0945956	1.82832	-0.310569	-0.0230831	0.3145
UAGAG	0.0622672	-0.103441	-0.583831	-0.0112042	-0.468727
ACGAG	0.0335814	-0.220234	-0.075267	-0.235104	-0.0972925
CCGAG	0.069051	-0.306238	-0.589532	-0.148169	-0.288711
GCGAG	-0.00180867	0.47488	-0.0126931	0.00698291	-0.434333
UCGAG	0.00225868	0.196218	-0.126499	-0.0536841	-0.0649616
AGGAG	0.0216023	-0.391595	-0.0989677	-0.195929	0.278347
CGGAG	0.0305395	-0.074558	-0.252186	-0.087097	-0.199853
GGGAG	0.0318975	-0.179686	0.00529481	-0.150353	-0.292075
UGGAG	-0.0342877	0.298246	0.306832	0.0286405	0.0353603
AUGAG	0.0408375	0.034782	-0.311812	-0.156417	-0.349021
CUGAG	-0.0123364	0.185407	0.193769	-0.0874867	-0.0429143
GUGAG	-0.00883041	0.382781	-0.165198	-0.0187639	-0.0149442
UUGAG	-0.0255623	0.441402	0.150478	-0.0574909	-0.0586765
AAUAG	0.0464275	-0.296021	-0.388588	-0.110063	-0.0933239
CAUAG	0.0473511	-0.0843014	-0.553179	-0.225646	-0.0664551
GAUAG	0.00436729	0.0360828	-0.153122	0.117928	-0.0937795
UAUAG	-0.0111413	0.105331	0.132764	0.0276461	-0.0686557
ACUAG	0.0637373	-0.174189	-0.385161	-0.246885	-0.439857
CCUAG	0.0593699	-0.229252	-0.434464	-0.175625	-0.285055
GCUAG	-0.0399603	1.08912	-0.209919	-0.050703	-0.0680842
UCUAG	0.0460423	-0.127595	-0.362738	-0.252523	-0.162408
AGUAG	-0.00868612	0.242363	-0.195525	0.0324254	0.0968702
CGUAG	0.00963991	0.0791167	-0.023063	-0.0527496	-0.19495
GGUAG	-0.0310131	0.26036	0.347286	0.0349073	-0.0298234
UGUAG	0.0635474	-0.226272	-0.495042	-0.292221	-0.217589
AUUAG	0.000236486	0.19633	-0.148846	0.00298397	-0.0456939
CUUAG	-0.00766379	0.231307	-0.011126	8.31722e-05	-0.0940939
GUUAG	0.0699726	-0.267653	-0.484044	-0.243041	-0.339851
UUUAG	0.0501391	-0.262995	-0.386244	-0.161338	-0.176622
AAACG	0.0169895	-0.0826215	0.103167	-0.174115	-0.189589
CAACG	0.0214422	0.0955077	0.0289334	-0.185636	-0.344785
GAACG	-0.0126864	0.222327	0.216671	0.0376623	-0.255749
UAACG	-0.000923143	0.267519	-0.0993628	-0.0718646	-0.058467
ACACG	-0.0124849	0.234924	0.113633	-0.0195037	-0.0603733
CCACG	0.0380143	-0.100435	-0.265248	-0.0813907	-0.281234
GCACG	0.0713644	-0.307786	-0.276428	-0.33211	-0.490261
UCACG	-0.0446856	0.523177	0.343568	-0.0525262	0.0335172
AGACG	0.0458785	-0.21484	-0.10906	-0.153849	-0.421997
CGACG	0.0466026	-0.298679	-0.288269	-0.154989	-0.125012
GGACG	0.0327101	-0.146688	-0.235659	-0.0430803	-0.179188
UGACG	-0.0106341	0.325971	0.0411775	-0.102877	-0.0769505
AUACG	-0.0433139	0.859989	0.046028	-0.0829694	-0.00989963
CUACG	0.0103751	0.343287	-0.18484	-0.0949741	-0.287489
GUACG	-0.00670248	0.10807	-0.249959	0.0324028	0.252162
UUACG	0.0486962	-0.364867	-0.230143	-0.0258144	-0.34425
AACCG	0.0255716	0.3088	-0.487309	-0.129615	-0.181923
CACCG	0.0819373	-0.616392	-0.466415	-0.368607	-0.121766
GACCG	-0.0501826	0.399747	0.873048	-0.129276	-0.205853
UACCG	0.00626084	0.38943	-0.285842	-0.186931	-0.0574447
ACCCG	0.0291031	0.065235	-0.146011	-0.113369	-0.37959
CCCCG	-0.0298406	0.42451	0.129968	0.0459536	-0.0203549
GCCCG	0.0684516	-0.44613	-0.389301	-0.242398	-0.245997
UCCCG	-0.0100429	0.109355	0.286308	-0.0451227	-0.193408
AGCCG	0.0214583	-0.0521113	0.0653253	-0.153392	-0.291944
CGCCG	-0.0123784	0.453731	0.233278	-0.113612	-0.32659
GGCCG	-0.157896	1.36771	1.6511	0.0297158	-0.036763
UGCCG	-0.0556267	0.867663	0.191996	0.0393873	-0.0326145
AUCCG	0.0323628	-0.146842	-0.104433	-0.0943668	-0.290336
CUCCG	-0.0231182	0.113646	0.282325	-0.0133469	0.0631035
GUCCG	-0.0475974	1.04437	0.0995076	-0.155141	-0.0872057
UUCCG	0.0230746	-0.0447227	-0.209904	-0.0770852	-0.112672
AAGCG	0.00760103	0.0864752	-0.02567	-0.103422	-0.120119
CAGCG	0.025738	-0.198081	-0.121421	-0.13387	-0.0586627
GAGCG	-0.145288	1.78843	0.214706	-0.125673	0.865248
UAGCG	-0.0157845	0.387916	-0.0508027	0.0194748	-0.0784799
ACGCG	-0.0670856	1.00104	0.21901	0.0846194	-0.0154563
CCGCG	-0.0910961	1.43477	0.0755369	0.0640869	0.179201
GCGCG	-0.0109289	0.0878781	0.217903	-0.0350452	-0.0533524
UCGCG	-0.0327603	0.669741	0.0987516	-0.0419994	-0.0844152
AGGCG	-0.0477923	0.616527	0.371833	0.000278418	-0.0481304
CGGCG	-0.118756	1.51658	0.941323	-0.0843384	-0.138833
GGGCG	-0.218392	2.53788	1.71366	-0.157812	0.020597
UGGCG	-0.156288	1.99082	0.98837	-0.0104229	-0.00450188
AUGCG	-0.0122752	0.552286	-0.0976127	-0.100189	-0.125507
CUGCG	-0.0389927	0.945588	-0.20279	0.000927215	-0.0257381
GUGCG	-0.0479316	1.12568	0.238188	-0.202905	-0.246807
UUGCG	-0.0675454	1.77567	-0.198874	-0.144548	-0.163298
AAUCG	0.00741506	0.0840028	0.0229955	0.0775085	-0.30862
CAUCG	0.00246926	0.162029	-0.125128	0.0269018	-0.125294
GAUCG	0.0156468	-0.148704	-0.178806	-0.102468	0.109777
UAUCG	-0.0279036	0.714705	0.0803492	-0.112555	-0.164716
ACUCG	-0.0260442	0.660921	-0.0292945	-0.04782	-0.0859876
CCUCG	0.0447937	-0.293087	-0.305724	-0.106419	-0.181449
GCUCG	-0.062537	0.860517	0.0645812	0.118859	0.145385
UCUCG	-0.0279312	0.567009	0.107731	-0.068977	-0.0895445
AGUCG	0.0168091	-0.0153106	-0.175391	-0.113052	-0.0243847
CGUCG	-0.00116205	0.127878	0.0565942	0.0163817	-0.157677
GGUCG	-0.119382	1.35501	0.392514	0.193303	0.329645
UGUCG	0.0639012	-0.348987	-0.557292	-0.180766	-0.149007
AUUCG	0.0117562	-0.0317025	-0.000665688	0.00959973	-0.201766
CUUCG	-0.0353564	0.726072	-0.0888791	0.0103035	0.0522191
GUUCG	-0.000802205	0.119132	0.187072	-0.0523401	-0.218069
UUUCG	0.0686031	-0.409051	-0.296254	-0.365123	-0.264023
AAAGG	0.0739371	-0.449292	-0.531575	-0.129982	-0.320361
CAAGG	0.0103334	0.0826122	-0.00215825	-0.0540053	-0.195462
GAAGG	0.0822327	-0.506611	-0.743227	-0.201126	-0.14809
UAAGG	0.0469786	-0.139599	-0.490274	-0.247776	-0.0320478
ACAGG	-0.123345	0.704661	1.06846	0.220871	0.366082
CCAGG	-0.0568743	0.974242	0.0587018	0.0337081	0.00932418
GCAGG	-1.23581	6.63513	9.70292	1.59832	1.71837
UCAGG	-0.0121119	-0.166122	0.461565	-0.0148396	-0.0531772
AGAGG	-0.0705423	1.21486	-0.5636	-0.226236	0.887771
CGAGG	0.0150898	0.361849	-0.407965	-0.0466956	-0.224582
GGAGG	0.0506626	-0.409997	-0.214427	-0.162532	-0.187462
UGAGG	-0.00391016	0.122602	-0.03889	0.0822216	-0.0690131
AUAGG	0.0477438	-0.473166	-0.337611	-0.0729528	-0.0493336
CUAGG	0.0649656	-0.32567	-0.255531	-0.385045	-0.270973
GUAGG	0.0138731	0.252455	-0.434751	-0.0589279	-0.0148853
UUAGG	0.0183463	0.0887306	-0.193806	-0.131259	-0.0888655
AACGG	0.0121794	0.397734	-0.119067	-0.124119	-0.392931
CACGG	0.0169867	0.0104614	-0.0135652	-0.183983	-0.167048
GACGG	0.0417836	-0.129845	-0.0789068	-0.185114	-0.429183
UACGG	0.0103194	0.336251	-0.176306	-0.204988	-0.1787
ACCGG	-0.0568093	1.01148	0.41634	-0.181494	-0.154489
CCCGG	-0.00799412	0.169736	0.142157	-0.00914258	-0.164001
GCCGG	-0.258571	0.78169	3.89229	0.0423705	-0.0837245
UCCGG	-0.0539046	0.507937	0.586972	0.045988	-0.124608
AGCGG	-0.0948172	1.51217	0.293753	-0.0765743	0.0677011
CGCGG	-0.115248	1.31883	0.655001	0.0364903	0.196777
GGCGG	-0.412408	3.20927	3.91456	0.20256	0.326293
UGCGG	-0.213828	3.44484	0.655514	0.0408704	-0.160909
AUCGG	0.00557861	0.229491	-0.151383	-0.141872	-0.0638328
CUCGG	-0.0319422	0.825565	-0.0561609	-0.0474838	-0.0975902
GUCGG	-0.0528295	0.664685	0.224381	-0.00988922	0.138166
UUCGG	0.019766	-0.0574354	-0.140928	-0.0679563	-0.134378
AAGGG	0.104265	-0.533946	-0.714523	-0.35897	-0.426934
CAGGG	-0.013243	0.0250633	0.57593	-0.0986918	-0.282749
GAGGG	0.0390404	0.224854	-0.447503	-0.221954	-0.291985
UAGGG	0.0874501	-0.640995	-0.486067	-0.282325	-0.276355
ACGGG	0.0264734	0.226887	-0.0830104	-0.381854	-0.28985
CCGGG	0.00130897	-0.00839657	0.139572	-0.0679687	-0.0719465
GCGGG	-1.13875	7.56691	8.71941	1.09219	0.794439
UCGGG	-0.0679304	0.870573	0.264056	-0.030048	0.194975
AGGGG	0.256601	-1.95331	-0.637203	-0.403837	-1.9668
CGGGG	0.0510575	-0.591684	0.0218991	-0.318033	-0.0715469
GGGGG	0.424653	-5.12187	-1.14617	-0.760808	-1.27125
UGGGG	0.0189981	-0.449718	0.35373	-0.124574	-0.159059
AUGGG	0.0288688	-0.263077	-0.0647543	-0.178512	-0.0488463
CUGGG	-0.186035	1.91351	1.25655	0.292417	0.0591256
GUGGG	0.0443824	-0.453952	-0.0106128	-0.10941	-0.268515
UUGGG	0.0430198	-0.321481	0.110847	-0.137683	-0.459729
AAUGG	0.00959026	-0.00858705	-0.294521	-0.0648918	0.184581
CAUGG	0.0238922	-0.181029	0.0805461	-0.228429	-0.151592
GAUGG	0.0446156	0.00260841	-0.400845	-0.294352	-0.176497
UAUGG	0.0232263	0.0943158	-0.264065	-0.209436	-0.0895148
ACUGG	-0.101072	0.57145	1.52495	-0.0460607	-0.123611
CCUGG	-0.0449269	0.781225	0.408962	-0.086366	-0.260369
GCUGG	-2.29842	13.4105	13.4283	2.56243	1.63113
UCUGG	-0.0763445	0.831155	0.57882	0.0229228	0.0155539
AGUGG	-0.0400635	0.954121	-0.0331966	0.00194412	-0.151328
CGUGG	-0.0311968	0.428054	0.156384	-0.0661337	0.0707492
GGUGG	0.0152434	0.316242	-0.248322	-0.169889	-0.214628
UGUGG	0.0433199	0.0116082	-0.46424	-0.0756597	-0.298584
AUUGG	0.00487906	0.534245	0.0260755	-0.1519	-0.532994
CUUGG	0.0464774	-0.136598	-0.34757	-0.218542	-0.167512
GUUGG	0.0544836	-0.133588	-0.367126	-0.145972	-0.426916
UUUGG	0.052464	-0.168694	-0.296429	-0.260435	-0.267872
AAAUG	-0.017299	0.0519382	-0.0543467	-0.0045756	0.337537
CAAUG	0.0137243	0.288246	-0.315567	-0.0939624	-0.153216
GAAUG	0.0800854	-0.438087	-0.442165	-0.160375	-0.488719
UAAUG	0.0172737	-0.204286	-0.168008	-0.0804464	0.137462
ACAUG	0.0951302	-0.345251	-0.65539	-0.249514	-0.578283
CCAUG	0.0207789	-0.09844	-0.169657	-0.108274	-0.0236528
GCAUG	0.00469553	0.10363	0.0954746	-0.117996	-0.171635
UCAUG	0.0457832	-0.0314424	-0.399971	-0.12527	-0.296311
AGAUG	0.0708852	-0.268304	-0.660479	-0.362962	-0.0581025
CGAUG	0.0437431	-0.158136	-0.41001	-0.0545983	-0.208889
GGAUG	0.0260215	0.0506886	-0.250212	-0.206567	-0.10648
UGAUG	0.0461263	-0.136901	-0.175895	-0.167289	-0.396581
AUAUG	0.0357749	0.158691	-0.574892	-0.142765	-0.141319
CUAUG	-0.0281121	0.41757	-0.0316914	-0.00482841	0.166394
GUAUG	0.0120824	0.191308	-0.146661	-0.124304	-0.147251
UUAUG	-0.0129936	0.0237995	0.134769	0.018549	0.061233
AACUG	0.0139343	0.195543	-0.159528	-0.00825255	-0.315167
CACUG	-0.00304902	0.308923	0.226849	-0.107289	-0.372346
GACUG	0.00465993	0.0511369	0.34407	-0.119694	-0.372353
UACUG	-0.00201243	0.238295	0.0991733	-0.122805	-0.177867
ACCUG	0.0682594	-0.276955	-0.494122	-0.155526	-0.374262
CCCUG	-0.0377785	0.524911	0.367975	0.0318454	-0.175481
GCCUG	-0.00918641	0.469151	0.0484051	-0.130027	-0.205156
UCCUG	-0.00905678	0.421116	0.00839836	-0.138898	-0.116435
AGCUG	-0.312892	3.87599	1.13645	0.356927	0.446151
CGCUG	-0.254304	2.45989	1.51585	0.538402	0.274429
GGCUG	-0.473326	4.33252	3.51768	0.500298	0.381224
UGCUG	-0.213502	2.459	1.11686	0.23039	0.251642
AUCUG	-0.01642	0.0359787	0.401406	-0.00955052	-0.138378
CUCUG	-0.0537362	0.856184	0.139794	0.0701431	-0.0400306
GUCUG	-0.0127966	0.288675	0.0299375	-0.033368	-0.0191215
UUCUG	-0.0142771	0.614734	0.0259277	-0.0648944	-0.277307
AAGUG	-0.00175584	0.153447	-0.025895	-0.0926654	-0.0192049
CAGUG	0.0222204	0.0623866	-0.233952	-0.0370384	-0.204055
GAGUG	-0.163161	2.41739	-0.173905	0.0390902	0.794936
UAGUG	-0.0600807	0.882041	0.22963	0.069992	-0.0188207
ACGUG	0.0383371	-0.341231	-0.104632	-0.165012	-0.139849
CCGUG	0.00864784	0.203488	-0.116289	-0.164225	-0.0838559
GCGUG	-0.0244839	0.449501	-0.0560836	0.0147406	0.0623809
UCGUG	0.00724473	0.247435	-0.0404241	-0.0728337	-0.25049
AGGUG	-0.0475302	0.300461	0.32346	0.0413483	0.233212
CGGUG	-0.0137676	0.350151	0.0715086	-0.203	0.0375564
GGGUG	0.0225514	0.0215976	-0.0203597	-0.244447	-0.201837
UGGUG	-0.0521848	1.00858	0.101376	0.00986602	-0.131346
AUGUG	0.0552082	-0.156081	-0.528065	-0.111245	-0.262846
CUGUG	0.0518244	-0.196517	-0.455878	-0.0933875	-0.257043
GUGUG	-0.0315151	0.726344	0.0351569	-0.00742877	-0.169909
UUGUG	-0.0157616	0.568599	-0.0359591	0.0391456	-0.260972
AAUUG	0.0413661	0.192106	-0.240384	-0.17737	-0.596481
CAUUG	-0.0604003	0.542535	0.552273	0.104354	-0.0504267
GAUUG	0.0242608	0.112946	-0.177311	-0.128489	-0.307046
UAUUG	0.0252592	0.238273	-0.487956	0.0142098	-0.224149
ACUUG	0.061525	0.0193899	-0.375794	-0.136668	-0.68783
CCUUG	0.0307439	0.119592	-0.329913	-0.18928	-0.18539
GCUUG	0.0175529	-0.0304292	-0.221317	-0.0308678	-0.0803824
UCUUG	-0.0117935	0.351623	-0.0355713	-0.0354067	-0.072172
AGUUG	-0.0332693	0.872889	-0.126748	-0.22248	0.106456
CGUUG	-0.0299798	0.792982	-0.275453	-0.185678	0.2447
GGUUG	-0.0481227	1.62835	-0.428034	-0.190584	-0.109702
UGUUG	-0.013827	0.272981	-0.0724928	0.102273	-0.0664662
AUUUG	-0.00911829	0.48709	0.0127397	-0.254174	-0.067626
CUUUG	0.0601195	-0.491944	-0.338223	-0.151375	-0.165863
GUUUG	-0.00538816	0.529415	-0.282033	-0.0677076	-0.103738
UUUUG	0.0782617	-0.0502364	-0.642279	-0.222191	-0.62104
AAAAU	-0.00483154	0.073164	0.175499	-0.110957	-0.0177526
CAAAU	0.0496572	-0.167283	-0.561808	-0.0622536	-0.151721
GAAAU	-0.0132898	0.080846	0.175628	-0.00933621	0.0091167
UAAAU	0.0356352	-0.184867	0.00223601	-0.127648	-0.367164
ACAAU	0.0527345	-0.0755896	-0.408516	-0.138427	-0.411736
CCAAU	0.0503003	0.0862796	-0.443123	-0.116742	-0.503257
GCAAU	-0.0199398	0.231423	0.0155772	-0.0463931	0.173875
UCAAU	0.0209241	0.171381	-0.247711	0.0351437	-0.343708
AGAAU	0.0610402	-0.161342	-0.197373	-0.230318	-0.5646
CGAAU	0.0528892	-0.339176	-0.345297	-0.172096	-0.167641
GGAAU	0.0453057	-0.284022	-0.39791	-0.118054	-0.0588144
UGAAU	0.0797233	-0.504209	-0.244801	-0.214832	-0.558606
AUAAU	0.0836876	-0.373619	-0.783476	-0.114177	-0.350072
CUAAU	0.0654462	-0.303711	-0.420049	-0.146506	-0.403517
GUAAU	0.0153866	0.0779112	-0.0903746	-0.113119	-0.181803
UUAAU	0.0701648	-0.294525	-0.345416	-0.157342	-0.581405
AACAU	0.049243	-0.256623	-0.318028	-0.27346	-0.0984835
CACAU	0.0737868	-0.366593	-0.512731	-0.152998	-0.359676
GACAU	0.0469183	-0.182329	-0.227347	-0.0534015	-0.428526
UACAU	0.072308	-0.242605	-0.589251	-0.232343	-0.351924
ACCAU	0.0232942	0.095258	-0.21966	-0.0946892	-0.197013
CCCAU	0.0180971	-0.162224	-0.111204	-0.0546353	-0.0408077
GCCAU	0.0721014	-0.461971	-0.419927	-0.150574	-0.347511
UCCAU	0.0264474	-0.164168	-0.162186	-0.216974	0.0524091
AGCAU	0.0299809	0.0428017	-0.0940693	-0.15747	-0.363046
CGCAU	-0.0452113	0.33515	0.3018	0.0204392	0.231945
GGCAU	0.0125964	-0.382089	0.39491	-0.0693311	-0.213614
UGCAU	-0.0114764	0.543189	-0.0233226	-0.0964421	-0.218845
AUCAU	0.00292026	0.110845	-0.250376	0.0536852	0.0333172
CUCAU	0.021597	-0.0103088	-0.290011	-0.0141104	-0.101271
GUCAU	0.0251205	-0.200514	-0.0881629	-0.222589	0.0230789
UUCAU	0.0292423	0.0430201	-0.283733	0.00336549	-0.334602
AAGAU	0.014762	0.0502574	-0.229559	-0.0610286	-0.0484185
CAGAU	0.0608967	-0.238669	-0.499562	-0.251915	-0.162713
GAGAU	-0.0086224	0.506247	-0.549756	-0.149229	0.348046
UAGAU	0.043366	-0.301938	-0.0477967	-0.113468	-0.376009
ACGAU	-0.00142289	0.193682	-0.093967	-0.0297297	-0.0671206
CCGAU	0.0247555	-0.0157159	-0.179189	-0.15304	-0.110961
GCGAU	0.069174	-0.857299	-0.340922	-0.079314	-0.0867823
UCGAU	-0.0100595	0.0539063	0.034504	0.0516547	0.06708
AGGAU	0.00462753	0.190937	0.231355	-0.0495264	-0.444202
CGGAU	-0.00208614	0.294486	-0.0173606	-0.188817	-0.01999
GGGAU	0.00303766	0.0887679	0.171617	-0.150451	-0.184418
UGGAU	0.0271505	-0.443242	0.596877	-0.155993	-0.530253
AUGAU	0.0906545	-0.542349	-0.412863	-0.222751	-0.583175
CUGAU	0.0212892	0.0121661	-0.175382	-0.0832344	-0.168241
GUGAU	0.0208026	-0.174197	-0.298383	-0.0430115	0.0961262
UUGAU	0.0509146	-0.151484	-0.478671	0.0295258	-0.377865
AAUAU	0.0640205	-0.251649	-0.536461	-0.201632	-0.249871
CAUAU	0.0514851	-0.162438	-0.409349	-0.181164	-0.247492
GAUAU	0.0544512	-0.00826326	-0.346612	-0.0982607	-0.594048
UAUAU	0.0520979	-0.0171478	-0.455599	-0.140316	-0.361556
ACUAU	0.0353533	-0.0631014	-0.375267	-0.164619	-0.0698626
CCUAU	0.0551437	-0.26605	-0.150134	-0.135059	-0.523389
GCUAU	0.00426461	0.109239	-0.191373	-0.00628566	0.00819739
UCUAU	0.0341482	-0.120072	-0.200211	-0.115853	-0.243713
AGUAU	0.0184014	-0.218464	-0.00367065	-0.0161284	-0.119476
CGUAU	-0.0167555	0.542637	0.0660076	-0.207328	-0.0963667
GGUAU	-0.0245766	0.251274	0.381957	-0.00278751	-0.162646
UGUAU	0.0439899	-0.124442	-0.386427	-0.086909	-0.22664
AUUAU	0.0399332	-0.193622	-0.271318	-0.0784652	-0.2374
CUUAU	-0.000903659	0.117175	0.10317	-0.0141689	-0.217185
GUUAU	0.00901646	-0.339742	0.225358	-0.0918999	0.0178925
UUUAU	-0.00589652	0.19981	-0.115849	0.0522492	-0.0436654
AAACU	0.0556788	-0.316752	-0.36212	-0.101125	-0.293201
CAACU	0.0190656	0.217667	-0.0983409	-0.0557021	-0.416414
GAACU	0.0467934	-0.135804	-0.0774113	-0.183537	-0.525356
UAACU	-0.00271148	0.145845	-0.124482	0.0798026	-0.0603885
ACACU	0.0421005	0.0686637	-0.2521	-0.161177	-0.443315
CCACU	0.0396103	0.00546622	-0.140221	-0.186311	-0.435318
GCACU	-0.0532973	0.897313	0.301	0.0379664	-0.240472
UCACU	0.0164735	0.107235	0.0117924	-0.153226	-0.269478
AGACU	0.146605	-0.865523	-0.487592	-0.305396	-1.19929
CGACU	-0.0125278	0.342479	0.0912513	-0.099596	-0.097838
GGACU	-0.046228	0.470078	0.326709	0.04811	0.0602074
UGACU	0.0121971	0.284002	-0.220328	-0.0307651	-0.275181
AUACU	0.0581322	-0.560175	-0.249119	-0.155028	-0.178068
CUACU	0.00908686	0.228448	-0.249081	-0.0266157	-0.138185
GUACU	-0.00855003	0.264992	0.139794	-0.0463674	-0.212773
UUACU	-0.049256	0.395739	0.419817	0.0379592	0.0662922
AACCU	0.0856257	-0.486653	-0.592573	-0.145236	-0.415123
CACCU	0.0284611	-0.0240888	-0.420672	-0.0366736	-0.0791408
GACCU	0.00418743	0.613311	-0.343452	-0.140834	-0.214361
UACCU	0.0481515	-0.151493	-0.381841	-0.120443	-0.289123
ACCCU	0.0254589	-0.2834	-0.19812	-0.0186934	-0.000683887
CCCCU	0.0413656	-0.245034	-0.18104	-0.0269339	-0.368078
GCCCU	-0.00996508	0.370536	-0.00651063	-0.181329	-0.00171104
UCCCU	-0.0138533	0.164812	0.254674	0.0883462	-0.216305
AGCCU	0.025781	-0.0760492	-0.161918	-0.175341	-0.106912
CGCCU	0.0189254	0.138639	-0.191689	-0.0865593	-0.237785
GGCCU	0.0496995	-0.714173	0.119654	-0.211838	-0.153515
UGCCU	-0.034754	0.773469	-0.0248532	0.00240175	-0.100778
AUCCU	0.0327715	0.0267112	-0.236243	-0.113197	-0.293893
CUCCU	0.0619493	-0.350459	-0.415474	-0.102104	-0.307263
GUCCU	0.0194732	-0.197002	0.0766759	-0.0380759	-0.20442
UUCCU	0.0069378	0.332872	-0.0938086	-0.216596	-0.151884
AAGCU	-0.0067763	0.295628	0.00136978	-0.0207345	-0.152534
CAGCU	0.014055	0.036802	-0.0542798	-0.100486	-0.132239
GAGCU	-0.156135	1.87215	0.3001	0.155459	0.64091
UAGCU	-0.00982308	0.377091	-0.011286	-0.0559592	-0.116406
ACGCU	-0.0495813	0.657141	0.244137	0.073039	-0.00776652
CCGCU	0.0221725	0.379808	-0.289047	-0.0956984	-0.411559
GCGCU	-0.103303	1.55683	0.278204	0.183694	-0.0387509
UCGCU	-0.04758	0.373004	0.235515	0.188228	0.105449
AGGCU	-0.291834	2.71125	1.52882	0.280175	0.978266
CGGCU	-0.0716638	0.75016	0.867647	-0.100269	-0.152007
GGGCU	-0.11964	1.00085	1.28671	-0.0198833	-0.00811612
UGGCU	-0.213464	1.42565	2.13264	0.148353	0.321138
AUGCU	0.00276602	0.0807962	-0.179793	-0.089583	0.110021
CUGCU	-0.0709193	1.20041	0.316588	-0.00767751	-0.175012
GUGCU	-0.041157	0.660443	-0.0661339	0.11106	0.0640319
UUGCU	-0.0608011	1.12098	-0.0742764	0.162324	-0.0739962
AAUCU	0.056467	-0.217621	-0.392275	-0.148544	-0.344507
CAUCU	-0.00291449	0.127202	-0.0237719	0.0103149	-0.0524245
GAUCU	-0.0132497	0.175001	0.346544	0.0235751	-0.282114
UAUCU	0.0508049	-0.260776	-0.421915	-0.0752189	-0.217881
ACUCU	-0.00878591	0.131567	0.307054	-0.0916974	-0.180292
CCUCU	0.0308284	-0.149696	-0.202868	-0.11118	-0.110125
GCUCU	0.0389062	-0.231723	-0.209748	-0.0966214	-0.203697
UCUCU	0.0210915	-0.0769881	-0.0736143	-0.0949135	-0.143581
AGUCU	0.0421526	-0.476479	-0.133427	-0.16051	-0.0660848
CGUCU	0.0297592	-0.124572	-0.0919859	-0.23087	-0.10651
GGUCU	-0.111153	0.934421	0.757851	0.31913	0.137943
UGUCU	0.0396578	-0.622625	-0.123893	-0.0490835	0.0367566
AUUCU	0.0308817	-0.0041529	0.0768645	-0.11921	-0.533327
CUUCU	-0.0970099	0.799957	0.823604	0.0388683	0.214604
GUUCU	0.0305337	-0.176427	0.124198	-0.16719	-0.365379
UUUCU	0.0362546	-0.155219	-0.298179	-0.06953	-0.150899
AAAGU	0.0481426	-0.184686	-0.452364	-0.159478	-0.105068
CAAGU	0.00526674	0.258759	-0.158089	-0.189507	-0.0286991
GAAGU	0.0135889	0.129383	0.035568	-0.112755	-0.300415
UAAGU	0.0289221	-0.353991	0.0908208	-0.104581	-0.207461
ACAGU	0.0502966	-0.334307	-0.285423	-0.13604	-0.193037
CCAGU	0.0684871	-0.280571	-0.449427	-0.175108	-0.403064
GCAGU	-0.00934399	0.956085	-0.510388	-0.0068699	-0.261368
UCAGU	0.0122946	-0.0162744	-0.0926966	-0.0449867	-0.0884112
AGAGU	-0.136342	1.50853	-0.380222	-0.0707589	1.51846
CGAGU	0.026595	-0.00896223	-0.239139	-0.113631	-0.159042
GGAGU	-0.0225098	-0.106461	0.330023	-0.0151643	0.209477
UGAGU	-0.0207963	0.36219	0.162221	0.0030171	-0.130153
AUAGU	-0.00328135	-0.0686595	-0.083963	-0.0179882	0.210921
CUAGU	0.011311	0.276888	-0.185081	-0.133398	-0.170277
GUAGU	-0.0166628	0.282558	-0.0514149	0.0376217	0.0410647
UUAGU	-0.00194067	0.425463	-0.147132	-0.143785	-0.0857342
AACGU	0.00113452	-0.114935	-0.1138	-0.127761	0.324127
CACGU	-0.00983026	0.118674	0.259172	-0.0541093	-0.128691
GACGU	0.0655122	-0.563344	-0.223499	-0.191084	-0.274262
UACGU	0.0439444	-0.185525	-0.483482	-0.045469	-0.158209
ACCGU	0.0664439	-0.366315	-0.325086	-0.282659	-0.301045
CCCGU	0.0413847	-0.0480954	-0.195987	-0.233399	-0.321234
GCCGU	-0.0190656	0.573714	-0.146272	-0.042225	0.014247
UCCGU	0.0403694	-0.13758	-0.28564	-0.0803042	-0.251896
AGCGU	-0.0629932	0.919632	0.0395161	0.0771913	0.142074
CGCGU	-0.0105799	0.265647	-0.0142192	-0.173675	0.134213
GGCGU	-0.0311646	0.625724	0.0349898	-0.160777	0.0922501
UGCGU	0.00344907	0.382974	-0.168302	-0.177081	-0.11502
AUCGU	0.0596938	-0.474609	-0.27265	-0.0991112	-0.317013
CUCGU	-0.00638541	0.548284	-0.227348	-0.0596982	-0.158733
GUCGU	-0.0175257	0.21487	0.107875	0.0923227	-0.0669794
UUCGU	0.019627	0.025136	-0.206138	-0.160736	-0.0491497
AAGGU	0.0674383	-0.433833	-0.420352	-0.241852	-0.188441
CAGGU	-0.369353	1.6625	4.05725	0.627883	0.391619
GAGGU	-0.0415554	1.02835	-0.0974776	-0.113772	-0.0442756
UAGGU	0.0456287	-0.244227	-0.271433	-0.179927	-0.200997
ACGGU	0.0203874	-0.107251	0.124614	-0.150771	-0.247991
CCGGU	-0.142679	0.777187	2.03114	0.0099276	-0.116576
GCGGU	-0.0395667	0.85776	0.0558409	-0.103394	-0.036759
UCGGU	-0.0141543	0.27908	0.066235	-0.0772447	-0.0156147
AGGGU	0.00017998	0.386332	-0.367967	-0.354059	0.325963
CGGGU	-0.196952	1.04087	2.42041	0.109823	0.140451
GGGGU	0.0814931	-0.858325	-0.468118	-0.238098	-0.00967139
UGGGU	-0.0181539	0.0566023	0.423558	0.00168416	-0.136854
AUGGU	0.0252278	-0.145665	-0.355626	-0.0582109	0.0864505
CUGGU	-0.490591	3.7083	4.26001	0.60135	0.300161
GUGGU	-0.0216563	0.753227	-0.0817124	-0.0606683	-0.174927
UUGGU	0.0545311	-0.368382	-0.152261	-0.178382	-0.346061
AAUGU	-0.000413941	-0.147058	-0.268105	0.000853634	0.403685
CAUGU	0.0391681	0.0902754	-0.496391	-0.0881531	-0.267498
GAUGU	0.0779497	-0.66615	-0.282156	-0.157488	-0.393203
UAUGU	0.0156035	-0.0783095	-0.182915	0.0598035	-0.112146
ACUGU	0.0557818	-0.244082	-0.255921	-0.171338	-0.389431
CCUGU	0.0364877	-0.30667	-0.177352	-0.114374	-0.134801
GCUGU	0.0528099	-0.330649	-0.445217	-0.115332	-0.137832
UCUGU	0.00386502	0.0575274	-0.0781478	-0.037333	-0.0327957
AGUGU	-0.0321302	0.511343	0.049893	0.030527	0.0261653
CGUGU	0.0321309	-0.0725817	-0.181126	-0.231834	-0.151041
GGUGU	0.0277448	-0.37555	-0.048958	-0.206442	0.0817586
UGUGU	0.037613	-0.0531321	-0.31253	-0.0416259	-0.34161
AUUGU	0.0285139	0.000897134	-0.112068	-0.097367	-0.330157
CUUGU	0.0322601	0.0939552	-0.363189	-0.0736498	-0.298824
GUUGU	0.0257642	-0.228264	-0.039321	-0.251398	0.0145344
UUUGU	0.0696105	-0.53271	-0.227541	-0.116862	-0.474911
AAAUU	0.00932431	-0.0514784	0.306832	-0.0973417	-0.342841
CAAUU	0.0335573	0.333449	-0.3668	-0.139327	-0.445294
GAAUU	0.066583	-0.131704	-0.431635	-0.249375	-0.470772
UAAUU	0.0981582	-0.460988	-0.597093	-0.244514	-0.615176
ACAUU	0.0497401	-0.223491	-0.26088	-0.130789	-0.328355
CCAUU	0.00373952	0.456764	-0.240713	-0.195433	-0.111179
GCAUU	-0.0405582	0.298115	0.357006	0.133594	0.0123605
UCAUU	0.0095628	0.0399976	-0.0347391	-0.0422431	-0.143547
AGAUU	0.0869654	-0.263893	-0.0286204	-0.116668	-1.27719
CGAUU	-0.00562237	-0.178735	0.186016	-0.0852566	0.196049
GGAUU	-0.0058153	0.23457	0.475408	-0.151894	-0.458798
UGAUU	0.0638051	-0.322892	-0.465251	-0.0837474	-0.329978
AUAUU	0.0650351	-0.247654	-0.440866	-0.0561101	-0.535711
CUAUU	0.0484623	-0.261211	-0.280295	-0.161094	-0.235143
GUAUU	0.0263208	-0.0659924	-0.263688	-0.0751231	-0.133903
UUAUU	0.0376491	-0.17602	-0.164614	-0.11189	-0.302362
AACUU	0.057205	-0.302019	-0.294989	-0.0120677	-0.476667
CACUU	0.0154084	0.633262	-0.335175	-0.0389167	-0.539347
GACUU	0.0522255	-0.223046	-0.535631	-0.00419013	-0.228965
UACUU	0.0152504	-0.0723361	0.00932564	-0.0541779	-0.185013
ACCUU	0.0239985	0.0381287	-0.23391	-0.0981787	-0.192746
CCCUU	0.0363561	-0.0897357	-0.346624	-0.132793	-0.140073
GCCUU	0.0172437	0.104176	-0.230842	-0.123341	-0.108872
UCCUU	0.0405472	-0.243733	-0.252545	-0.0833649	-0.214613
AGCUU	0.030332	-0.161943	-0.139959	-0.102513	-0.202546
CGCUU	0.0376772	-0.208751	-0.274204	-0.0418423	-0.216893
GGCUU	-0.113678	0.767433	1.35859	-0.132905	0.17373
UGCUU	0.0048603	0.427929	-0.317993	-0.0746233	-0.147878
AUCUU	0.0204129	0.0290795	-0.243656	-0.0914483	-0.108391
CUCUU	0.0052851	-0.120018	0.107095	0.0130277	-0.0833916
GUCUU	-0.00454806	0.0407122	0.0790742	-0.040343	-0.00573837
UUCUU	-0.0306918	0.46378	0.327724	-0.0632265	-0.152687
AAGUU	-0.0105564	0.223613	0.13285	-0.15584	0.0114647
CAGUU	-0.00915874	0.681005	-0.186641	-0.0442005	-0.281986
GAGUU	0.0240736	-0.0100128	-0.153748	-0.209506	-0.0709872
UAGUU	0.0075559	0.187744	-0.312746	-0.133363	0.106788
ACGUU	0.0488534	-0.315561	-0.314805	-0.047249	-0.236162
CCGUU	0.0287545	-0.231414	-0.14301	-0.106246	-0.0876268
GCGUU	-0.0490003	1.3172	-0.171574	-0.102714	-0.0934471
UCGUU	0.00165236	0.129524	-0.279742	-0.0531954	0.161013
AGGUU	0.0507387	-0.406788	0.0922885	-0.294565	-0.362398
CGGUU	-0.0693474	0.867283	0.670647	-0.11477	-0.102883
GGGUU	-0.0418748	0.378889	0.294556	-0.0395058	0.164694
UGGUU	-0.0803338	0.640169	1.00385	-0.0812879	-0.0211508
AUGUU	0.0182503	0.0172555	-0.354055	0.0343232	-0.0604925
CUGUU	0.00201864	0.214682	-0.144273	-0.0376406	-0.0941938
GUGUU	0.0248392	-0.261162	-0.210766	0.0291295	-0.0552002
UUGUU	0.0768011	-0.745792	-0.177012	-0.159896	-0.395004
AAUUU	0.0273803	0.113948	-0.250519	-0.118837	-0.268545
CAUUU	0.0134282	0.117528	-0.117922	-0.187317	-0.0842332
GAUUU	0.0838332	-0.321202	-0.481677	-0.126401	-0.670804
UAUUU	0.0979369	-0.388017	-0.698572	-0.267845	-0.525178
ACUUU	0.0451711	-0.164536	-0.457516	-0.0129603	-0.254942
CCUUU	0.0293401	0.0510425	-0.360044	-0.14887	-0.0946459
GCUUU	0.0493045	-0.377492	-0.242283	-0.226686	-0.115708
UCUUU	0.0585031	-0.651617	-0.133221	-0.257113	-0.108639
AGUUU	0.00494356	0.0430374	-0.00647987	-0.0568229	-0.0521828
CGUUU	-0.0471285	0.883066	0.00681152	-0.0197455	0.0372149
GGUUU	-0.00297026	-0.0226926	0.0251939	-0.017049	0.0536362
UGUUU	0.0461748	-0.263907	-0.39765	-0.112279	-0.121132
AUUUU	0.101386	-0.357583	-0.739011	-0.136403	-0.72232
CUUUU	0.0241929	0.0827543	-0.468713	-0.0291936	-0.056367
GUUUU	0.00882906	0.160512	-0.0712289	-0.0706021	-0.192953
UUUUU	0.0343249	0.175922	-0.540402	-0.0451728	-0.264482

Relative affinities to the structural contexts 
P	0.0861143
L	0.0657968
M	0.0600774
U	1

