3.63	1.99536
3.87	3.93766
4.69	2.92821
3.65	2.51922
4.49	2.25544
4.47	2.82477
3.85	2.24125
4.75	2.78038
3.68	2.23926
3.56	2.87465
3.93	1.93217
3.77	1.93276
4.3	3.26826
6.2	2.92282
5.26	3.69603
4.03	3.18481
3.6	2.28422
3.72	3.74368
4.42	3.1504
4.41	3.15058
3.94	2.04334
3.7	2.93537
4.34	2.10557
4.51	2.20212
4.85	2.41406
4.89	2.29249
3.55	2.43288
4.27	1.6448
4.42	1.64469
3.98	1.9197
4.98	2.46548
3.76	2.90239
4.34	2.80966
5.39	3.16969
5.46	3.16884
6.07	2.34635
3.93	2.96421
4.04	3.31253
3.67	3.31223
3.72	2.90885
3.54	2.65063
5.8	2.80238
3.64	2.64654
4.19	3.36823
6.18	3.01283
6.24	3.01178
5.42	2.71182
3.73	1.75672
4.2	4.07608
5.32	2.00035
5.44	2.00035
5.15	2.17083
4.88	2.1674
3.89	2.63819
4.3	1.78407
5.85	3.06562
3.86	3.48558
4.42	2.26773
3.91	2.51898
3.95	2.51873
4.13	2.79876
4.35	2.7983
3.77	2.68611
3.53	3.12423
4.7	2.32804
6.1	2.85365
5.54	2.85518
5.46	2.85304
3.51	2.84427
4.72	3.38237
4.99	3.49048
5.31	3.23639
4.4	2.99915
4.99	2.3808
4.22	1.98648
4.34	1.84977
5.04	3.36465
4.14	4.71401
4.61	1.95247
6.48	2.90764
3.78	2.12424
4.04	2.12424
5.81	2.43581
3.59	2.88489
6.95	2.7364
5.77	4.48693
3.54	3.94317
4.11	3.49764
3.83	3.49719
3.85	2.29706
4.53	3.05314
3.51	2.57766
3.77	3.13258
4.81	3.16876
4.65	3.17022
3.61	3.25634
4.71	2.67536
4.05	2.2222
5.04	2.24622
3.97	2.65113
6.56	4.05594
5.97	4.05608
5.02	3.23452
3.94	1.98064
3.9	1.98112
5.01	3.57793
4.01	3.84351
4.77	3.05152
4.77	3.41724
3.9	3.63512
4	3.63471
4.75	1.88451
5.02	1.88463
4.14	2.2381
4.09	3.56632
5.39	3.93686
3.96	3.85718
3.52	4.0481
5.81	3.76754
4.95	4.55112
4.91	2.32982
4.15	2.79592
5.31	3.98498
3.86	3.33565
4.41	3.08648
4.8	3.08936
5.03	4.87493
3.83	3.40029
3.51	2.20405
3.63	2.60448
3.9	3.11731
3.99	2.54582
5.21	1.29141
3.53	2.43492
4.36	2.14031
4.82	3.84841
4.05	2.41307
3.83	2.413
5.39	4.28794
3.6	2.41572
4.26	3.40133
4.17	2.46842
4.23	2.74761
5.65	2.70827
4.68	3.41034
3.88	3.47272
4.64	4.2843
4.97	4.28298
3.73	2.95899
3.81	2.95918
3.89	4.04883
3.57	2.99753
3.94	2.82929
4.36	3.48334
4.32	2.15458
6.36	1.96125
6.18	1.96157
4.32	3.71783
4.43	3.36787
3.62	3.59022
4.27	2.9802
4.92	3.5683
3.84	3.25358
5.47	3.43484
4.69	3.87635
4.04	2.65933
4.49	2.65919
4.23	3.02073
3.96	3.02014
3.65	3.21003
3.99	2.33036
3.99	2.33056
4.31	2.71431
4.25	4.12506
4.44	3.28966
5.14	4.6182
4.35	3.69862
4.98	2.83477
5	3.73621
5	3.73544
5.61	2.26176
6	2.26196
4.82	2.29125
4.81	2.60163
4.8	2.602
4.51	1.58677
3.91	2.0099
3.75	2.01014
4.25	2.72216
5.54	3.83065
3.78	2.71388
4.09	4.47317
4.13	2.42156
3.95	2.7978
3.89	2.69407
5.38	2.91331
3.93	3.31623
3.95	2.61019
5.23	2.59496
4.26	2.07314
3.67	1.45856
4.8	3.58103
5.29	3.42902
3.69	4.01722
3.75	1.88296
4.03	2.34263
5.4	3.98579
4.48	3.29806
3.95	3.15275
3.96	2.56544
3.59	1.81007
4.21	2.83197
3.83	2.38946
3.59	4.22767
3.57	2.21414
4.33	2.02331
3.94	2.40849
4.07	2.72332
3.5	2.13968
5.89	2.38374
3.59	2.98688
3.87	2.32757
4.82	3.07485
3.77	3.04078
5.37	3.04432
3.71	3.12516
6.45	3.91619
4.34	3.97866
3.82	3.22948
4.63	3.75703
3.75	2.69945
4.09	2.87751
3.79	2.16262
5.41	2.48151
3.59	2.86916
3.86	2.46933
3.97	2.02509
4.67	2.40207
3.84	3.18082
3.71	2.26146
4.42	2.47909
3.66	2.06481
3.84	2.10025
3.85	1.37427
3.91	2.44619
4.79	1.83177
3.65	3.5344
4.75	2.5473
4.3	3.07604
4.37	2.57181
3.61	2.14291
3.62	1.38108
4.12	1.67926
3.61	2.18016
3.53	3.26201
6.37	2.59885
6.21	2.59229
4.92	2.03486
5.01	2.03865
4.61	2.47977
3.74	2.4802
3.59	0.533835
3.59	2.43719
5.05	1.61197
3.68	2.08274
6.69	2.00066
7.1	2.00029
3.85	1.67904
3.59	2.27478
4.65	2.27297
5.31	2.6819
5.02	1.6042
3.72	3.08229
4.2	2.08452
4.35	2.08375
5.48	1.40936
3.54	2.492
5.82	2.16517
5.53	2.27491
4.93	2.63293
4.33	2.63609
4.6	2.45856
4.17	2.2655
4.83	3.35295
4.71	3.3546
4.15	1.50251
5.32	2.39054
3.94	3.1701
3.97	3.16893
4.56	2.7159
4.76	2.72349
5.31	2.19761
3.74	2.45997
4.43	1.80637
4.42	2.34693
3.65	2.07689
3.81	2.0696
5.79	2.41277
4.36	1.45014
4.97	1.43743
5.94	2.003
3.55	2.22438
6.01	2.14054
5.64	2.14875
4.11	1.99755
4.63	1.99695
5.36	2.14424
5.19	2.21849
3.8	1.40679
3.6	2.50742
3.51	1.13141
3.6	1.12039
4.89	2.03062
4.34	2.09257
5.7	3.12872
5.36	4.22424
3.79	2.63111
5.02	2.6052
4.82	2.21443
3.94	3.08804
3.53	3.48346
4.57	1.56381
3.59	2.43844
3.93	2.41368
5.77	4.19719
5.39	4.19545
3.88	2.23588
3.57	2.68485
4.12	2.13581
3.65	2.14379
3.59	2.59563
4.01	2.2326
4.17	2.16603
4.26	2.16128
3.61	2.9725
3.72	2.44718
4.04	1.44207
4.15	1.92252
3.74	2.66465
3.54	2.87131
5.31	2.56176
4.5	3.2145
4.58	3.02698
4.33	2.18324
3.65	1.89406
3.63	1.61552
3.81	1.61364
3.98	2.86108
4.25	2.27793
4.45	2.17093
6.36	2.12383
6.36	2.12538
4.12	2.71426
4.42	2.72305
4.15	3.66772
4.31	3.66428
3.63	2.75928
3.55	2.67674
4.99	1.47008
5.32	2.87018
3.9	1.64709
4.22	3.3493
5.47	2.8687
5.82	2.87273
4.67	2.57225
4.34	2.3825
3.93	2.38013
5.46	3.13495
4.56	1.27819
4.83	1.86598
5.01	1.91008
4.25	1.5669
4.21	1.56715
4.31	1.58007
5.05	2.59921
4.64	3.44507
3.87	2.45609
4.06	2.2131
5.33	2.4366
3.68	2.23178
3.88	1.95864
4	1.96342
3.97	3.16911
4.3	2.79099
3.56	2.75607
4.34	2.37549
6.79	1.94434
3.81	2.36825
3.73	1.70863
4.88	1.85366
5.48	3.28636
3.77	2.33621
3.5	2.34806
4.8	2.2971
4.31	2.74503
4.1	2.64447
4.02	1.9125
3.61	3.52456
3.8	1.92483
4.52	1.93812
4.05	2.35312
4.4	1.63214
4.87	1.85278
4.92	2.02714
5.16	2.08341
3.92	1.64684
6	2.5792
3.69	3.08751
3.53	1.98964
3.75	2.12952
3.81	2.08086
4.22	2.69494
4.39	1.63486
4.67	1.57832
3.94	1.71309
3.98	1.70597
3.58	2.32667
3.53	2.31124
5.3	3.72632
5.18	3.73328
3.65	2.54142
5.39	2.84456
3.51	3.67252
3.91	3.66948
4.08	3.02011
3.55	2.68258
5.16	2.55371
3.71	2.33569
3.78	1.41196
4.57	1.68521
3.76	1.85458
5.56	2.57449
4.16	2.05754
3.93	2.22064
4.29	2.33365
5.31	1.78285
3.51	1.09023
4.91	2.65099
4.73	2.65111
4.5	1.97128
6.01	1.37792
4.65	2.26547
4.11	1.63611
5.08	1.82397
4.58	1.96323
4.25	2.40768
5.44	2.57881
5.59	2.56755
4.65	3.08833
4.65	2.80722
5.29	1.97532
4.34	2.69113
5.66	1.88571
5.92	1.89325
4.45	2.64972
4.34	2.64347
5.21	2.93869
3.66	2.1012
3.57	2.4658
3.82	1.95235
3.66	1.95429
4.44	2.04699
4.14	2.04441
4.06	1.45775
4.57	2.45401
4.44	2.28318
3.79	3.69435
3.58	3.2516
5.38	1.76718
5.53	1.76705
3.72	1.857
4.89	2.44961
3.58	2.82558
4.05	2.66283
4.25	2.66281
3.77	2.2207
4.61	2.151
3.92	2.38876
6.18	1.8559
3.88	1.97313
4.41	2.09103
3.52	1.77892
3.61	3.34433
3.59	2.74664
5.34	2.57594
3.72	2.70857
4.78	1.32169
5.05	2.51154
4.77	2.6849
5.05	2.65074
4.55	2.1236
4.15	2.22734
5.41	2.66179
3.54	2.19021
4.5	2.2747
4.6	2.03539
3.61	2.92291
4.13	2.84924
4.39	2.84328
3.82	2.11766
3.82	2.09565
4.64	2.41596
4.28	3.00895
3.51	3.13478
5.17	1.80451
4.95	1.84184
3.5	1.82731
3.76	1.82357
4.15	1.515
3.82	2.18496
5.46	3.49522
4.54	1.30485
3.93	0.936863
3.88	1.26799
3.84	1.25537
4.49	3.14662
6.56	2.60482
4.11	1.65119
3.77	2.16314
4.21	2.81841
3.54	2.35919
0	1.32444
-0.05	1.23293
-0.3	1.40544
-0.85	0.939507
-0.42	0.462499
0.04	1.87367
-0.17	1.88729
-0.58	0.73458
0.06	2.33232
0	2.27856
-0.06	1.11483
-0.16	1.77064
-0.11	2.34004
-0.2	2.4242
0.02	0.907677
0.09	1.06995
-0.05	1.20191
-0.2	1.11392
-0.21	1.62906
-0.31	1.36363
-0.22	1.36225
-0.16	1.885
0.07	1.41739
-0.05	1.26711
0.09	2.42969
-0.19	2.20667
-0.34	2.3116
0.01	2.13948
0.08	1.68818
0	1.13834
0	1.3831
0.07	1.71015
-0.27	1.35864
-0.33	1.69155
-0.48	1.39457
0.03	2.08571
-0.42	0.853515
-0.01	2.60091
-0.4	1.65247
-0.17	1.73584
0	3.238
0.03	2.80489
-0.08	2.0441
-0.27	2.34035
0	1.1756
-0.52	1.53039
0.02	1.17721
0	2.22163
0	2.08479
-0.09	0.956777
-0.16	2.79568
0	2.31781
0	2.3629
0	1.54583
0	1.69252
-0.22	1.60406
0.04	1.75148
0.07	2.45631
0	1.45921
0.06	1.75071
-0.25	1.1562
-0.01	2.17162
-0.17	1.90236
-0.07	2.59989
0.01	1.77115
0.07	1.39128
-0.02	2.08794
0	1.75322
0	1.56284
-0.45	1.37681
0.03	1.26786
0.01	2.65095
-1.55	1.19085
0	1.93138
0	1.96791
0.09	0.949296
-0.04	1.5475
-0.71	1.05388
0	1.76701
-0.52	1.70697
0	1.69078
-0.83	1.49052
-0.33	2.84304
-0.29	2.3209
-0.18	2.00955
-0.08	0.763171
-0.26	0.595565
-0.43	2.23164
0	2.35547
0	1.32513
-0.01	1.59683
-0.07	1.13179
-0.04	1.66809
-0.11	2.77496
0.02	1.55787
0	1.12559
0.02	1.63838
-0.41	2.12623
-0.13	2.91242
0	2.59453
-0.17	1.00011
0.03	1.13583
-0.29	1.70975
-0.17	2.5847
0	1.23825
-0.96	1.66527
-0.16	1.14564
-0.09	0.847262
-0.56	0.964826
-0.66	1.60944
0.01	2.61133
-0.1	2.24152
-0.08	0.868047
-0.06	2.66741
-0.56	1.91145
-0.27	2.114
0	1.73005
-0.17	0.97878
-0.36	1.27653
-0.07	1.28516
-0.06	1.51463
-0.02	1.38012
-0.21	0.896621
-0.35	1.22758
-0.63	1.79211
-0.96	1.50444
-0.04	1.75036
-0.39	0.856312
0	1.95576
-0.71	1.9922
-1.25	0.581235
-0.32	1.09055
-0.45	1.21805
-0.09	2.04754
-0.7	2.21743
-0.41	2.08929
-0.06	1.06611
0	0.895161
-1.39	1.39898
-0.95	1.74884
-0.92	0.921264
-0.36	0.900672
-0.38	1.00326
0	1.82269
0	0.82936
-0.7	1.38
-0.55	1.35613
-0.34	1.13802
-0.51	1.29504
-0.5	0.916046
-0.41	0.735658
-0.09	1.89432
-1.18	1.06359
0.06	1.34933
-0.61	2.07363
-0.7	1.28747
-0.39	1.42313
-0.41	2.28131
-0.41	1.25837
-0.45	1.17714
-0.38	1.87201
-0.22	1.25951
0	0.591802
-0.64	2.43861
-0.26	1.03619
-0.01	2.56464
-0.14	1.51444
-0.77	0.974557
-0.09	1.13053
0	2.35779
-0.2	1.27621
-0.41	1.84533
-0.27	0.892694
-0.33	1.05831
-0.05	0.993364
-0.54	1.24164
-0.62	0.94621
-0.39	1.04224
-0.42	2.27345
-0.56	2.0158
-0.43	1.4181
-0.68	1.59536
-0.17	1.09753
-0.71	0.766657
-0.19	0.709538
-0.17	1.30176
-1	1.19428
-0.49	1.33663
-0.24	1.25896
-0.28	0.480525
0	1.23705
-0.24	0.953582
-0.69	0.962103
-0.32	1.08555
-0.74	1.14899
0	2.40425
-0.07	2.63769
-0.06	0.927527
-0.02	0.793992
-1.33	1.41665
-0.29	1.27441
-0.78	1.9559
0	1.54209
-0.45	1.45951
-0.31	2.45462
-1.18	1.5439
-0.37	0.788952
-0.76	1.38255
-0.29	1.10853
0	1.96518
-0.92	1.11656
0.04	1.58147
-0.17	1.69349
-0.24	1.04739
-0.53	1.10481
-0.37	0.898531
-0.58	1.42108
-0.17	1.10231
-0.37	1.3468
0.05	1.90662
-0.59	0.525451
-0.77	0.763017
0	4.57946
-0.3	1.80374
-0.51	0.908632
-0.27	1.00918
-0.78	1.69898
-0.35	0.880915
0	1.93017
-0.99	0.591629
-0.03	1.395
-0.29	1.55633
-0.2	1.37831
-0.56	0.864829
-0.02	1.73435
-0.2	1.17702
-0.75	1.27453
-0.46	1.53866
-0.82	0.92955
0	1.84888
0.07	1.57734
-0.23	1.25814
-0.99	1.43241
-0.07	0.618932
-0.3	1.36047
-0.53	1.50267
-0.06	3.52791
-0.07	1.3792
0	1.67217
-0.44	0.846042
-0.08	1.42773
-0.73	1.16647
-0.91	0.841209
-0.29	1.2268
-0.65	0.720004
-0.41	1.19328
-0.56	1.21258
-0.64	0.86541
-0.97	1.59544
-0.71	0.865279
-0.8	1.13506
-0.28	1.26877
-1.05	1.66267
-0.33	2.03058
-0.47	1.39451
-0.05	1.36807
0.07	1.2114
-0.84	1.41581
-0.23	1.25244
-0.54	1.21492
-0.11	1.45917
-0.26	1.47273
-0.73	0.643401
-0.3	1.14394
-0.67	1.5984
-0.2	1.29028
-0.19	1.47819
-0.27	0.728118
-0.58	1.85567
-0.24	0.735513
0.09	1.9638
-0.2	1.04022
0	1.51472
-0.48	0.693343
-0.34	1.74761
-0.04	1.45998
-0.71	0.924777
-0.7	0.753092
0	2.21296
-0.35	0.929951
0.05	1.041
-0.27	2.12662
-0.75	1.74492
-0.29	1.54263
-0.15	0.531904
-0.2	0.79063
-0.69	0.806107
-0.12	1.13206
-0.14	0.800649
-0.08	2.50226
0	1.64922
-0.11	1.62795
-0.06	0.933623
0.01	1.96014
-1.1	2.71687
-0.74	0.88696
-0.93	1.61442
-0.69	1.36568
-1.62	1.18237
-0.12	1.92838
0.05	1.64514
0	1.74177
-0.57	1.43724
-0.34	1.00211
-0.99	1.21956
-0.62	1.31541
-0.26	2.03478
-0.94	0.887661
-0.06	2.45533
-0.21	1.59937
-0.25	1.36933
0.01	1.01184
-0.55	0.872443
-0.61	1.16897
-0.58	0.792298
-0.41	1.26987
-0.84	1.11821
-1.04	0.793328
0.01	0.826023
-0.69	0.870806
-1.19	2.04744
-0.08	1.00583
-0.46	2.61526
-0.68	1.63487
0.02	1.3444
-0.88	1.28331
-0.11	0.898517
-0.09	1.23736
-0.15	0.695816
0	1.87719
-0.71	0.667098
0	0.904824
-0.51	2.20392
-0.21	1.2201
-0.64	1.33133
0	1.02805
-0.04	1.73275
-0.27	0.844078
-0.17	1.26126
-0.54	1.38953
-0.95	1.20102
0	1.02119
-0.05	2.40491
-0.92	0.996582
-0.28	0.96284
0	1.10239
-0.08	1.56746
0	2.08628
-0.89	1.0789
-0.39	1.21396
-0.34	2.25425
-0.68	1.10298
-1.24	1.14387
0.04	2.20753
-0.39	1.83129
-0.74	1.46103
-0.48	2.53346
-1.03	0.824267
0	1.61737
-0.01	1.80226
0	3.0541
-0.6	1.17578
-0.87	0.951947
-0.04	0.86573
-0.49	1.06687
-0.82	0.940081
-0.62	0.560403
-0.2	1.22102
-0.84	0.646902
-0.92	1.53472
-0.95	1.44942
-0.97	1.78887
-0.52	1.09497
-0.51	1.65467
-0.31	2.19986
-0.18	0.891563
-1.15	1.2787
-0.48	1.74534
-0.79	1.04521
-0.32	1.70794
-0.79	2.07663
0	0.990598
-0.05	0.981788
-0.43	1.41582
-0.29	1.0386
-0.03	2.46769
-0.25	0.5318
-0.25	2.26219
-0.09	1.15516
-0.35	0.942766
-0.71	1.06539
-0.81	0.682939
-0.83	1.09768
-0.06	1.87342
-0.09	1.34429
0	1.27104
-0.36	1.29117
-0.06	1.52905
-0.8	0.571966
-0.06	1.2013
0	2.11515
-0.56	0.983978
0.05	0.971407
-0.76	1.10982
-0.33	1.07815
0	1.13318
-0.56	1.36848
-0.12	1.36387
-0.57	1.90504
-1.15	0.682347
-0.12	0.798339
-0.81	0.726211
-0.11	0.946821
-0.8	1.30542
-0.38	2.11072
-0.45	0.831864
0	0.730951
-0.25	2.55107
-0.02	0.760031
-0.28	1.10803
-0.64	0.871377
-0.04	1.5141
-0.61	2.69956
-0.1	1.8244
-0.56	0.809314
-0.27	1.29652
0	1.61745
-0.31	2.17386
-0.77	1.02191
-0.31	1.70656
-0.37	1.88649
-0.83	1.1999
-0.78	0.681605
-0.59	0.828675
0.08	1.17659
-0.06	1.42422
0	1.6659
-0.55	1.33613
0	1.84602
-0.93	0.742297
-0.3	1.21991
-0.33	0.892811
-0.79	1.16797
-0.23	0.969438
0.05	1.13153
0	0.815155
-0.62	1.70125
-0.61	0.897169
0.01	0.947669
-0.65	1.42748
-0.31	1.17426
-0.04	1.36758
-0.1	2.05427
0	0.903624
-0.11	1.12024
-0.4	0.848783
-0.36	0.871814
-0.75	1.54792
0.05	1.21238
0	2.54235
-1.06	0.773374
-0.17	1.62582
0	0.982405
-0.61	1.93172
-0.19	0.863303
-0.11	1.48562
-0.08	1.8485
0	0.934554
-0.31	1.43105
-0.4	0.907985
0	2.23996
0.01	1.31817
-0.77	1.3727
-0.21	0.931266
-0.18	1.82112
-0.33	1.03679
-0.59	1.69135
-0.02	1.76476
-0.14	1.13025
-0.42	1.44382
-0.09	1.50997
0	1.04426
-0.09	0.887128
-0.09	2.42184
0	2.27343
-0.38	1.49526
0	1.80197
-0.44	0.834963
-0.99	1.31962
-0.31	1.81872
-0.2	1.35254
0	2.18914
-0.19	1.55697
-0.37	1.91515
0	2.18953
-0.01	0.989897
-0.08	1.93013
-0.7	0.886149
-0.3	1.43138
-0.52	0.613329
-0.83	0.901781
-0.92	0.548154
0	0.997572
0.06	0.870445
-0.51	1.00972
0	1.20704
-0.45	1.64664
-0.26	1.47844
-0.55	1.4206
-0.28	1.18742
-0.56	2.03501
-0.33	1.62118
-0.76	0.950577
-0.16	0.773626
-0.31	0.716277
-0.61	0.91104
-0.26	2.44134
0.05	1.79045
-0.47	1.62787
-0.56	0.749283
-0.3	1.95687
0.05	0.707976
-0.02	1.0835
0	1.0598
-0.37	0.678814
-0.03	2.07725
-0.35	1.20203
-0.53	1.1972
-0.4	1.32304
-0.3	1.73374
-0.39	2.14067
-0.57	1.97769
-0.45	0.650779
-0.23	1.45918
-0.45	0.998114
-0.45	1.09434
0.02	1.95978
0.06	1.56039
-0.91	1.20946
0.04	1.30567
-0.51	1.13474
-0.4	1.47726
-0.5	0.508434
-0.41	0.992613
0	1.35503
-0.63	1.66779
-0.38	1.14129
-0.22	1.27607
0.01	0.708498
-0.01	0.868108
-0.05	1.38072
0	0.68908
-0.7	1.10866
-0.86	0.673069
-1.09	0.976755
-0.15	1.11636
-0.32	1.706
-0.09	0.7387
0.08	1.05602
-0.27	1.28598
-0.1	1.9806
-0.21	1.42833
-0.3	1.50215
-0.09	1.14443
-0.36	0.902182
-0.8	2.02793
-0.27	1.48727
-0.19	0.792518
-0.6	0.493631
0	0.852221
0	1.14513
-0.24	0.899607
-0.97	1.54497
-0.41	0.89328
-0.08	1.30259
-0.47	2.38457
-0.45	1.23965
-0.16	1.81433
-0.12	1.44398
-0.53	1.02711
-0.29	1.12584
-0.22	0.880162
-0.11	0.875688
-0.54	0.721046
0	1.84179
-1	0.637306
-0.41	1.24648
-0.2	1.16711
0.01	0.818896
0	1.78102
