Error on the test set seq only: 78518.5
Error on the training set: 0.00614079
Number of parameters: 1031

Base Parameters
-0.365561	0.210545	-0.662083	-0.25704	-0.558067	-0.236988
0.018864	-0.283859	0.375708	-0.77472	1.02517	0.467861
0.345617	0.0234018	0.570973	0.999075	-0.0635783	-1.13798
-0.0964117	0.00410326	0.0600815	-0.442449	0.440395	-0.422457
-0.597339	0.407623	0.792966	0.606128	-0.406771	-0.309112
0.249664	-0.749779	-0.0950687	0.920948	-0.14273	-0.361585
0.19061	0.434554	-0.678946	0.716377	-1.94467	0.339531
-1.29674	0.109281	-0.750837	0.884538	0.858857	0.930551
-0.00487569	-0.980314	1.2945	0.3485	-2.12016	0.868584
0.204889	-0.53909	-0.404081	1.261	-0.693477	0.0436279
-0.527327	0.326222	-0.537892	0.982895	1.23245	-0.95149
-0.321126	-0.982166	-0.273147	-0.359886	-0.273427	0.138177
-0.181623	-0.284015	0.504734	-0.747116	0.559845	-0.623656
-0.473484	-0.263298	-0.290848	-0.304679	-0.415121	-0.102784
-0.239942	0.199319	-0.373325	-0.348048	0.705069	-0.113493
-0.20311	-0.385464	-0.0289647	-0.433113	0.242955	-0.375167
0.422353	-1.67795	-0.581092	0.197957	0.544196	1.59741
0.23729	-0.349791	0.613234	-0.098213	0.0117466	0.64807
1.1414	-1.63325	0.0347965	1.13962	0.0376309	0.00926734
-0.0441454	-0.0271287	0.357846	-1.77985	-0.862077	-0.386224
0.337166	2.26349	-2.12245	-2.69016	-2.0415	0.102261
-0.123895	1.16633	-0.0578462	-0.926881	-0.864411	-0.652092
-0.556347	0.911202	-0.090633	-0.952465	-0.27324	-0.0350347
-0.00761137	1.13408	-0.756826	1.43535	-1.7745	0.380311
0.0665868	0.172758	0.546215	-0.532036	-0.663614	-0.108169
0.461877	-0.511498	-0.159409	1.39941	-1.47436	0.542866
1.0405	0.10311	-1.31119	-1.6344	-0.288999	-1.35811
-0.0886797	-0.312891	-0.512954	0.454548	0.0313442	0.0889869
-0.199422	1.35716	-0.155917	-0.350496	0.623523	-1.19657
0.296784	0.442335	0.484355	-0.520383	-0.0987869	0.766167
0.432522	-0.330573	0.253583	1.97471	-1.03249	0.332
0.307547	0.133494	0.479687	-0.27097	0.661842	-0.471844
-0.479623	0.403938	-0.884651	-0.931249	0.209698	0.328347
-0.46723	1.79387	-0.234121	0.443834	-0.626408	0.538947
0.57824	0.121683	-1.28592	-0.0409951	-0.134943	-0.558351
0.150022	-0.295488	2.15323	-0.333953	2.51078	1.6141
0.318365	0.372467	-0.415035	0.25585	0.168585	0.121889
0.180311	1.12646	-0.497483	-0.375508	-0.960786	-1.00884
0.842246	-0.0981906	0.667576	1.07828	-0.567984	-0.4313
-0.184263	-0.224324	-0.253566	0.0831947	-0.27421	0.0159926
0.114562	-0.440577	-1.03391	0.319147	1.30657	-0.200377
-0.270397	-0.622892	-0.123773	-0.220574	-0.147893	-0.0899935
-1.10302	0.841055	0.810076	0.124974	-0.0389083	0.198999
-0.438615	-0.609197	0.0698938	-0.605245	-0.775179	-0.171014
-0.242788	-0.539736	-0.618985	-0.253006	0.124286	0.0281974
-0.385663	-1.31855	-0.111157	-0.0874842	-0.1354	0.093729
-0.0810523	-0.127434	0.115287	1.39563	-0.733008	0.729164
-0.0588563	-0.0728096	0.0408136	0.0850977	0.51676	-1.21125
-0.637926	0.0712158	-0.417587	0.831	0.201506	-0.626076
0.209358	0.0244158	0.424693	-0.797022	0.165923	0.957895
0.0230177	-0.956826	-0.0972702	0.1858	0.380668	0.284314
-0.136846	0.0970084	0.0570657	-0.0815318	-0.985324	1.00619
0.0234266	0.764889	0.0656989	0.731402	-0.804648	-0.0898071
-0.140794	0.148409	0.564079	-0.898286	0.349238	-0.00372206
0.306161	-0.0565101	-1.47511	1.6442	0.370301	0.623118
-0.940669	1.32592	0.76815	0.182663	0.36752	0.0969309
1.08018	-1.12234	-0.581896	-2.14923	3.1385	1.11322
-0.464582	1.07325	-0.618693	0.30784	0.965942	-0.0183042
-0.074135	-0.645546	-0.68392	1.22697	-0.36073	-0.810336
0.476865	-0.0412144	-0.499712	-0.437627	0.498017	1.34249
-0.0447124	0.324416	-1.70927	1.03661	-1.14926	-0.037157
0.174819	-0.187832	-0.968182	0.777398	0.164535	0.177516
-0.3228	-0.832613	-0.415317	-0.531391	0.0360304	0.0111912
-0.215773	-0.442377	0.14821	0.0340243	-0.401305	-0.236309
0.828933	-0.478402	0.0673301	0.204432	-0.141483	-2.1789
1.46672	-1.5497	0.386759	-1.54632	-0.0932494	-0.232005
-0.147579	0.176523	1.53134	-0.0125337	-1.60228	0.18149
-0.469517	-0.708139	-0.0476768	-0.672599	-0.387197	-0.333241
0.257666	0.0655836	-0.278183	-1.24926	0.610374	1.69452
0.639936	0.113716	-1.63594	-1.67466	1.272	-0.432782
-0.208495	-0.371857	0.28037	0.521477	-1.26018	-0.216289
0.173948	-0.00298905	0.239029	0.417129	-0.365707	0.811947
1.00811	-0.0774235	-0.13161	0.839486	0.152236	-0.995295
1.47531	-0.0610753	0.860871	-1.91918	-0.207842	0.0972395
-1.04169	1.34931	-0.797153	0.198806	-1.24058	-0.48239
-0.453261	0.393481	-0.545234	0.59402	0.441522	-0.0548533
-0.394508	0.0334848	0.267952	2.22366	0.685202	-1.34612
0.589253	-1.04919	4.39901	0.839449	0.101983	1.07054
0.243077	0.218352	0.0894848	1.08145	-0.913716	-0.126133
0.662759	0.242813	-1.11144	-0.584795	-0.150066	-0.746516
-0.178141	0.0627898	-0.0351161	-0.247421	-0.0542845	-0.25431
-0.526042	0.211031	-1.10881	-1.13876	1.59941	0.324437
0.755236	-0.569299	0.591876	1.48001	-0.692161	0.30556
0.679245	-0.668366	1.0528	-0.852467	-0.348158	1.27354
-0.28036	-0.602702	-0.155234	0.0872194	-0.247614	-0.270739
0.14597	-0.163781	-0.147846	0.665415	-0.496063	0.317183
0.433609	-0.120354	-0.623752	-1.8658	0.897223	1.63428
-0.11698	-0.0893477	0.3651	1.29619	0.44813	0.25275
0.250438	-0.557864	1.29601	0.82229	1.18572	-0.558992
-0.192299	0.505777	0.991393	-0.722905	0.213238	0.446137
-0.192195	-0.423896	-0.162137	-0.62942	0.686582	-0.0294031
0.484892	0.0591414	0.536025	-0.494153	0.547857	1.01538
0.118605	-0.0152738	-0.642623	0.726966	-1.64246	0.0465135
-0.995511	0.433881	0.385834	0.135069	0.760353	-0.239717
-0.118803	-0.16135	-1.77458	0.945658	-0.088307	-0.189256
-0.0829231	0.733716	-0.731078	-1.30685	-0.389167	-1.23194
-0.222149	-0.602765	0.428619	-0.150976	-0.818156	0.169311
0.11782	0.112551	0.424755	-0.230598	0.98499	-0.74695
-0.206136	0.993342	-0.41607	-0.790116	0.521225	0.515877
-0.311838	-0.714456	-0.505717	-0.0434912	-0.104551	-0.14809
-0.12606	0.10912	0.239619	-0.0679312	-0.722601	0.0873697
0.383194	-0.158876	0.829697	1.46042	-1.27083	0.0661023
-0.0437367	0.187417	-1.12728	0.134539	-0.381887	0.176338
-0.345484	-0.823208	0.0526229	-0.19466	-0.233299	-0.132744
0.0866179	-0.34997	0.883856	0.040556	-0.263449	0.0253345
0.516311	-0.0329052	-0.185687	0.239941	0.588502	0.933774
0.123852	0.40922	-0.762547	-0.950165	1.75262	-0.0192787
-0.0578193	1.7551	-0.17192	0.416192	0.261639	-0.366258
0.750466	-0.096648	-2.14955	0.166069	-0.321757	2.12389
0.272152	-0.0587424	-0.692086	-0.302907	1.37326	-0.277554
-0.0939698	0.469576	1.31925	-0.215087	-1.70183	0.559311
-0.0439433	-0.103458	-0.42836	1.53483	-0.532718	0.625395
-0.151986	0.223639	-0.799324	0.433049	-1.06646	0.177385
-1.15745	1.04592	0.743767	-0.00827399	-0.102714	0.0448944
-0.419069	-0.545721	-0.489604	-0.394238	-0.176718	0.0409667
-0.249462	-0.571967	-0.231279	0.32827	-1.14946	-0.313055
0.209131	-0.586544	-0.620107	0.583172	-0.164169	1.65053
-0.014563	0.697774	0.40149	0.792764	-2.15378	-0.0963606
-0.144287	0.33924	-0.414383	-0.735606	-0.592235	0.298567
-0.0250081	-0.482657	-0.433447	0.490678	0.51481	-0.0456381
0.50924	-0.899745	3.23728	-0.905349	2.0232	0.747091
-0.405975	-0.408425	-0.531826	0.109213	-0.786333	-0.0342286
0.366937	0.405704	-0.0954183	-1.4007	0.273351	1.31019
-0.514618	0.100904	-0.329894	-0.88194	-1.123	-0.622749
0.127422	0.959475	-2.30809	-3.08704	0.954431	-1.11749
-0.247136	0.697465	-0.181012	0.105357	-0.242243	0.540255
-0.383538	-0.918371	1.27694	-0.353365	-0.559527	-0.36111
-0.0976034	-0.764036	0.239034	0.0295648	-0.189648	0.185167
-0.217851	-0.863564	-1.1977	0.810906	0.586767	0.173384
-0.304609	-0.834156	0.66664	-0.461743	-0.379657	-0.12589
0.529174	-0.233472	1.17362	-1.1851	-1.50023	0.0272164
-0.17379	0.314666	-0.492194	-0.253491	0.933054	0.680073
0.652746	0.300933	-1.2048	0.899023	-2.20632	0.994971
-0.032241	0.31089	-0.237946	-0.0433821	-0.902222	0.250282
-1.24109	-0.718446	0.209102	0.215661	-0.420392	-0.109413
-0.570748	-0.970578	-0.295587	-0.250908	-0.235508	0.130341
0.315136	0.130427	0.331427	-0.995946	0.206108	0.344897
-0.380599	-0.731308	-0.333153	-0.506903	-0.256064	-0.0101988
-0.302027	0.0541592	0.28623	0.494894	0.247197	-0.73641
0.629848	-0.102919	-0.566346	0.462285	-0.479351	1.38296
1.10408	-1.88056	-0.0107331	1.66487	0.168673	-0.183292
0.302373	-0.49651	0.054566	0.709991	0.665347	-0.0318745
-0.193003	-1.54571	-0.125336	-0.763866	-0.299483	-0.336325
-0.048045	-0.638024	-0.222347	0.115213	0.310111	0.105854
-0.0246064	-0.135724	-0.633139	0.173761	0.213668	0.287659
0.596871	-0.422841	-0.408023	0.44474	1.14901	-0.0733919
-0.567126	0.440474	-0.450376	-0.231331	-0.731849	-0.0657506
0.84824	1.24197	-1.10277	-0.263094	-0.20219	-0.28967
-0.505981	0.308412	-1.49749	-0.434093	-0.0422986	-0.0566353
0.319083	-0.104783	-0.555292	1.46008	-0.294252	0.258134
-0.183881	-0.336815	-0.235829	-0.046161	-0.319922	0.0461228
-0.0276246	-0.347095	0.150196	-0.111389	0.0917356	-0.126326
-0.384307	-0.681923	-0.311609	-0.91463	0.22838	0.0240011
-0.182973	-0.588563	-0.394291	0.0797569	0.216183	0.0383047
0.0359877	-0.0237884	-0.779344	-0.241337	-0.408316	-0.105644
-0.0969037	-0.415096	0.182626	0.0540152	-0.314596	-0.00785837
1.65815	0.0991964	-1.75699	0.916266	-2.34763	-1.104
-0.364601	-0.519778	-0.341989	-0.402054	-0.1468	-0.0709711
0.474263	-0.189943	0.298188	0.573491	0.325326	0.69008
0.0852639	0.575457	-0.216611	-0.697715	-0.257774	0.451882
0.403943	0.439788	-1.29965	-0.518809	-0.903416	0.56738
-0.105357	-1.0498	-0.111769	0.346577	0.590462	-0.294786
0.0812537	-0.170596	1.35341	0.29879	-1.28251	-0.411287
-0.444182	-0.95829	-0.536504	-0.360777	-0.18047	-0.176248
0.668691	0.242838	0.0484101	-1.32374	-0.237653	0.0194206
0.272835	-0.301224	0.8716	-0.9113	0.459087	-0.196655
-0.160853	-0.615175	-0.051597	0.189433	-0.0250604	0.00806255
-0.2749	-0.755757	-0.422008	-0.129821	-0.0862589	-0.00834756
0.216697	0.547926	0.322774	0.102103	-1.56631	-0.944817
-1.19703	-0.42307	-0.150678	-0.244329	-0.0825178	-0.0688094
-0.404123	1.15124	-1.95963	-1.40732	-0.176126	0.633332
0.682175	-0.780545	0.908933	0.18629	0.746585	0.325295
-0.396293	1.3037	1.02779	0.989117	0.812702	0.00483856
-0.83158	1.53073	0.631573	0.307681	-0.365865	0.0934607
-0.267629	0.391795	-0.0452445	-0.567714	1.1829	-0.548428
0.106174	-0.449648	1.95775	0.893496	-0.599341	-0.567608
-0.564709	-0.0636893	-0.700187	0.742205	-0.272893	0.662607
-0.182214	-0.509319	-0.662051	-0.284029	0.26581	0.114858
-0.166475	-0.839695	1.21875	0.258615	1.78771	0.674164
-0.138489	-0.393253	0.308345	-0.806825	0.324204	-0.0989593
0.239296	-0.388984	0.149966	1.45898	0.495473	0.545699
-0.0969573	0.108818	-0.794276	0.290024	0.423214	-0.0691613
-0.694568	1.08692	0.271738	0.920976	-0.20275	-0.0790197
-0.00951913	-0.859926	1.19327	-0.339588	0.0457628	-0.0578805
0.0777201	-0.131993	-0.00823426	-0.00587054	0.409866	0.0508269
0.314596	-0.586763	-1.28259	0.672087	-0.517639	-0.193731
0.344335	0.0227565	0.169292	-0.687017	1.0743	-0.0734592
-0.0149102	-0.0623705	-0.187656	0.21669	0.0961522	0.338363
-0.0046475	-0.0883813	0.350731	-0.241257	-0.445511	0.228062
-0.178266	1.02648	-0.681987	-0.490987	0.219955	-0.344855
0.516614	-1.02101	0.824068	0.996853	-0.480271	0.241497
0.477041	-1.25587	0.700104	-0.00390359	0.788004	-0.084755
-0.0842268	0.197342	0.214907	2.06307	0.233963	0.0753053
-0.0845538	0.227475	-0.368295	0.308079	-0.555085	0.0526852
-0.0280895	-0.617486	-0.0920871	0.913992	-0.231752	-0.402283
-0.209837	1.87372	-0.738635	-1.81207	-0.667167	-0.294261
-0.365268	-0.123708	-0.380962	-0.602536	0.0694407	-0.305651
-0.486562	-0.4947	1.6041	1.40023	0.828957	0.612225
-0.34752	0.890802	0.345698	-1.17019	-0.550371	-0.230084
-0.0731968	1.04033	2.54943	0.373303	-1.49853	-0.0292883
-0.00132272	0.623109	-0.6313	-1.81572	-1.01936	-0.674554
0.282416	-0.143839	0.567044	-0.0590366	0.391237	0.0796519
0.979816	-2.12265	-0.976035	3.25096	-0.345462	-0.928619
-0.020966	-0.197826	-0.233074	0.503338	0.351232	-0.103211
0.312395	0.0106223	-0.26969	0.794669	0.734819	-0.983168
-0.329399	-0.641463	0.32316	-0.251154	-0.700387	-0.319828
-0.429717	-1.22314	-0.443473	-0.30329	-0.165868	0.389221
-0.118468	-0.339322	-0.602193	-0.159015	0.414622	-0.335377
-0.154308	0.163467	-0.98399	-0.284413	0.495538	1.34377
1.13532	-1.06711	0.410154	0.163567	0.215979	-1.55021
1.53419	-1.24863	-0.607893	0.891298	1.48881	-0.0329536
0.175362	-0.324667	1.70978	0.904727	0.339143	-0.751101
-0.0666945	-0.263879	0.0303158	-0.26438	0.024587	0.139805
0.0325287	-0.00348163	-0.436385	0.894572	-0.263403	0.197158
-0.204714	1.10217	0.0462002	0.279802	-0.707121	-0.00329861
-0.113352	0.167198	-0.502598	0.398362	-0.0841777	-0.405134
0.407156	-0.234142	-0.469991	-0.363446	1.20852	0.240476
-0.000565561	0.158514	-1.04447	-0.686461	-0.464265	-0.0569932
-0.408011	0.022411	-0.65359	-0.185166	-0.732947	-0.171419
0.256459	-0.312412	-1.24464	1.12291	0.713123	-0.143401
0.170325	-0.181788	0.3151	-0.487117	0.451506	0.428063
1.01083	-0.0297224	0.0386516	0.237405	0.452151	-2.16297
-0.00238336	-0.00713307	-0.353426	0.160492	-0.133968	0.00416005
0.088918	-1.42092	0.924888	-0.2964	1.48875	0.502749
0.0803887	0.244162	-0.658398	0.764985	1.00345	-0.175625
-0.370655	-1.11738	-0.188398	-0.251286	-0.103968	-0.0346369
-0.143322	-0.377043	0.00780848	-0.0307952	-0.177487	0.0149618
0.779416	0.238958	-1.43945	-1.09559	1.14453	-0.220669
-0.199797	-0.347391	-0.44617	-0.261707	-0.0463052	0.029968
-0.154297	1.61151	0.799588	0.442237	0.358878	0.756192
-0.442507	0.999984	-0.746482	0.82084	0.4987	0.100116
-0.195491	-0.467669	-0.260394	-0.158671	-0.0776889	-0.0545276
-0.332042	0.565283	0.740351	-0.888827	-0.215376	-0.0971813
-0.274641	-0.905628	-0.054745	-0.298153	-0.04506	-0.0903763
0.165595	0.52729	-0.46037	-0.267849	-0.837927	-0.873434
0.00132579	0.48016	0.41844	-0.494709	-0.000302616	0.0263337
-0.0195157	0.0250761	0.511855	0.350835	-1.30936	-0.0687413
-0.0502242	-0.229085	-0.167474	-0.0815328	0.400013	-0.0709016
0.0535159	0.20346	2.40086	-0.501948	-1.23474	-0.0616335
-0.513042	1.62292	-0.802711	2.02792	0.688375	0.279252
0.210398	-0.676519	-1.00548	0.140587	1.48739	2.36827
0.410056	-0.209207	0.0703324	-1.15041	1.39302	0.17335
-0.315913	0.229563	-0.638575	1.21637	-0.390132	-0.809688
-0.167694	0.636177	1.69736	-0.884881	-0.372924	0.503824
1.28266	-0.900193	0.745666	-0.694313	0.364535	0.0355876
0.290002	-0.0722985	-1.40674	0.633998	-1.07909	0.686771
0.446868	-0.652876	2.03725	-0.961604	0.0454403	-0.457668
-0.0837016	0.11311	-0.514648	0.0205549	0.115339	0.506678
0.0576488	-0.538795	0.11097	0.490952	0.184549	0.71135
0.0364973	-0.755302	0.0448202	-0.0683234	0.819046	0.0506805
-0.226433	-0.496807	-0.476096	-0.183093	-0.0125343	0.044122
0.58556	-0.372282	0.332899	1.62106	0.00544367	0.167135
-0.154172	0.459766	1.16334	-0.598252	0.762973	-1.53802
-0.148117	0.428304	-0.4815	-0.424733	-0.0417674	0.161385
0.1793	0.24243	-0.341825	0.218479	-1.14203	0.361178
-0.269034	2.67874	0.386174	0.745514	-0.126786	0.29735
-0.0991743	0.138284	-0.549877	-0.396022	-0.064319	-0.20555
0.354601	1.0859	0.422176	-0.48548	-1.32577	1.44199
0.151847	-0.940161	0.359279	0.890184	-0.162865	0.200625
-0.0144383	1.06299	0.551885	-1.88766	2.45353	0.148687
0.650131	-0.215054	-0.238685	0.466942	1.39288	-2.31817
-0.0407616	-0.509977	2.44649	-0.342682	1.87475	-0.0779202
-0.0544292	-0.171999	-0.879936	0.93763	-0.253141	-0.162447
0.185844	-0.134736	0.571597	0.131801	-0.460815	0.280327
1.3498	-1.68516	-2.28062	-1.46096	1.39524	1.21909
0.232814	0.24028	0.493918	0.164701	-0.413944	0.0250609
-0.0135269	0.042401	-0.0339863	1.22595	-0.893462	-0.0411817
-0.202379	0.639786	0.316693	-0.266882	0.151633	0.0572084
0.0934478	0.134913	-0.901624	0.0856891	0.291785	0.761288
0.468344	-0.850334	1.12802	-0.15099	-1.39158	-0.150853
-0.28953	0.141736	-1.13259	-0.160954	-0.256973	-0.224798
-0.0112053	-0.62902	1.41405	1.11725	0.680669	-0.552477
0.74672	0.310806	-0.961113	-1.28777	-0.207135	0.115268
0.331869	0.162794	-0.440874	-1.77046	1.30417	0.016999
0.684692	-1.19787	0.596594	1.84803	-0.409121	-0.7117
0.361514	-0.0383468	-0.771104	0.4127	0.694314	-0.359825
-0.536504	-0.13509	-1.55011	-0.255484	0.754288	-0.174142
-0.0343747	-0.126934	-0.483884	0.080236	0.418807	-0.00522101
-0.0764338	0.398511	-0.601785	-0.820864	-0.0128988	0.36015
-0.448639	-0.35925	-0.802307	-0.0344048	-0.613242	-0.237029
-0.339204	-1.0775	-0.425337	-0.171498	-0.193359	0.0473108
-0.264771	-0.879869	0.438269	0.326201	-1.13875	-0.00823614
-0.2165	-0.253122	-0.0864853	0.500067	-0.174187	0.0130755
0.052704	0.59573	-0.508713	-0.87561	-0.773168	0.129504
-0.66786	1.20862	0.404016	-0.467439	-1.02232	0.108311
0.43421	-0.82711	-0.572638	0.909658	-0.0738893	1.07082
-0.422032	0.0803695	0.482851	0.155485	-0.745224	-0.448863
-0.228881	-0.632439	-0.191245	-0.232102	0.36042	-0.32271
-0.424726	-0.220934	-0.399143	0.131303	1.19993	0.479319
0.124581	-0.268806	-1.19305	0.813589	0.782747	0.121786
-0.167425	0.456017	-0.00303354	-0.734157	-0.619291	0.0481014
0.976962	-0.549418	0.668975	0.00399158	1.06484	0.760814
0.630338	-0.858172	-0.499396	-0.00927134	2.09549	0.947704
-0.0115488	-0.686365	0.184179	0.307382	0.258087	0.15908
-0.152152	-0.0815815	-0.0071384	-0.371933	-0.0605589	0.0366394
0.399669	-0.220801	0.736894	0.884969	-0.538182	-0.00529971
-0.0547774	1.78181	-0.383048	0.644679	-0.83626	-0.0265454
-0.0128343	0.117304	0.0830023	-0.216923	-0.17933	-0.025922
-0.0892545	0.544954	-0.639882	1.72537	0.740891	0.263413
-0.978653	1.02135	-0.422385	-0.319338	0.103778	-0.0655622
0.687064	-0.746008	0.0352463	0.147543	3.06103	0.547791
0.119681	0.385187	-1.3054	1.49078	-2.22583	-0.86378
-0.452708	1.12409	0.120855	0.748217	0.0531897	-0.764474
-0.209395	-0.57798	-1.07319	-0.382738	0.913371	0.0509051
0.137118	0.072227	-0.209508	-0.60997	-0.0953978	1.31904
-1.13294	-0.0607884	-0.445084	-0.0605709	-1.44045	-0.476378
0.339577	1.07355	-0.675022	1.3267	-1.51462	0.20268
-0.266267	0.822364	-1.1769	2.26563	-0.912841	-1.72352
-0.0501457	0.560969	0.25843	-0.0291823	-1.16716	-0.694563
-0.0557675	0.84609	-1.53797	0.0117672	-0.270327	-0.395828
-0.0211429	-0.161595	-0.556108	-0.231552	1.14372	0.302684
-0.616494	-1.46335	-0.0274919	-0.620227	-0.0137394	0.13955
0.179675	-0.830072	1.01024	0.173319	-0.428293	-0.0551764
0.239712	-0.444551	0.853429	-0.1592	-0.112943	0.202657
0.2761	0.938177	2.00581	-2.34813	-0.654254	0.14077
0.0146734	0.959295	-1.88857	0.398449	-1.72256	-0.707801
-0.188258	-0.374017	1.45501	0.617883	0.335131	0.473956
0.251071	-0.373499	-1.38545	0.764231	3.98245	2.07424
-0.184702	0.318408	-1.76317	0.331942	0.371152	1.38765
0.294995	-0.378581	-0.0399588	0.713113	0.435482	-1.03738
0.0842499	0.134437	-0.103877	0.421191	0.581863	-0.30482
-0.153309	0.517466	0.735855	-0.295593	-0.243579	-0.808983
-0.229129	0.470217	-0.0816534	-0.266316	0.0294061	-0.0527807
-0.223827	-0.462714	-1.10598	0.789472	-0.939604	0.0996667
-0.00878885	0.403941	1.07266	-0.287065	-0.117961	-0.0015307
-1.06486	-0.622018	-0.905433	1.12375	2.4069	0.175706
1.51195	0.200464	-0.212747	-1.00944	-2.4654	2.52755
-0.147972	0.508739	-0.655833	-0.303347	0.411157	1.48085
0.332065	0.0675257	-0.0258457	0.162815	-0.261429	1.43522
0.388727	0.232776	-0.783329	0.0417535	-0.12691	0.187698
-0.550237	-0.469467	0.927432	0.109617	0.132095	-0.0319374
0.0467357	-0.0892415	-1.53658	0.699151	0.672857	-0.168269
1.03284	-1.12081	-0.828061	1.52178	0.22883	0.400706
0.173559	0.156873	1.11778	0.120425	-0.828697	-0.657843
0.464574	0.106886	-1.7228	-0.343414	-0.866949	-0.505124
-0.0508126	0.497999	-1.26832	-0.441257	0.0418241	1.34366
-0.273705	-0.450495	1.46321	0.267829	-0.697068	0.923414
0.0317431	0.263171	0.037597	-0.281814	-1.0266	1.31732
-0.0186416	-0.364068	0.490961	0.173726	-0.362296	-0.0246259
0.328904	-0.48889	-0.55237	1.58754	-0.0145517	-0.595941
0.864132	-1.67046	0.236268	0.0561031	-0.578721	0.66609
-0.345691	0.486174	-1.20901	1.80219	-0.615579	-0.128353
0.125	0.0724377	-0.922681	-0.0542263	0.9358	0.266236
0.169079	0.540109	-0.180138	1.31629	-0.719112	-0.677059
-0.673147	1.28194	-1.12155	0.954454	-0.0849813	0.540976
-0.228991	0.340912	0.00288691	-0.519168	-0.33503	0.0755416
0.0892444	-0.181627	1.73109	-0.0641186	1.21763	0.791402
-0.111407	0.226859	-0.506726	0.387891	0.104395	0.0966026
-0.155837	0.268528	-0.00258185	0.0477871	-1.05134	-0.223716
0.252617	-0.597057	0.0613207	0.763381	0.348329	-0.0360783
-0.08556	-0.579889	-0.0889793	-0.345602	0.611889	-0.159836
-0.539721	-0.48461	-0.10941	2.54237	-0.172692	1.27275
0.408259	-1.08605	1.49425	0.442457	-1.30174	0.109506
-0.0684113	-0.191327	0.128824	0.915097	-0.194439	0.143428
0.309067	0.805754	-1.12929	-0.440142	0.550354	0.0663229
0.476236	-0.375618	-0.45774	1.64661	0.184198	-0.310119
0.539382	-0.985466	-0.881637	1.43707	0.889736	0.0337171
0.0725543	-0.0158373	-0.0762874	0.214261	0.468167	0.0586704
-0.00825899	-0.440778	0.438986	0.0522631	0.0171761	0.00657091
-0.25836	-0.029493	1.53163	-0.347716	1.15039	0.117929
-1.20365	-0.00864717	0.533684	-0.435122	0.0409879	-0.0528497
-0.198971	0.209782	0.227423	-0.385302	-0.139446	-0.0241472
0.0157667	0.767305	-2.11771	0.359618	-0.731924	0.043128
0.0630463	-0.0767287	-0.69882	0.48819	0.978969	0.0955752
-0.301871	-0.502876	-0.446563	-0.176181	-0.488449	0.0703397
-0.187845	0.0941802	-0.205154	-0.801424	0.0480381	0.185176
-0.124035	-0.721423	-0.218781	2.41059	0.45699	0.891658
-0.616195	0.578991	-0.626472	-0.0215244	-0.0767108	0.0561704
0.0799369	-0.383189	-0.358567	1.05334	-0.616975	-0.219058
-0.24163	1.11974	-0.840573	-1.67787	-0.00638308	0.509134
-0.0225731	0.169826	0.682135	-0.545298	0.168107	0.50667
-0.768811	0.766446	-1.55265	-0.68019	-1.12099	-0.0732997
0.331292	-1.09414	-0.0164155	-0.273206	0.440711	-0.221012
0.109674	0.409159	-0.545806	-0.27605	0.254852	-0.918662
-0.00784416	0.0179303	0.401215	0.468124	-0.0278909	-0.160195
0.126491	0.0480142	0.0675347	0.340345	0.755693	-0.288002
0.878954	-1.55879	1.05039	-0.22165	-0.408948	-0.0608556
0.815339	-1.52403	1.34664	0.230272	-0.617589	0.0516801
0.201172	0.663137	0.180036	-0.816233	-0.744108	-0.908404
1.71964	0.15863	-1.0271	-2.19923	-0.712004	0.173416
-0.436371	-0.571305	-0.628247	-0.425702	-0.419365	-0.095383
-0.174274	-0.0454558	1.39021	1.72916	-0.19134	0.0538741
-0.132485	-0.765977	0.256659	-0.125538	0.289081	-0.478503
-0.0455061	-1.13685	-0.45689	1.55066	-0.704843	0.480868
-0.162984	0.837616	0.910643	0.370173	-2.42812	0.155486
0.00703367	-0.787348	0.650021	-0.407787	0.317302	0.346664
-0.482387	0.233199	-1.13852	-0.182746	0.471933	0.195307
0.122699	-0.18222	0.0315561	0.526416	0.09843	0.611022
-0.158081	-0.274398	0.13271	0.60168	-0.511659	-0.415173
0.0316011	-0.22202	0.0597307	0.18173	-0.0250465	0.153621
-2.24987	0.23786	-0.375204	-0.257491	0.0448539	0.141123
-0.061032	0.0323144	-1.04735	0.337164	0.0690628	0.891093
-0.460049	0.903088	1.12329	0.676638	-0.250317	0.0352668
-0.310516	0.654151	0.681916	-0.0638333	-0.555995	-0.0144968
-1.01728	0.320822	-0.460571	-0.175863	-0.0070443	0.00805041
-1.3485	0.739601	-0.0982354	-0.171652	0.584355	0.218754
0.398572	0.0710074	0.323128	1.11046	-0.298009	-0.370952
-0.207891	-0.896027	0.187416	-0.165193	-0.163076	-0.146979
-0.108792	-0.293276	-0.554985	0.0955306	0.128088	-0.0380997
0.330343	-0.248517	1.44207	1.07947	-1.2501	-0.136209
-0.141236	-0.107601	0.131098	0.370518	-0.855895	-0.275153
-0.355172	-0.797993	-0.0584581	-0.284427	-0.383242	-0.0370458
0.134952	-0.0956335	0.172624	-0.0694604	0.359794	0.206363
-0.319363	-0.843674	0.0839578	-0.241439	-0.338966	-0.0512704
0.494307	-0.36676	0.427085	0.875841	0.363582	0.195625
-0.0850798	-0.11437	0.334021	-0.162404	-0.233514	-0.0458255
-0.888481	-0.715323	-0.245644	0.0531232	0.146395	-0.0274756
-0.251822	0.108926	-0.88609	1.05524	0.0144274	0.550505
0.221495	0.0293941	0.153497	0.59685	0.0864748	0.0634143
0.268471	0.290592	-0.0363791	-0.127557	0.815467	0.0852467
-0.335862	-1.02454	-0.21162	-0.126084	-0.205926	0.101125
-0.254095	-0.455176	-0.221456	-0.501084	0.161796	-0.023828
0.341896	0.0203071	-0.453337	-0.314164	1.35179	-0.150382
0.953483	-0.0848829	-1.21378	1.12398	-0.976224	0.502704
0.764377	-1.10953	1.46707	-0.231814	-0.439485	0.145852
0.249643	-0.389831	0.417816	0.112654	0.708631	-0.125727
0.142416	1.89001	-1.50794	-1.77648	-0.254945	-0.149758
-0.325017	-0.906265	-0.474343	-0.0842545	-0.0541014	-0.0746566
0.111543	0.135678	1.22712	-0.301284	0.289355	0.317528
-0.0127697	0.362432	0.293846	0.414816	0.355013	-0.505997
0.503729	-0.331449	1.79493	0.898253	0.442185	0.218866
0.379418	-0.282975	-1.78799	1.21385	0.500746	-0.452073
-1.66286	-0.287634	-0.156829	-0.110306	0.0181385	0.0814001
-0.176812	0.118341	0.446184	-0.410354	-0.762089	-0.135693
-0.435211	0.0636892	1.71176	-0.386874	-0.356692	-0.296894
-0.468476	0.236988	-1.42594	0.616272	-0.227253	-0.184139
-0.755545	1.35992	0.109281	-1.08809	-0.26361	0.0588866
-1.51543	0.543274	-0.263243	-0.0476756	0.2108	-0.026527
-1.33926	-0.0354748	0.282491	-0.0615863	0.20153	-0.0654201
0.0974944	-0.71236	-0.267437	-0.10915	1.17989	-0.138935
-1.18941	1.15048	0.735285	0.508577	-0.119216	-0.0540829
-0.259443	-0.842581	-0.138738	-0.0778292	-0.0418068	-0.107486
-0.176682	-0.97242	0.0372381	0.0672467	-0.46181	0.0586231
-0.344162	-0.0805635	-0.389119	0.0710692	-0.854027	0.0404814
-0.234271	-0.846874	0.376981	-0.393019	-0.159731	0.386187
0.0940832	0.321917	-0.507151	-0.107383	-0.226927	0.820919
0.296953	-0.822656	-0.301709	2.06619	0.936699	0.389454
-0.380954	1.11317	-0.0569591	-1.62261	-1.45406	-0.234166
0.485586	0.29512	-0.0971529	-1.25336	-0.133328	-0.966647
0.453492	-0.70573	-0.431538	1.1483	0.756622	-0.0719574
0.15441	-0.453431	0.154551	0.959493	-0.0772988	0.441182
0.084088	0.0628947	1.9368	-0.371543	-1.19796	-0.0406237
0.488458	-0.16183	-1.28657	0.521826	2.58457	-0.11046
0.357244	0.181486	-0.0234807	-0.462826	1.00231	0.257982
0.0850845	0.581652	-0.488282	-0.0570717	0.487082	-0.0450422
-0.338853	0.0371346	-0.604281	0.588797	-0.458242	0.134085
0.792505	-0.880803	0.693445	0.740518	0.0526378	0.0455447
-0.351435	-0.280739	-0.602516	0.0236819	0.133721	-0.321449
-0.758893	-0.118181	2.32343	0.691715	-1.00804	0.295081
-0.396713	-0.764144	-0.456296	0.0457415	-0.418429	-0.296619
-0.0821262	1.13603	-1.82501	0.551202	-2.18874	0.84035
-0.275149	-0.639144	-0.0986713	-0.235991	-0.139836	-0.101248
-1.102	-0.0533503	-0.29046	0.235063	-1.02921	0.747795
0.983469	0.281247	0.304015	-2.2986	-0.0831927	-0.823087
-0.21615	-0.490485	0.031338	0.389793	0.495477	0.133486
-1.15265	1.40347	0.393603	0.583116	0.45089	0.0138507
-0.262246	0.231829	1.20516	-0.640731	-1.02128	0.0465296
0.64782	-0.0542242	-1.30337	0.283663	0.937888	0.254259
-0.089849	0.181053	-0.323118	-0.331133	-0.116177	0.195953
-0.289228	0.231114	0.353373	-0.74472	-0.478522	0.394065
-1.24156	1.79621	-0.667599	-0.916657	-0.858151	0.00720179
0.00943011	-0.138713	1.14851	0.55028	0.7907	0.964448
0.168428	0.753838	-1.02679	-1.22532	1.05113	1.14218
0.21153	-0.359424	-0.264688	1.31717	-0.219947	-0.354773
-0.4152	-0.31083	1.21379	-0.687009	-0.0839676	0.127701
0.118623	-0.311285	-0.914026	0.634563	0.904829	0.308653
0.618626	-0.30875	-0.566061	0.960549	2.74073	-0.774912
0.183885	0.823783	-0.677578	-0.473926	-0.479536	0.844113
0.0588829	-0.161989	-0.00672216	1.08419	0.0773131	-0.459242
-0.0344363	-0.569055	0.843662	2.04025	-0.0483522	-1.22584
0.372471	-0.747273	0.594951	1.16506	-0.553439	-0.58393
-0.953486	0.630133	2.38615	-1.0899	1.24271	-0.460084
-0.0492995	0.670366	-0.501364	-0.747516	-1.12888	0.10316
-0.168988	-0.678229	-0.0663524	-0.0841601	-0.120652	-0.0465691
-0.275709	-0.0234382	-0.0263214	0.926003	0.521892	0.023788
-0.106075	-0.558448	0.149393	0.334152	-0.331826	-0.0561691
0.141108	-0.173932	0.968486	-0.736314	-0.196639	0.691842
0.0433058	0.438182	-0.378486	-0.207612	0.590536	-2.03931
-0.298213	-0.629566	-0.476539	-0.0528999	-0.260443	0.073494
-0.25832	-0.0129501	-0.258192	0.575411	1.82566	-1.73974
-0.187542	0.0859125	0.184581	-0.74013	-0.834637	0.351752
0.339977	0.590424	-1.42195	-0.0288309	-0.714026	-0.964216
0.274268	-0.733457	0.0672286	0.443281	0.57749	0.690064
0.617535	-0.206009	-0.407716	0.673503	1.22928	0.544297
0.809014	-0.764159	1.95104	-0.669169	-0.37216	0.067473
0.230316	1.68633	-1.2047	-0.970726	0.312633	-0.550069
-0.0176754	-0.420845	-0.269357	0.419134	0.0939807	0.200739
0.984772	0.240444	-1.62232	1.01677	0.998657	-0.0777435
0.280284	-0.379211	-0.478078	0.624537	1.03547	0.342763
0.229376	0.47127	-0.764617	0.805137	0.578607	-0.162046
0.08803	0.813035	0.22238	0.243608	-0.431754	-0.547654
-0.161634	-0.657218	0.19902	-0.367392	-0.0899458	0.0526043
0.00931779	0.314373	-0.78247	0.212042	0.517522	-0.0988177
-0.0134853	0.566777	-0.848443	0.167589	-1.87863	0.274099
0.0301394	-0.401514	-0.575785	0.461597	0.457975	-0.141741
0.225964	0.196308	0.798125	-1.1387	-0.117742	0.0785296
0.567708	-0.703123	-1.12832	1.02322	-1.21556	-0.172615
-0.124871	-0.277277	4.22295	-0.541507	-1.06774	0.0587103
0.0349771	-0.388261	0.317954	-0.0182334	0.826505	-0.36053
0.286549	0.00214525	-0.704866	-1.11837	0.696169	-0.822871
-0.228047	-0.38528	0.211605	0.751286	1.78726	0.311517
-1.25696	0.324097	0.440506	0.470452	-0.0351521	-0.0930002
-1.01547	-1.07341	-0.393757	-0.157852	-0.18616	-0.0191069
0.711142	-0.223847	0.056869	-0.798875	-1.85933	-0.184541
-0.157658	-0.986682	0.415137	-0.348708	-0.301087	-0.0914262
0.153565	0.632149	-0.448399	0.202679	-0.00260587	-0.123806
-0.0472382	-0.25813	-0.912868	0.478723	0.27866	0.0805339
-0.00211795	0.323834	-0.198616	-0.771027	0.750264	-0.329097
-0.109751	0.490685	-0.332613	0.30584	-0.0856243	0.574198
0.393709	0.590598	0.168679	-0.677189	0.0424297	0.917637
-0.380773	-0.150047	1.02069	-1.03406	0.822087	-0.998615
-0.0166291	-0.0486218	0.396258	0.992052	0.463799	0.491588
-0.097491	-0.0500365	0.10074	0.422946	0.928615	-0.188855
1.57727	-0.182137	-0.276858	-0.39344	-0.453906	-0.187046
0.260611	-0.0704146	-1.44512	0.0072899	2.43297	2.38346
0.00857856	1.30766	-0.0470345	1.33861	-2.12359	-0.849129
0.322165	-0.0557993	0.41631	-1.06867	-0.0543311	1.23072
-0.794708	0.756354	-1.51456	-0.419668	0.383017	0.780341
-0.530797	0.468057	0.0377546	-0.772967	1.02265	0.662496
-1.15909	1.10817	1.29211	0.263978	0.11045	-0.0194884
0.729881	0.142686	-0.413913	-0.729071	-0.831798	0.864179
0.475008	0.474906	-1.22613	-0.186596	-1.29688	-0.802578
-0.431481	1.21047	-1.18776	-0.744745	-0.175249	0.335997
0.0470894	-0.315823	0.933355	1.82552	2.41844	-0.419104
0.176038	-0.0111991	0.40181	0.138195	-0.254604	0.6835
0.626124	-0.756883	-0.418412	1.39135	-0.920451	2.71761
0.137481	-0.110369	0.7272	-0.595506	0.171127	-0.192659
0.020192	0.287539	0.519116	0.0549246	-1.02689	0.79517
0.658459	0.0740458	-0.917548	0.548391	0.0543435	-0.146523
0.422439	0.13609	0.0617705	-0.108449	-0.44497	1.06351
-0.650355	1.43775	-0.166187	0.616978	-1.32257	-1.41154
0.495903	0.0977892	-0.739751	0.22677	-1.44115	-0.546064
1.25141	-0.206266	-0.0967549	-0.578495	1.05991	0.703865
-0.357107	0.512328	0.652334	-0.395921	0.541327	0.0840903
-0.224082	0.684315	-0.00466252	-0.170744	0.0513449	-0.838318
0.364983	-0.185266	-0.412871	1.3876	0.355129	0.779613
-0.0451486	1.12373	1.15271	-1.20515	-1.4144	-0.46398
1.08378	0.038539	-0.709137	0.875533	-0.295204	-0.443446
-1.25109	0.937294	0.0854421	-0.302455	0.405524	0.161351
0.114844	0.154388	0.188861	1.96972	0.243711	0.325437
0.254559	0.367961	1.42675	-0.706444	0.323953	0.0770167
-0.5933	2.19871	0.580787	-0.713829	-1.88195	0.493729
-0.0583538	0.166985	-1.12527	0.644318	-0.472465	0.538784
0.0808591	1.67148	-2.00725	2.12604	-2.00466	0.308403
0.0228572	-0.246645	0.54875	0.301639	-0.479571	0.469633
-0.520281	0.942482	-2.08183	-1.47376	-2.14246	0.801969
0.800257	-1.14719	0.632475	0.954054	-0.454982	0.240678
-0.18857	-0.0690976	0.0671642	0.114447	0.17793	-0.166432
-0.237425	-0.0288046	-0.351824	-0.184932	-0.402234	-0.0715225
0.267882	0.441278	-1.39568	-1.63108	-0.443903	0.155358
-0.664971	0.372475	-0.18464	-1.18079	0.693127	0.219703
0.0696044	-0.59882	0.336953	0.131979	-0.0988236	0.177851
-0.0670831	0.119933	-0.171403	-0.195453	0.149744	0.0227966
-0.137207	0.518405	0.26712	-0.0714092	0.807997	0.225544
-1.77356	1.33548	-0.190645	-0.662237	-0.993515	0.108779
-1.18073	0.918822	0.861629	-1.25483	0.212818	0.00527986
0.0348909	0.491106	-1.01774	0.0677351	-0.790772	-0.0278186
-0.686333	0.588479	0.475361	-0.242705	0.863511	0.188025
0.0780883	-0.109025	0.234869	-0.168669	0.739929	0.161207
0.00124524	-0.0612833	0.167607	-0.262936	-1.04835	0.77354
-0.420292	-0.410458	-0.0329678	-0.272404	-0.305156	-0.479202
0.109473	-0.401878	0.380299	1.20022	-0.21637	-0.189139
0.0309484	0.0337282	-0.368834	0.820693	0.316004	-0.660211
-0.231112	0.438043	-0.608871	0.110421	-0.0156496	-0.454196
-0.0652306	0.450026	0.345533	-0.915027	0.627338	0.142682
0.139931	-0.106704	0.0224025	0.961376	-0.869245	0.00241909
-0.067607	0.112121	-0.417705	0.178	0.270523	-0.313923
-0.0424958	0.241258	0.115097	0.229067	0.427116	-0.822955
-0.13283	0.130999	-0.869666	-1.67269	-0.274023	0.421377
0.0107752	-0.135396	0.25995	-0.0610488	0.0920398	0.0892557
-0.061934	-0.455746	0.195306	-0.258336	-0.120959	-0.160569
0.0342635	0.336959	0.354466	2.88003	0.0333334	0.016582
-0.255112	-1.07926	-0.578548	0.0769683	-0.114725	0.36777
-0.28874	0.567958	1.98051	-1.92451	-0.522349	0.247846
-0.101296	-0.478294	0.0764471	0.108552	-0.0566987	-0.177893
0.44566	0.121683	0.0958213	-0.127529	-1.53176	1.98109
0.15027	-0.621415	0.267491	0.496664	0.570258	0.162782
-0.206292	-0.286502	-0.239527	-0.229778	-0.497631	0.0964847
0.310986	-0.638071	-0.619382	-0.606278	1.46355	0.266791
0.0868368	0.62403	0.476344	0.559176	-0.291092	-0.0593182
0.0897117	-0.508257	0.999599	0.874075	-0.338476	0.221193
-0.251202	-0.774448	-0.303162	-0.356729	0.2047	0.273772
-0.206374	0.761529	-1.20183	1.27221	1.84573	-0.190969
-0.246855	-0.502875	-0.175076	-0.328131	-0.249819	-0.0764702
0.466451	-0.151309	-0.65718	1.32549	0.302822	0.0798543
-0.0400122	0.0856407	-0.309556	0.149005	-0.0523508	0.144211
-0.421794	-0.817183	-0.626399	-0.478868	-0.236618	0.00933547
0.833506	0.351713	-0.118245	0.0628745	-0.402148	0.207318
0.478362	0.259915	-1.70388	0.877666	-1.41499	-0.269109
0.298897	-0.616117	1.95926	0.25099	1.13592	0.0389952
0.667009	-0.260914	0.336946	1.24207	1.15674	-0.236128
0.24953	-0.341579	-0.432074	0.816075	0.492724	0.0982963
0.888583	-0.462194	-0.523738	0.927904	-0.425853	1.16784
0.328631	0.105879	-0.0689758	-0.453389	0.808309	0.429363
0.0444929	0.233216	0.426885	0.268547	-0.917242	-0.0185216
0.0867081	1.17557	0.109182	0.276333	0.55754	-0.00470883
0.732335	-0.170695	1.64435	-0.42607	0.427848	-1.3265
-0.458785	-0.731315	-0.25337	-0.0849981	-0.0506917	-0.00508625
0.0293178	0.0255935	-0.0188618	0.0728449	0.9132	0.222533
-0.355412	0.219009	-1.01922	-0.325327	-0.183094	-0.124904
-0.383382	-0.474718	-0.117399	0.230318	-0.0758016	-0.049058
0.703844	0.401724	-2.23674	1.2702	0.5439	0.727995
-0.899172	0.93545	-0.194793	0.325805	-0.0698983	-0.0231705
0.140777	-0.0976336	1.3039	-0.124211	2.12743	-0.3773
0.279576	0.12929	-0.626017	-0.00846386	0.708673	1.01369
-0.278514	-0.709505	-0.246095	-0.0464035	0.082057	-0.292114
-0.067576	1.60441	0.905466	0.449734	0.666854	0.186045
0.276077	1.06583	0.873435	-0.261745	0.130629	0.0183213
0.0793466	0.696665	1.56963	-0.415837	-0.917168	1.41504
-1.21654	0.450203	-0.236724	-0.257245	0.361615	0.196373
0.40715	0.542997	-0.504518	-1.05755	-0.411636	-0.223538
0.0571549	0.266373	-0.422584	0.259975	0.123019	-0.00645657
0.823816	0.229802	-0.524949	0.402818	-1.53231	0.0929486
0.130155	-0.129222	-0.0403231	0.040863	0.524658	0.0709066
-0.290665	-0.556845	0.378772	0.691199	-0.0690373	0.0196613
-0.971935	1.3596	0.277901	0.141334	0.189842	0.047867
-0.138761	-0.641327	-0.145271	-0.0388697	-0.0478036	-0.0112672
-0.109726	0.489175	0.123776	-0.635794	0.0215481	0.0886108
0.278013	1.03281	-2.21587	-0.57072	0.328772	0.132565
0.149374	1.11671	0.244023	-0.736885	0.0830801	-0.366801
-0.184886	-0.506436	0.278441	-0.0891993	-0.570275	-0.0237549
-0.30825	-0.631806	-0.091037	-0.318834	0.152261	0.0697757
0.00313613	-0.222966	-0.501403	0.433977	0.596559	-0.168527
0.0557237	0.0162604	-0.422252	1.00154	-0.795494	-0.285997
0.127972	0.48822	0.390829	-0.444912	0.137531	-0.0262298
-0.164599	1.18131	1.81315	0.0186015	-2.345	-0.290279
-0.400222	1.32511	1.05942	0.0275261	-0.0220364	-0.253769
-0.527998	-0.96576	0.271597	-0.254571	-0.246346	0.0521862
1.00435	-0.726254	0.952254	-0.33171	0.932942	0.0203176
-0.27088	-0.162583	0.177224	-0.113173	-0.0653681	-0.0264482
1.24284	0.0105756	0.21343	-1.17499	-0.934409	-0.201476
0.505844	0.281234	-0.404517	0.663403	-1.82881	-0.35577
0.424159	0.0510073	0.627115	0.197944	0.411577	0.115788
1.17545	-0.267866	0.762494	-0.132826	0.499	0.621073
0.531169	-0.369304	-0.631312	0.810041	1.1571	0.120426
0.151102	-0.333801	-0.601452	1.0125	-0.281669	0.226172
0.631831	0.0298056	0.834855	0.396494	-0.952455	-0.670561
1.55324	0.252517	-0.853278	-1.4562	0.142873	0.481316
1.25514	-0.305159	0.572452	-1.70423	0.243395	0.33259
0.505022	-0.383803	1.28555	-0.637088	-0.205055	0.460471
-1.15311	0.266666	-1.36396	0.536897	-0.378469	-0.380401
-0.12004	-0.735444	1.57097	-0.284156	-0.120421	0.319639
0.335729	-0.825052	-1.74308	1.07002	-0.45776	0.823274
0.289482	-0.378258	0.287882	1.58391	-0.843101	0.178937
0.452612	-0.931866	0.178649	0.603982	1.45875	0.257456
-0.295886	0.251721	-1.33969	0.280744	0.0548009	-0.21613
-1.66747	0.413485	0.951559	-0.69274	-0.127625	-0.222466
-0.402026	-0.860132	-0.371583	-0.514852	-0.234224	-0.0237549
0.0373343	0.6591	-0.333359	-1.90601	-0.0067508	0.0505574
-0.483407	1.24714	-0.142343	1.49448	1.06789	0.569415
-0.30678	1.70229	-1.02813	-2.62287	-0.621217	-0.493719
-0.610666	0.634745	1.1363	-0.0976418	-0.600639	-0.460405
-0.649913	1.09512	-0.157306	-0.210825	-0.0998674	-1.057
-0.213488	-0.944632	-0.16332	-0.167108	-0.0897549	0.142506
-0.350959	-0.924086	-0.185636	-0.347222	-0.232949	-0.070757
-1.34796	0.888821	-1.05773	0.510655	0.392494	0.400948
0.522882	-0.293246	1.15259	-0.422192	0.0114304	0.0237217
-0.106165	0.187855	0.16749	0.448395	-0.622391	-0.0143276
-0.163146	-0.637196	-0.196135	0.0956673	-0.184063	-0.052434
1.2538	-0.356147	-0.101612	0.541953	2.11457	-0.870374
-0.093335	-0.54792	0.331065	-0.169037	0.490965	-0.124796
0.149674	0.14721	-0.556318	0.483861	0.880312	-0.581944
-0.892046	1.35224	0.481011	0.53326	0.145211	-0.0113774
0.0918959	0.714423	-0.137758	-1.77541	0.579661	0.627624
0.364503	0.228766	-0.368221	-0.762309	-0.333674	0.419751
-0.331877	0.816209	-0.150904	0.460356	-0.105415	0.0501759
-0.287997	-0.90122	-0.149305	-0.122965	-0.15465	-0.0423838
-0.231988	0.647422	0.120848	-0.677129	0.483624	0.0942084
-0.191656	-0.303346	0.233338	-0.069366	-0.797697	-0.0749356
-0.781728	0.420495	-0.250881	0.785909	0.19234	-0.170993
0.196482	-0.266834	-0.925293	1.11305	-0.265487	-0.0409103
0.366359	0.618773	-0.0422704	-1.37143	-1.38298	-0.672729
0.266551	-0.374085	0.264889	0.837027	-0.0587052	0.0729858
-0.351199	-1.00811	1.44564	-0.354935	-0.613577	0.210524
-1.24702	-0.848206	-0.734764	-0.197204	-0.148807	-0.289074
-0.230298	-0.10748	-0.0986174	-0.231883	-0.105591	-0.382545
-0.149735	-0.391489	0.298405	-0.1702	-0.203764	0.00395076
-1.7921	-0.484659	0.738944	0.153265	0.0309879	-0.00566443
-1.47773	0.572781	-0.413048	0.178587	-0.0269007	-0.0394853
0.0709938	1.08911	-1.80794	-0.823266	-1.02762	-0.0208567
-0.0585179	-0.202459	-0.0197321	-0.497825	-0.00247271	0.365504
-2.02819	-0.62761	0.127734	-0.098716	-0.0418328	0.0423007
-0.0814638	0.273246	1.08239	0.595304	-0.474808	0.101096
-0.88937	0.334115	-1.57035	0.170546	-0.278648	0.313362
0.0176515	-1.01562	-0.149859	2.16118	-0.19185	-0.941146
0.0370025	-0.566252	0.801833	-0.433352	-0.0140728	-0.0313417
-0.615372	0.947422	-1.44629	0.739638	0.4424	0.250001
0.922705	-0.455223	-2.00562	0.693261	-0.126638	0.512506
0.0983661	1.68999	-1.6987	-0.241141	-1.57696	-2.29714
-0.714375	-0.736136	0.591083	-0.084674	-0.0309063	-0.137471
-1.17103	-0.145075	0.450004	0.00781432	0.751466	0.13438
0.486083	-0.00346002	0.239789	-0.497246	2.11852	0.197796
0.765602	0.355907	-0.665875	-0.869344	-0.56083	0.444156
-0.338095	0.356663	-1.29722	-1.21808	0.271668	-0.650792
-0.0135003	0.0419279	0.397386	-0.112042	0.166588	-0.0418865
0.894583	-0.0766476	-0.62616	-0.494415	-0.528347	2.07168
-0.575848	0.000546193	1.28967	1.44816	0.487287	0.109684
0.388154	-0.152722	-0.993391	-0.592628	0.884778	0.0527353
-1.0743	1.41689	-0.357797	0.315187	0.159602	0.0220068
0.0844001	-0.551324	1.04681	0.334255	0.47339	-0.0892703
-0.0600158	0.545057	0.622383	-0.804145	0.750513	0.0680679
0.0107161	0.0751946	-0.293422	-0.0692012	0.328836	0.261832
-0.0455406	0.0953845	-0.580655	0.18871	0.398085	0.428629
0.485818	-2.03333	1.64328	-0.348315	-0.0923705	-0.477422
0.237813	0.282242	0.894732	0.920305	-0.505572	-0.837747
-0.244926	0.485187	1.41595	0.672232	1.18291	-0.794261
0.303349	0.137549	0.735444	-1.25033	-0.427022	-1.18221
-0.304307	0.463306	-0.24573	-0.675339	-0.479112	0.40154
0.171966	-0.781342	-0.856667	2.1941	0.0541363	-0.526537
-0.145967	0.694532	-0.402089	1.07764	-0.599004	0.203004
0.444653	0.327766	0.510517	-1.17278	0.109033	-0.569142
-0.393771	0.653018	-1.40835	0.0488128	-0.267355	-0.0767051
0.736804	-0.0622378	-0.0346334	0.258715	-0.0344859	0.676081
-0.265143	1.54876	1.0705	1.49225	0.580365	0.134188
0.00508408	1.50603	-1.02636	0.169186	-1.00164	0.0335271
-0.198529	1.17502	1.91393	0.197581	2.86202	0.401458
1.03946	-1.77954	0.760898	-0.601179	0.755446	1.08051
-0.169751	0.177621	-0.644289	0.492989	0.775011	-0.733242
0.196804	-0.609166	0.509306	0.720589	0.650123	-0.483218
0.0817927	0.263942	1.10243	-1.0059	-1.57638	1.43175
0.259813	-0.282998	-1.66216	0.939797	1.76358	1.04278
0.0697107	0.191359	0.88406	-0.931883	-0.689478	1.84237
0.0689466	-0.091831	1.61019	0.878809	-0.83849	-0.549218
-0.336826	0.412726	0.672237	1.01256	0.352202	-0.490565
-0.25532	1.72981	0.435726	0.619089	-1.28616	-0.0802012
-0.260452	0.367106	0.367544	-0.355728	-0.0179326	-0.192493
-0.163776	-0.0189788	-0.504289	0.386296	0.962121	0.611905
-0.189061	0.295847	0.404044	1.65045	-0.68944	0.12645
-0.282602	1.04591	-0.791808	-0.441399	0.0320494	-0.077615
0.0371246	0.157214	0.268381	1.87694	-2.6325	-0.117659
-1.10109	-1.30124	0.034741	-0.0523695	0.209815	0.0214984
-0.763451	-0.68857	-0.495213	-0.330626	-0.0479479	0.0481545
0.61899	-0.893455	0.675673	-1.05597	-0.170287	-0.117105
0.0709812	0.153737	-0.00140454	-0.397897	-0.118024	0.828223
-0.41434	0.20605	-0.282694	-0.442638	-0.590546	0.169254
0.0842933	0.095613	0.380708	0.364766	1.35729	-1.28707
-0.0929089	-0.496612	-0.413423	0.417523	0.0336132	-0.04422
0.71107	-0.49795	0.0863155	-1.1353	1.93238	-0.00663834
0.89805	-0.311486	0.84023	-1.14802	-0.681786	0.554245
-0.165559	-0.196631	-0.288018	-0.227476	0.140245	-0.0101706
0.0484216	0.846473	0.220804	-2.27653	0.184867	-0.378848
0.0691014	-1.38105	1.38254	-0.0651538	-0.248933	-0.36649
0.327521	0.231295	-0.459695	-0.114064	0.182771	-0.17363
-0.0198693	-0.241355	-0.314301	0.486351	0.0500379	0.0247981
0.149425	-0.0527093	-0.508485	-0.624207	1.36781	0.196589
0.0861891	0.0332481	1.22834	-0.150713	-0.140618	-0.0614552
0.218914	0.407829	0.245287	-0.699128	0.520126	0.102122
-0.573961	1.7423	0.447218	0.579145	0.657023	-0.0685513
-0.400832	-1.09797	0.013601	-0.681487	-0.0763419	-0.133763
-0.0163845	0.2402	-1.13065	0.562079	0.311138	0.281917
-0.137812	-0.315031	-0.604135	0.081294	0.161291	-0.181482
-0.230453	0.261255	-0.117423	-1.20859	-0.606369	0.100409
0.0869308	-0.772885	-0.0377716	0.786066	-0.00482014	0.223547
0.125298	-0.910031	0.204936	-0.149953	0.594022	0.396911
0.650259	0.478653	-1.05725	-0.642627	-0.923689	-0.824512
-0.38666	0.803997	0.620607	-0.686133	-0.920019	0.4312
0.00992936	-0.790504	-0.0804937	0.73815	-1.04079	-0.721787
-0.0881682	0.129779	0.958817	0.836818	-0.0613803	-0.40558
0.111576	-0.0583042	0.29057	0.598287	-0.548559	0.330124
0.289514	-0.709346	-1.04084	2.15603	0.272876	1.70584
0.502237	-0.0944804	0.708009	-0.25886	1.1876	-0.0395503
0.466336	0.719601	0.89161	-1.07094	0.225062	-0.280715
0.169479	-0.468602	0.292943	0.52398	-0.13756	0.633053
0.166841	0.830925	-0.50295	-0.704549	-0.796126	0.196097
-0.0639656	0.097798	0.164142	-0.0875266	0.165634	0.221094
0.294557	0.462197	2.50596	-0.0883257	-0.346709	-2.32599
-0.17465	-0.585743	0.291212	1.82608	1.81234	0.337132
-0.142494	0.200077	0.275691	0.105432	0.271371	0.0800067
-0.283313	0.47945	-0.269944	-0.801496	-0.126784	-0.752528
-0.278803	-0.335087	0.405773	-1.10212	1.11219	3.91139
1.0553	-0.10694	-0.176747	-0.428182	0.132622	1.8188
-0.183967	-0.173053	0.783	0.0707927	0.0379205	0.470941
-0.203831	-0.313227	-0.562892	3.49435	1.10597	-0.689922
0.708712	-0.122979	-0.112114	-1.79204	1.10477	-1.34895
0.14033	0.146997	0.745291	-0.831396	0.0514535	-0.0374633
-0.296341	-0.160831	-0.747829	0.00553454	-0.225907	-0.2703
-0.294669	1.31025	-0.0574633	-0.922846	1.00022	0.214853
0.451285	-0.0756501	0.63995	-0.0369499	-0.443318	-0.298888
0.490437	0.193973	1.18222	-0.0811652	-0.177709	-0.85189
0.408572	-0.514567	0.016149	1.93212	-0.220607	-0.502962
-0.0858883	0.231719	0.335457	-0.400921	-0.117515	-0.323877
0.370073	0.361556	1.74349	-0.963293	-0.7979	-0.188754
-0.0954351	-1.19667	0.107643	-0.398817	0.454171	0.571703
0.241015	-0.702531	-0.00418448	0.886331	0.181502	1.36618
0.148151	1.40042	-1.19242	-0.523988	-0.487558	-0.876719
0.55741	-0.27676	0.246093	1.96126	-1.10468	-0.24225
0.162695	0.271488	0.0832474	-0.839886	1.83852	1.15529
-0.310465	-0.202497	-0.243753	-0.052567	-0.913272	0.0943305
0.269026	0.209272	-0.0818441	-0.600787	-0.848699	1.21537
0.98122	-0.654881	-0.18602	0.978365	-0.251564	0.300739
-0.0398116	-0.138342	0.143962	0.486688	0.464451	0.215406
0.0295097	-0.585692	1.79569	-0.632997	0.523271	-0.781028
0.633945	-0.40269	0.290029	0.220702	-0.312615	0.0712439
-0.056354	-0.0716645	0.184954	-0.15007	-0.3271	-0.135157
-0.0190456	-0.635396	0.421585	-0.335401	0.587818	-0.109085
0.393706	-0.074389	-1.1226	-1.52872	2.45409	-0.618382
0.354272	-0.541079	1.75029	3.8257	-0.578897	0.94339
0.414358	-0.490016	1.04213	-0.419101	0.887525	0.399338
1.13747	-1.28372	-1.3964	1.94203	0.0654461	0.199182
0.0312128	0.0557037	1.04607	1.49224	-0.67266	-0.0920627
-0.00162052	0.00171919	-0.943057	0.250389	-0.119175	0.607586
-0.473409	-0.784693	-0.521884	-0.484142	-0.344646	-0.106456
0.127795	-0.0468838	-0.413013	0.746426	0.0619911	0.524854
-0.287741	0.614845	-0.270657	-0.827684	-1.83848	-1.00985
1.05855	-0.366138	-1.98774	0.882212	0.152125	0.122966
0.48433	0.199772	0.304665	0.551369	0.501469	0.302986
-0.297757	-0.691474	-0.449475	-0.170299	-0.196096	-0.0284253
0.338476	-0.817463	1.33868	0.310865	0.458117	0.0692218
-0.00690752	-0.00347901	1.57331	0.192183	-0.700187	-0.194367
-0.127826	-0.523355	-0.159056	0.120721	0.0921897	-0.0718595
0.153449	-0.140396	-0.924357	-0.201088	0.942549	0.291726
0.27499	-0.80971	0.391081	-0.000980734	1.07816	0.0496497
-0.0351505	-0.37193	-0.4233	0.115631	0.45119	0.948313
-0.691034	-0.787231	0.960029	-0.719333	-1.08179	-0.233244
0.917639	-1.04697	0.00448535	-0.721397	1.92425	-0.31446
-0.235133	0.471774	-0.299066	-0.489979	-0.242719	-0.465603
0.572305	-0.052889	0.906388	-0.417141	-1.27585	0.76941
0.281022	-0.382909	-0.0528044	-1.68736	2.82906	-0.658586
-0.295683	0.161966	-0.466761	-0.315004	-0.358643	-0.12683
-0.130284	-1.48166	-0.125902	-0.137316	0.404688	0.129802
0.77648	-0.0283303	-1.04435	0.461596	-2.01682	0.773774
0.869095	0.341222	-0.162525	-1.59353	-0.862096	-0.333712
-0.383432	0.269499	-0.66971	0.0909623	-0.674256	-0.542539
0.172197	-0.532429	0.293825	2.66669	-0.302773	1.69843
0.0100298	-1.22613	-0.40139	0.899264	0.816237	-0.321062
0.117599	-0.454368	0.146219	0.852351	-0.624127	0.0890289
0.587916	-0.774298	0.608739	1.06619	1.2905	0.907047
0.00850518	-0.142952	-0.00994848	0.643439	0.143501	-0.611111
0.0389884	0.410082	1.64257	0.445661	0.178729	0.398769
0.515995	-0.649822	-1.07162	1.30437	0.560162	-0.260507
-0.0648789	0.251738	0.644095	1.86353	-0.071562	0.233903
-0.0067998	-0.263417	0.142241	-0.425738	0.0242177	0.28958
0.281151	-0.402872	-0.111737	-0.334916	0.558169	1.82081
0.469415	-0.467655	0.470065	0.86412	0.517251	-0.199512
0.00199979	0.0392925	-1.3918	-0.443116	1.29422	0.318201
0.460617	0.119126	-0.609494	0.800729	-1.38996	0.386769
0.329394	0.886012	0.0874244	0.533535	-2.00184	-1.60136
0.449066	0.234415	-0.439532	-1.08189	0.450392	0.87173
-0.005686	-0.122644	-0.234212	0.132619	0.106405	-0.105274
0.668403	-0.757876	0.0482757	-0.0501502	0.770973	0.48277
-0.185411	-1.05365	1.34866	-0.448008	-0.31066	-0.10777
-0.183689	-0.282466	0.579668	0.419642	0.120824	0.0871758
-0.333331	-1.49238	0.0454086	-0.0186797	-0.155117	0.0991062
-0.154486	0.190473	0.113345	0.232508	-0.305469	-0.261629
-0.116892	-0.147829	-0.329623	0.329625	-0.887261	0.0929257
-0.637973	1.07681	-0.508247	1.59986	-0.3629	-1.20385
0.261361	0.000859101	0.0681578	0.27367	-1.33064	0.236692
-0.267788	-0.267136	0.32989	1.49007	-0.174246	0.300887
0.41133	-0.452922	0.634971	1.02565	-1.4868	0.119119
-0.320342	-0.722725	-0.264233	0.159234	-0.323512	-0.310257
0.0529556	-0.646804	0.562389	1.09198	-1.40386	0.0346774
-0.194222	-0.385143	-0.0885621	-0.0953694	-0.170676	-0.361018
0.134934	-0.379771	0.223968	0.568472	0.277835	-0.155431
0.350289	-0.191877	0.884413	-0.855814	-0.102507	-0.464569
-0.783848	1.56554	0.013752	-1.23959	-0.528206	-0.176176
-0.405072	-0.925453	-0.501352	-0.336613	-0.179196	-0.0734138
-0.319618	0.249738	0.196851	-0.0229835	-1.42449	-0.100438
-0.116771	-0.235197	-0.0496261	-0.247189	0.146854	0.0693663
0.083227	-0.122739	0.343943	0.840811	0.121503	-0.28135
-0.117906	0.12209	-0.448385	-0.119163	-0.206116	-0.0462222
0.0107014	-0.602539	-1.30873	1.19012	0.579667	0.329879
-0.239761	-1.06527	0.0481623	0.232314	0.0941934	-0.303942
0.493965	-0.729047	0.981317	-0.269021	-1.43346	0.0912311
-1.028	0.848276	0.615665	1.69585	-1.22492	-0.373724
-0.514669	0.213175	1.23621	-0.84073	-0.62553	0.285887
-0.37237	-0.642847	-0.440922	0.109811	-0.379672	-0.120703
-0.928587	-0.00202602	1.11707	-0.27254	-0.305668	-0.286445
0.145831	-0.119936	0.774129	-1.03677	0.356346	-0.170582
-0.292557	-0.678223	0.0453285	-0.154623	-0.408652	-0.023238
-0.175339	0.304103	0.0489574	0.390534	-0.602387	-0.239029
0.373364	0.283581	-1.24352	-1.55435	1.16931	0.0133857
-0.178058	-0.366144	0.0874187	0.636144	0.0218267	0.0151332
1.44951	-0.570014	-0.392797	0.921091	0.344074	-0.101682
0.571535	0.769223	-2.10837	-1.70395	-1.9418	-0.302448
-0.44898	1.44764	0.534721	0.3784	0.322761	-0.135532
0.187884	0.136795	0.235982	-0.306855	0.413549	0.470635
0.916087	-0.389105	0.592212	-0.00226303	-0.533399	-0.144049
0.000391653	0.261403	0.419229	-0.130481	-0.304686	-0.0199437
-0.216671	1.36485	1.28088	0.748618	-1.4489	-0.290247
-0.335188	-0.613996	-0.740327	-0.260037	-0.10792	0.0890167
0.320819	-0.30711	0.256984	0.585688	0.501652	0.138401
-0.414857	1.10776	-0.181401	1.57154	-0.827198	0.66501
0.275486	0.272011	-0.0772813	0.143296	-0.0409912	0.717902
0.0634372	-0.773044	0.797808	0.38592	0.22677	0.0149945
0.214442	-0.886937	-1.05929	-0.625203	0.934824	0.449845
-0.183826	-0.213478	0.387753	-0.869176	0.27066	-0.441583
-0.256559	-0.180623	-0.258838	-0.0414197	-0.112091	-0.265149
-0.576989	1.37383	0.470601	-1.97347	-1.25405	-0.230399
0.406563	-0.0452785	-0.687116	0.293473	-0.38588	1.98291
-0.218604	-0.459449	-0.184982	-0.231015	-0.0446422	-0.0136666
0.057777	0.175774	0.397615	0.509695	-0.968872	-0.231455
-0.109019	0.201967	0.120708	0.509667	0.330135	-0.431097
0.219895	0.595907	0.0687085	-0.335601	-0.245944	-0.674458
-0.56007	2.31591	-1.25744	0.604426	0.0143968	0.487498
-0.157522	-0.627657	-0.289418	0.192799	0.0975611	-0.0723724
-1.37677	0.726447	1.26552	-0.290226	1.88194	-0.868089
0.0608724	0.492607	-0.529413	-0.820847	-0.447202	0.494271
0.257742	0.167608	-1.03643	-0.233526	0.297668	1.54919
-0.304481	0.484424	-0.513304	0.192396	-0.737001	-1.12829
-0.372329	-0.787669	-0.0995533	-0.357796	-0.305031	-0.178519
-0.0547271	-0.373824	0.746585	-0.268427	-0.13517	-0.222587
-0.0556856	-0.516056	-0.153718	-0.210597	0.662721	-0.0510405
0.0547219	-0.629749	0.440365	0.417545	-0.0975214	-0.0742629
-0.230381	0.398289	-0.637837	-0.165416	-0.5134	0.0989506
0.291809	0.192484	-0.237142	-0.170899	0.604163	0.921158
1.07948	-0.561117	0.0428492	-0.261694	0.782617	0.0329252
0.0958753	0.412603	0.842722	-0.920519	0.947677	2.52724
0.402329	-0.31708	0.844109	1.48575	-0.714624	0.0241303
-0.0943911	-0.0957185	-0.13616	0.691754	0.110072	-0.260209
0.100089	-0.0907087	-0.608548	1.07757	0.0220999	-0.23569
0.489535	0.479258	-2.36684	-0.315056	0.00631013	0.811124
0.294235	0.597633	-0.514711	-0.201675	-1.04643	0.394787
0.0632757	-0.147477	0.561942	0.0780757	-0.22937	-0.220502
0.396603	-0.223753	0.99416	-1.90109	-1.34189	-0.0229194
-0.381343	-0.831723	-0.371668	-0.379813	-0.274769	-0.0774022
0.0110311	-0.805622	-0.163364	0.354121	0.292856	-0.0259729
0.068882	-0.355482	-0.359334	0.600807	-0.111265	0.185175
0.676232	-0.713344	-0.711187	3.55667	-1.06965	-0.723498
0.60505	0.751616	-0.445574	-1.72876	0.712155	-1.07831
-0.214087	-0.158899	-0.38131	0.30899	0.417595	-0.60217
-0.158833	-0.479544	-0.238755	-0.244685	-0.0555948	0.241104
0.160831	-0.00427621	0.323448	0.338212	-0.120092	-0.0312807
0.35843	-0.0281346	-1.46033	-0.178446	0.397197	-0.41261
-0.11321	-0.541359	-0.036136	-0.0101552	0.00875692	-0.0211558
-0.163283	-0.208926	-0.55976	-0.019703	0.151817	0.0334268
0.234885	-0.629292	0.587048	0.481219	-0.558853	0.21622
0.0284175	-0.250958	-0.616255	0.87708	-0.0294704	-0.037657
0.209738	-0.95465	0.955979	0.958188	-0.129791	0.122985
0.124881	-0.0783463	-0.0818023	1.56632	-0.239979	0.468114
0.0963779	-0.0198107	-0.442634	-0.804427	1.03802	0.0180274
-0.108677	-0.00802646	-0.394113	-0.500738	-0.0332733	0.383469
0.231382	-1.27737	0.214623	0.972569	0.107554	0.0420793
-0.100179	0.0881018	-0.130173	-0.865761	-0.445463	-0.125079
0.207555	-0.455398	1.07518	0.040284	-0.123833	-0.100277
-0.203828	-0.688928	0.120217	-0.314845	0.129456	-0.0675222
-0.147849	-0.618382	0.0449062	0.123086	-0.0598876	-0.0849651
-0.416408	0.603801	-0.187818	-0.769167	0.699862	-0.0347356
-0.141908	-0.0550104	0.372157	-0.66803	-0.0897942	-0.0611967
0.889132	-0.991869	0.612465	1.80714	0.0717894	0.823045
0.920747	-0.820192	0.56608	1.41753	0.40918	-0.772444
-0.36261	-0.275115	0.830733	0.62448	-0.000286898	-0.0397305
0.0533459	0.466698	-1.00553	-0.286697	-0.721116	0.17298
-0.0737401	0.173455	-0.176534	-0.738461	0.398951	-0.0436202
0.0139414	0.392467	0.240461	-1.05894	0.377598	0.455412
-0.276813	-0.628108	-0.115913	-0.216533	-0.124096	-0.154857
-0.273305	-0.61752	0.0137814	-0.3495	-0.297051	-0.077017
0.773189	-1.71505	0.7742	1.56517	3.3499	0.144551
-0.0420631	0.936029	-0.386086	-0.832292	-1.71567	-0.467863
0.151347	-0.320052	-0.832459	-0.45376	-2.21458	-0.275778
0.209045	-0.223405	-0.763293	0.456589	0.144081	1.05201
-0.739622	1.20636	-0.324617	-0.00483807	0.193966	0.45398
-0.396898	-0.171892	0.156869	-0.832184	-0.408223	-0.461351
-0.118232	-0.262195	-0.130474	0.362762	-0.261986	-0.0929092
0.166242	-0.216155	-0.919188	0.89339	0.211205	0.0980341
0.340662	-0.0102905	0.207077	0.106958	0.618351	0.534232
0.318851	0.209529	0.150708	-1.40048	1.49448	-0.596967
-0.131258	-0.159545	-0.204364	0.786417	-0.0685089	-0.107476
0.447444	-0.576884	0.334224	0.399996	1.11975	-0.403907
-0.407481	-0.742954	0.304367	-0.595702	-0.492282	0.123035
-0.405943	-0.912135	-0.359772	-0.525624	-0.294915	-0.0561838
0.246958	0.631455	-0.760557	-0.759969	0.0145283	-1.03135
-0.483904	0.156138	-0.248573	-0.575023	0.176062	-0.193834
-1.14133	-0.772867	-0.469313	-0.064648	0.462651	-0.536733
-0.12704	-0.70116	-0.282174	0.321875	-0.0562429	0.136124
0.74372	0.244542	-0.532862	-0.647059	-1.775	1.35725
0.0891955	0.098178	0.20724	-0.480118	-1.30097	1.07048
-0.0313477	0.0626927	-0.020226	-0.477086	0.815696	-0.960545
0.0394486	-0.298315	0.0703695	-0.774244	0.582263	-0.0198771
-0.0734512	0.32282	-0.357965	0.28133	-0.927782	0.038245
-0.00269632	0.540534	0.0867702	-0.0293635	0.0879728	-0.168907
0.149605	-0.199038	0.478859	0.286673	0.227299	1.23779
0.0653001	0.0516161	0.460321	-0.15052	1.15374	-1.10897
-0.234827	0.748304	-1.2048	-0.727431	-0.637855	-0.753191
0.510601	-1.78097	-0.816705	0.738587	1.31513	3.39484
-0.00481358	-0.176994	0.299493	-0.228939	-0.119164	-0.536894
-0.0916862	-0.236327	-0.618151	-0.896354	0.515867	0.593998
-0.581971	1.55242	-0.465465	-0.121266	-1.94064	-0.967477
-0.223482	0.0521057	-0.00018755	0.863436	-0.253938	-1.15174
-0.144926	-0.514979	0.428608	-0.396304	-0.442903	-0.123053
-1.85999	1.51026	0.30751	-0.8102	-0.440393	0.590386
-0.423891	-0.0644708	0.0440664	2.10621	-1.70938	-0.951662
-0.347456	-1.91445	2.06093	-1.75698	-2.03684	1.42142
-0.240167	-0.488625	-0.882419	0.241029	-0.0995289	0.0685821
-0.283712	1.28454	1.26458	-0.668618	-0.771262	-0.147526
-0.384918	0.22286	0.0560791	-0.607464	-0.495411	-0.422279
-0.906343	-0.326163	0.756248	0.826577	0.121869	-0.142047
0.829906	-0.222263	-2.74944	0.50701	-0.76012	1.21067
-0.819562	1.29139	-0.912523	-0.0344562	-0.819484	-0.0818691
0.0639546	0.323256	-0.301039	-0.479067	0.902443	0.824376
0.261445	0.0377834	2.56642	-1.5732	-0.45579	-0.636369
-0.245897	-0.968902	-0.194651	1.68868	0.0642698	-0.0608003
0.19264	-0.1567	-0.677016	0.213269	-0.221503	1.71284
-0.0973627	0.366383	-0.834407	-0.0975455	-0.677026	0.00759965
0.0867642	-0.376923	-0.436021	0.176666	0.866806	0.033832
-0.0935975	-0.517929	-0.368927	-0.356	0.531205	-0.0131653
-0.679008	-0.571631	1.57468	-0.0532609	-0.319545	0.0244371
0.146058	-0.64788	0.142664	0.623612	0.389809	-0.087158
-0.271563	-0.616626	-0.128401	-0.296988	0.097402	-0.129453
-0.314655	-0.853061	-0.0351468	-0.304336	-0.0919822	-0.0181436
0.0275932	-0.198817	0.295947	-0.0732174	-0.242315	0.102425
0.475684	-0.143796	0.232457	0.0672507	0.929923	0.597945
0.0748995	0.097073	-0.185663	0.852783	-0.0898373	0.0872955
0.350791	0.214527	-0.0360819	1.26129	1.58426	0.493254
0.00341492	-0.372541	-0.213253	0.205471	0.514384	-0.139687
0.0326103	-0.45637	-0.089668	0.474195	0.276448	-0.228336
-0.377386	0.505606	-0.285946	-1.12653	-0.753945	-0.237627
-0.181457	-0.380722	0.321114	0.734689	-0.24326	0.361617
-0.41955	-0.692721	-0.503849	-0.521833	-0.277535	-0.0150313
0.254966	-0.117467	-0.173306	-1.06961	0.786649	0.889286
-0.0600455	-0.298338	-0.613802	1.37653	1.49262	-0.377171
-0.815027	1.40363	-1.45447	-0.510545	-1.07429	-0.700105
-0.245577	0.860927	-0.198745	-0.517394	-0.303034	-0.314554
0.467116	-0.557701	-1.35667	-0.736047	2.13555	-0.0937404
-0.0786686	-0.356375	-0.988649	0.83925	-0.08378	-0.183033
0.61027	-1.42318	4.2806	2.00692	-1.63014	0.48227
-0.494843	-0.533586	-0.56544	-0.805212	-0.630304	-0.14786
-0.0187552	0.355791	-0.557286	-0.800603	-0.285288	-0.0160242
1.37374	-1.70535	1.40604	0.0259474	0.91204	0.0788019
-0.117951	-0.169729	0.97577	-0.737977	0.40041	-0.0587747
-0.377107	0.754321	0.270921	-1.0276	-0.154224	-0.118818
0.166886	-0.105893	-0.240043	0.276412	-0.515461	0.818477
-0.608438	1.25654	-0.108369	-0.442693	0.100906	0.693326
0.207813	0.0345303	0.079143	-0.427595	0.265107	1.50622
-0.686353	0.27092	-0.11635	0.492783	-0.0189435	0.135339

Annot Parameters for each context in the alphabet: PHIME
P	0.210545
H	-0.662083
I	-0.25704
M	-0.558067
E	-0.236988


Beta_s (bias in sequence model) : -8.04253
Beta_p (bias in structure context model) : -1.07193
alpha (scaling factor) : 1711.22
b (bias in least squares error model) : 0.425744

Top 20 kmers: 	 sequence number 	 kmer number
           AGAAC           1053             22
           GACUA           1035             29
           AGUAA            943              0
           AGUAA            483              4
           AGAAC           2103             20
           GGAUA            944              6
           AUACC            484              8
           GACAA              9              0
           AGUAA           1236              0
           CUUCG             33             21
           CGACA            570              7
           GAAAU           1081             40
           ACUCG            991             25
           GACUA            178             35
           AUCGA            855              1
           ACCAG            421             18
           AGUAA           1442              8
           UACGG            796             36
           ACGUC            751             10
           CGUUU            382              0

Averaged annotation profiles of the top 20 kmers
P	0.259205	0.30242	0.32979	0.3045	0.432195	
H	0.203425	0.183855	0.181905	0.17862	0.09021	
I	0.220735	0.20526	0.193425	0.21447	0.22345	
M	0.25707	0.25147	0.23678	0.24587	0.202995	
E	0.059565	0.056995	0.0581	0.05654	0.05115	
