Motif width 5
Base parameters 
AAAAA	1.70968	0.210545	-0.662083	-0.25704	-0.558067	-0.236988
CAAAA	-0.0882243	-0.283859	0.375708	-0.77472	1.02517	0.467861
GAAAA	-1.61641	0.0234018	0.570973	0.999075	-0.0635783	-1.13798
UAAAA	0.450905	0.00410326	0.0600815	-0.442449	0.440395	-0.422457
ACAAA	2.79368	0.407623	0.792966	0.606128	-0.406771	-0.309112
CCAAA	-1.16765	-0.749779	-0.0950687	0.920948	-0.14273	-0.361585
GCAAA	-0.891461	0.434554	-0.678946	0.716377	-1.94467	0.339531
UCAAA	6.06469	0.109281	-0.750837	0.884538	0.858857	0.930551
AGAAA	0.022803	-0.980314	1.2945	0.3485	-2.12016	0.868584
CGAAA	-0.958241	-0.53909	-0.404081	1.261	-0.693477	0.0436279
GGAAA	2.46624	0.326222	-0.537892	0.982895	1.23245	-0.95149
UGAAA	1.50186	-0.982166	-0.273147	-0.359886	-0.273427	0.138177
AUAAA	0.84943	-0.284015	0.504734	-0.747116	0.559845	-0.623656
CUAAA	2.21442	-0.263298	-0.290848	-0.304679	-0.415121	-0.102784
GUAAA	1.12218	0.199319	-0.373325	-0.348048	0.705069	-0.113493
UUAAA	0.94992	-0.385464	-0.0289647	-0.433113	0.242955	-0.375167
AACAA	-1.97529	-1.67795	-0.581092	0.197957	0.544196	1.59741
CACAA	-1.10978	-0.349791	0.613234	-0.098213	0.0117466	0.64807
GACAA	-5.3382	-1.63325	0.0347965	1.13962	0.0376309	0.00926734
UACAA	0.206462	-0.0271287	0.357846	-1.77985	-0.862077	-0.386224
ACCAA	-1.57688	2.26349	-2.12245	-2.69016	-2.0415	0.102261
CCCAA	0.579443	1.16633	-0.0578462	-0.926881	-0.864411	-0.652092
GCCAA	2.60196	0.911202	-0.090633	-0.952465	-0.27324	-0.0350347
UCCAA	0.0355974	1.13408	-0.756826	1.43535	-1.7745	0.380311
AGCAA	-0.311418	0.172758	0.546215	-0.532036	-0.663614	-0.108169
CGCAA	-2.16014	-0.511498	-0.159409	1.39941	-1.47436	0.542866
GGCAA	-4.86629	0.10311	-1.31119	-1.6344	-0.288999	-1.35811
UGCAA	0.414744	-0.312891	-0.512954	0.454548	0.0313442	0.0889869
AUCAA	0.93267	1.35716	-0.155917	-0.350496	0.623523	-1.19657
CUCAA	-1.38802	0.442335	0.484355	-0.520383	-0.0987869	0.766167
GUCAA	-2.02285	-0.330573	0.253583	1.97471	-1.03249	0.332
UUCAA	-1.43836	0.133494	0.479687	-0.27097	0.661842	-0.471844
AAGAA	2.24314	0.403938	-0.884651	-0.931249	0.209698	0.328347
CAGAA	2.18518	1.79387	-0.234121	0.443834	-0.626408	0.538947
GAGAA	-2.70436	0.121683	-1.28592	-0.0409951	-0.134943	-0.558351
UAGAA	-0.701634	-0.295488	2.15323	-0.333953	2.51078	1.6141
ACGAA	-1.48895	0.372467	-0.415035	0.25585	0.168585	0.121889
CCGAA	-0.843292	1.12646	-0.497483	-0.375508	-0.960786	-1.00884
GCGAA	-3.93908	-0.0981906	0.667576	1.07828	-0.567984	-0.4313
UCGAA	0.861774	-0.224324	-0.253566	0.0831947	-0.27421	0.0159926
AGGAA	-0.535792	-0.440577	-1.03391	0.319147	1.30657	-0.200377
CGGAA	1.26461	-0.622892	-0.123773	-0.220574	-0.147893	-0.0899935
GGGAA	5.15869	0.841055	0.810076	0.124974	-0.0389083	0.198999
UGGAA	2.05135	-0.609197	0.0698938	-0.605245	-0.775179	-0.171014
AUGAA	1.13549	-0.539736	-0.618985	-0.253006	0.124286	0.0281974
CUGAA	1.8037	-1.31855	-0.111157	-0.0874842	-0.1354	0.093729
GUGAA	0.379071	-0.127434	0.115287	1.39563	-0.733008	0.729164
UUGAA	0.275264	-0.0728096	0.0408136	0.0850977	0.51676	-1.21125
AAUAA	2.9835	0.0712158	-0.417587	0.831	0.201506	-0.626076
CAUAA	-0.979142	0.0244158	0.424693	-0.797022	0.165923	0.957895
GAUAA	-0.107651	-0.956826	-0.0972702	0.1858	0.380668	0.284314
UAUAA	0.640011	0.0970084	0.0570657	-0.0815318	-0.985324	1.00619
ACUAA	-0.109563	0.764889	0.0656989	0.731402	-0.804648	-0.0898071
CCUAA	0.658476	0.148409	0.564079	-0.898286	0.349238	-0.00372206
GCUAA	-1.43188	-0.0565101	-1.47511	1.6442	0.370301	0.623118
UCUAA	4.39939	1.32592	0.76815	0.182663	0.36752	0.0969309
AGUAA	-5.05188	-1.12234	-0.581896	-2.14923	3.1385	1.11322
CGUAA	2.17279	1.07325	-0.618693	0.30784	0.965942	-0.0183042
GGUAA	0.34672	-0.645546	-0.68392	1.22697	-0.36073	-0.810336
UGUAA	-2.23024	-0.0412144	-0.499712	-0.437627	0.498017	1.34249
AUUAA	0.209114	0.324416	-1.70927	1.03661	-1.14926	-0.037157
CUUAA	-0.817604	-0.187832	-0.968182	0.777398	0.164535	0.177516
GUUAA	1.50969	-0.832613	-0.415317	-0.531391	0.0360304	0.0111912
UUUAA	1.00914	-0.442377	0.14821	0.0340243	-0.401305	-0.236309
AAACA	-3.87681	-0.478402	0.0673301	0.204432	-0.141483	-2.1789
CAACA	-6.85967	-1.5497	0.386759	-1.54632	-0.0932494	-0.232005
GAACA	0.690209	0.176523	1.53134	-0.0125337	-1.60228	0.18149
UAACA	2.19587	-0.708139	-0.0476768	-0.672599	-0.387197	-0.333241
ACACA	-1.20507	0.0655836	-0.278183	-1.24926	0.610374	1.69452
CCACA	-2.9929	0.113716	-1.63594	-1.67466	1.272	-0.432782
GCACA	0.975106	-0.371857	0.28037	0.521477	-1.26018	-0.216289
UCACA	-0.813533	-0.00298905	0.239029	0.417129	-0.365707	0.811947
AGACA	-4.71478	-0.0774235	-0.13161	0.839486	0.152236	-0.995295
CGACA	-6.89983	-0.0610753	0.860871	-1.91918	-0.207842	0.0972395
GGACA	4.87184	1.34931	-0.797153	0.198806	-1.24058	-0.48239
UGACA	2.11984	0.393481	-0.545234	0.59402	0.441522	-0.0548533
AUACA	1.84506	0.0334848	0.267952	2.22366	0.685202	-1.34612
CUACA	-2.75586	-1.04919	4.39901	0.839449	0.101983	1.07054
GUACA	-1.13684	0.218352	0.0894848	1.08145	-0.913716	-0.126133
UUACA	-3.09964	0.242813	-1.11144	-0.584795	-0.150066	-0.746516
AACCA	0.833141	0.0627898	-0.0351161	-0.247421	-0.0542845	-0.25431
CACCA	2.46023	0.211031	-1.10881	-1.13876	1.59941	0.324437
GACCA	-3.53214	-0.569299	0.591876	1.48001	-0.692161	0.30556
UACCA	-3.17674	-0.668366	1.0528	-0.852467	-0.348158	1.27354
ACCCA	1.31121	-0.602702	-0.155234	0.0872194	-0.247614	-0.270739
CCCCA	-0.682683	-0.163781	-0.147846	0.665415	-0.496063	0.317183
GCCCA	-2.02793	-0.120354	-0.623752	-1.8658	0.897223	1.63428
UCCCA	0.547102	-0.0893477	0.3651	1.29619	0.44813	0.25275
AGCCA	-1.17127	-0.557864	1.29601	0.82229	1.18572	-0.558992
CGCCA	0.899359	0.505777	0.991393	-0.722905	0.213238	0.446137
GGCCA	0.898872	-0.423896	-0.162137	-0.62942	0.686582	-0.0294031
UGCCA	-2.26778	0.0591414	0.536025	-0.494153	0.547857	1.01538
AUCCA	-0.554699	-0.0152738	-0.642623	0.726966	-1.64246	0.0465135
CUCCA	4.65588	0.433881	0.385834	0.135069	0.760353	-0.239717
GUCCA	0.555624	-0.16135	-1.77458	0.945658	-0.088307	-0.189256
UUCCA	0.387821	0.733716	-0.731078	-1.30685	-0.389167	-1.23194
AAGCA	1.03896	-0.602765	0.428619	-0.150976	-0.818156	0.169311
CAGCA	-0.551029	0.112551	0.424755	-0.230598	0.98499	-0.74695
GAGCA	0.964073	0.993342	-0.41607	-0.790116	0.521225	0.515877
UAGCA	1.45843	-0.714456	-0.505717	-0.0434912	-0.104551	-0.14809
ACGCA	0.589568	0.10912	0.239619	-0.0679312	-0.722601	0.0873697
CCGCA	-1.79215	-0.158876	0.829697	1.46042	-1.27083	0.0661023
GCGCA	0.204551	0.187417	-1.12728	0.134539	-0.381887	0.176338
UCGCA	1.61579	-0.823208	0.0526229	-0.19466	-0.233299	-0.132744
AGGCA	-0.405101	-0.34997	0.883856	0.040556	-0.263449	0.0253345
CGGCA	-2.41472	-0.0329052	-0.185687	0.239941	0.588502	0.933774
GGGCA	-0.579241	0.40922	-0.762547	-0.950165	1.75262	-0.0192787
UGGCA	0.270414	1.7551	-0.17192	0.416192	0.261639	-0.366258
AUGCA	-3.50983	-0.096648	-2.14955	0.166069	-0.321757	2.12389
CUGCA	-1.27282	-0.0587424	-0.692086	-0.302907	1.37326	-0.277554
GUGCA	0.439485	0.469576	1.31925	-0.215087	-1.70183	0.559311
UUGCA	0.205517	-0.103458	-0.42836	1.53483	-0.532718	0.625395
AAUCA	0.710818	0.223639	-0.799324	0.433049	-1.06646	0.177385
CAUCA	5.41323	1.04592	0.743767	-0.00827399	-0.102714	0.0448944
GAUCA	1.95993	-0.545721	-0.489604	-0.394238	-0.176718	0.0409667
UAUCA	1.1667	-0.571967	-0.231279	0.32827	-1.14946	-0.313055
ACUCA	-0.97808	-0.586544	-0.620107	0.583172	-0.164169	1.65053
CCUCA	0.0681094	0.697774	0.40149	0.792764	-2.15378	-0.0963606
GCUCA	0.674812	0.33924	-0.414383	-0.735606	-0.592235	0.298567
UCUCA	0.11696	-0.482657	-0.433447	0.490678	0.51481	-0.0456381
AGUCA	-2.38165	-0.899745	3.23728	-0.905349	2.0232	0.747091
CGUCA	1.8987	-0.408425	-0.531826	0.109213	-0.786333	-0.0342286
GGUCA	-1.71612	0.405704	-0.0954183	-1.4007	0.273351	1.31019
UGUCA	2.4068	0.100904	-0.329894	-0.88194	-1.123	-0.622749
AUUCA	-0.595934	0.959475	-2.30809	-3.08704	0.954431	-1.11749
CUUCA	1.15582	0.697465	-0.181012	0.105357	-0.242243	0.540255
GUUCA	1.79376	-0.918371	1.27694	-0.353365	-0.559527	-0.36111
UUUCA	0.456479	-0.764036	0.239034	0.0295648	-0.189648	0.185167
AAAGA	1.01886	-0.863564	-1.1977	0.810906	0.586767	0.173384
CAAGA	1.42462	-0.834156	0.66664	-0.461743	-0.379657	-0.12589
GAAGA	-2.47488	-0.233472	1.17362	-1.1851	-1.50023	0.0272164
UAAGA	0.812795	0.314666	-0.492194	-0.253491	0.933054	0.680073
ACAGA	-3.05281	0.300933	-1.2048	0.899023	-2.20632	0.994971
CCAGA	0.150787	0.31089	-0.237946	-0.0433821	-0.902222	0.250282
GCAGA	5.80444	-0.718446	0.209102	0.215661	-0.420392	-0.109413
UCAGA	2.66932	-0.970578	-0.295587	-0.250908	-0.235508	0.130341
AGAGA	-1.47385	0.130427	0.331427	-0.995946	0.206108	0.344897
CGAGA	1.78001	-0.731308	-0.333153	-0.506903	-0.256064	-0.0101988
GGAGA	1.41254	0.0541592	0.28623	0.494894	0.247197	-0.73641
UGAGA	-2.94572	-0.102919	-0.566346	0.462285	-0.479351	1.38296
AUAGA	-5.16362	-1.88056	-0.0107331	1.66487	0.168673	-0.183292
CUAGA	-1.41416	-0.49651	0.054566	0.709991	0.665347	-0.0318745
GUAGA	0.902649	-1.54571	-0.125336	-0.763866	-0.299483	-0.336325
UUAGA	0.2247	-0.638024	-0.222347	0.115213	0.310111	0.105854
AACGA	0.115081	-0.135724	-0.633139	0.173761	0.213668	0.287659
CACGA	-2.79149	-0.422841	-0.408023	0.44474	1.14901	-0.0733919
GACGA	2.65238	0.440474	-0.450376	-0.231331	-0.731849	-0.0657506
UACGA	-3.96711	1.24197	-1.10277	-0.263094	-0.20219	-0.28967
ACCGA	2.36641	0.308412	-1.49749	-0.434093	-0.0422986	-0.0566353
CCCGA	-1.49231	-0.104783	-0.555292	1.46008	-0.294252	0.258134
GCCGA	0.859988	-0.336815	-0.235829	-0.046161	-0.319922	0.0461228
UCCGA	0.129197	-0.347095	0.150196	-0.111389	0.0917356	-0.126326
AGCGA	1.79735	-0.681923	-0.311609	-0.91463	0.22838	0.0240011
CGCGA	0.855743	-0.588563	-0.394291	0.0797569	0.216183	0.0383047
GGCGA	-0.16831	-0.0237884	-0.779344	-0.241337	-0.408316	-0.105644
UGCGA	0.453206	-0.415096	0.182626	0.0540152	-0.314596	-0.00785837
AUCGA	-7.75493	0.0991964	-1.75699	0.916266	-2.34763	-1.104
CUCGA	1.70519	-0.519778	-0.341989	-0.402054	-0.1468	-0.0709711
GUCGA	-2.21807	-0.189943	0.298188	0.573491	0.325326	0.69008
UUCGA	-0.398768	0.575457	-0.216611	-0.697715	-0.257774	0.451882
AAGGA	-1.88919	0.439788	-1.29965	-0.518809	-0.903416	0.56738
CAGGA	0.492741	-1.0498	-0.111769	0.346577	0.590462	-0.294786
GAGGA	-0.380013	-0.170596	1.35341	0.29879	-1.28251	-0.411287
UAGGA	2.07738	-0.95829	-0.536504	-0.360777	-0.18047	-0.176248
ACGGA	-3.12738	0.242838	0.0484101	-1.32374	-0.237653	0.0194206
CCGGA	-1.27602	-0.301224	0.8716	-0.9113	0.459087	-0.196655
GCGGA	0.752291	-0.615175	-0.051597	0.189433	-0.0250604	0.00806255
UCGGA	1.28567	-0.755757	-0.422008	-0.129821	-0.0862589	-0.00834756
AGGGA	-1.01346	0.547926	0.322774	0.102103	-1.56631	-0.944817
CGGGA	5.59834	-0.42307	-0.150678	-0.244329	-0.0825178	-0.0688094
GGGGA	1.89003	1.15124	-1.95963	-1.40732	-0.176126	0.633332
UGGGA	-3.19045	-0.780545	0.908933	0.18629	0.746585	0.325295
AUGGA	1.85341	1.3037	1.02779	0.989117	0.812702	0.00483856
CUGGA	3.88919	1.53073	0.631573	0.307681	-0.365865	0.0934607
GUGGA	1.25167	0.391795	-0.0452445	-0.567714	1.1829	-0.548428
UUGGA	-0.49656	-0.449648	1.95775	0.893496	-0.599341	-0.567608
AAUGA	2.64107	-0.0636893	-0.700187	0.742205	-0.272893	0.662607
CAUGA	0.852193	-0.509319	-0.662051	-0.284029	0.26581	0.114858
GAUGA	0.778583	-0.839695	1.21875	0.258615	1.78771	0.674164
UAUGA	0.647698	-0.393253	0.308345	-0.806825	0.324204	-0.0989593
ACUGA	-1.11916	-0.388984	0.149966	1.45898	0.495473	0.545699
CCUGA	0.453457	0.108818	-0.794276	0.290024	0.423214	-0.0691613
GCUGA	3.24841	1.08692	0.271738	0.920976	-0.20275	-0.0790197
UCUGA	0.0445198	-0.859926	1.19327	-0.339588	0.0457628	-0.0578805
AGUGA	-0.363487	-0.131993	-0.00823426	-0.00587054	0.409866	0.0508269
CGUGA	-1.47133	-0.586763	-1.28259	0.672087	-0.517639	-0.193731
GGUGA	-1.61041	0.0227565	0.169292	-0.687017	1.0743	-0.0734592
UGUGA	0.0697333	-0.0623705	-0.187656	0.21669	0.0961522	0.338363
AUUGA	0.0217358	-0.0883813	0.350731	-0.241257	-0.445511	0.228062
CUUGA	0.833727	1.02648	-0.681987	-0.490987	0.219955	-0.344855
GUUGA	-2.41614	-1.02101	0.824068	0.996853	-0.480271	0.241497
UUUGA	-2.23106	-1.25587	0.700104	-0.00390359	0.788004	-0.084755
AAAUA	0.393918	0.197342	0.214907	2.06307	0.233963	0.0753053
CAAUA	0.395447	0.227475	-0.368295	0.308079	-0.555085	0.0526852
GAAUA	0.131371	-0.617486	-0.0920871	0.913992	-0.231752	-0.402283
UAAUA	0.981379	1.87372	-0.738635	-1.81207	-0.667167	-0.294261
ACAUA	1.70831	-0.123708	-0.380962	-0.602536	0.0694407	-0.305651
CCAUA	2.27559	-0.4947	1.6041	1.40023	0.828957	0.612225
GCAUA	1.6253	0.890802	0.345698	-1.17019	-0.550371	-0.230084
UCAUA	0.342332	1.04033	2.54943	0.373303	-1.49853	-0.0292883
AGAUA	0.00618618	0.623109	-0.6313	-1.81572	-1.01936	-0.674554
CGAUA	-1.32082	-0.143839	0.567044	-0.0590366	0.391237	0.0796519
GGAUA	-4.58248	-2.12265	-0.976035	3.25096	-0.345462	-0.928619
UGAUA	0.0980554	-0.197826	-0.233074	0.503338	0.351232	-0.103211
AUAUA	-1.46103	0.0106223	-0.26969	0.794669	0.734819	-0.983168
CUAUA	1.54056	-0.641463	0.32316	-0.251154	-0.700387	-0.319828
GUAUA	2.00973	-1.22314	-0.443473	-0.30329	-0.165868	0.389221
UUAUA	0.554057	-0.339322	-0.602193	-0.159015	0.414622	-0.335377
AACUA	0.721678	0.163467	-0.98399	-0.284413	0.495538	1.34377
CACUA	-5.30972	-1.06711	0.410154	0.163567	0.215979	-1.55021
GACUA	-7.17521	-1.24863	-0.607893	0.891298	1.48881	-0.0329536
UACUA	-0.820147	-0.324667	1.70978	0.904727	0.339143	-0.751101
ACCUA	0.311922	-0.263879	0.0303158	-0.26438	0.024587	0.139805
CCCUA	-0.152132	-0.00348163	-0.436385	0.894572	-0.263403	0.197158
GCCUA	0.957421	1.10217	0.0462002	0.279802	-0.707121	-0.00329861
UCCUA	0.530133	0.167198	-0.502598	0.398362	-0.0841777	-0.405134
AGCUA	-1.90422	-0.234142	-0.469991	-0.363446	1.20852	0.240476
CGCUA	0.00264506	0.158514	-1.04447	-0.686461	-0.464265	-0.0569932
GGCUA	1.90822	0.022411	-0.65359	-0.185166	-0.732947	-0.171419
UGCUA	-1.19943	-0.312412	-1.24464	1.12291	0.713123	-0.143401
AUCUA	-0.796589	-0.181788	0.3151	-0.487117	0.451506	0.428063
CUCUA	-4.72751	-0.0297224	0.0386516	0.237405	0.452151	-2.16297
GUCUA	0.0111467	-0.00713307	-0.353426	0.160492	-0.133968	0.00416005
UUCUA	-0.415858	-1.42092	0.924888	-0.2964	1.48875	0.502749
AAGUA	-0.375968	0.244162	-0.658398	0.764985	1.00345	-0.175625
CAGUA	1.73351	-1.11738	-0.188398	-0.251286	-0.103968	-0.0346369
GAGUA	0.670297	-0.377043	0.00780848	-0.0307952	-0.177487	0.0149618
UAGUA	-3.64523	0.238958	-1.43945	-1.09559	1.14453	-0.220669
ACGUA	0.934423	-0.347391	-0.44617	-0.261707	-0.0463052	0.029968
CCGUA	0.721625	1.61151	0.799588	0.442237	0.358878	0.756192
GCGUA	2.06955	0.999984	-0.746482	0.82084	0.4987	0.100116
UCGUA	0.914289	-0.467669	-0.260394	-0.158671	-0.0776889	-0.0545276
AGGUA	1.55292	0.565283	0.740351	-0.888827	-0.215376	-0.0971813
CGGUA	1.28446	-0.905628	-0.054745	-0.298153	-0.04506	-0.0903763
GGGUA	-0.774466	0.52729	-0.46037	-0.267849	-0.837927	-0.873434
UGGUA	-0.00620056	0.48016	0.41844	-0.494709	-0.000302616	0.0263337
AUGUA	0.0912722	0.0250761	0.511855	0.350835	-1.30936	-0.0687413
CUGUA	0.234892	-0.229085	-0.167474	-0.0815328	0.400013	-0.0709016
GUGUA	-0.250287	0.20346	2.40086	-0.501948	-1.23474	-0.0616335
UUGUA	2.39943	1.62292	-0.802711	2.02792	0.688375	0.279252
AAUUA	-0.984003	-0.676519	-1.00548	0.140587	1.48739	2.36827
CAUUA	-1.91778	-0.209207	0.0703324	-1.15041	1.39302	0.17335
GAUUA	1.47749	0.229563	-0.638575	1.21637	-0.390132	-0.809688
UAUUA	0.784283	0.636177	1.69736	-0.884881	-0.372924	0.503824
ACUUA	-5.99885	-0.900193	0.745666	-0.694313	0.364535	0.0355876
CCUUA	-1.3563	-0.0722985	-1.40674	0.633998	-1.07909	0.686771
GCUUA	-2.08995	-0.652876	2.03725	-0.961604	0.0454403	-0.457668
UCUUA	0.391462	0.11311	-0.514648	0.0205549	0.115339	0.506678
AGUUA	-0.269616	-0.538795	0.11097	0.490952	0.184549	0.71135
CGUUA	-0.170693	-0.755302	0.0448202	-0.0683234	0.819046	0.0506805
GGUUA	1.059	-0.496807	-0.476096	-0.183093	-0.0125343	0.044122
UGUUA	-2.73859	-0.372282	0.332899	1.62106	0.00544367	0.167135
AUUUA	0.721042	0.459766	1.16334	-0.598252	0.762973	-1.53802
CUUUA	0.692726	0.428304	-0.4815	-0.424733	-0.0417674	0.161385
GUUUA	-0.838565	0.24243	-0.341825	0.218479	-1.14203	0.361178
UUUUA	1.25824	2.67874	0.386174	0.745514	-0.126786	0.29735
AAAAC	0.463825	0.138284	-0.549877	-0.396022	-0.064319	-0.20555
CAAAC	-1.65842	1.0859	0.422176	-0.48548	-1.32577	1.44199
GAAAC	-0.71017	-0.940161	0.359279	0.890184	-0.162865	0.200625
UAAAC	0.0675263	1.06299	0.551885	-1.88766	2.45353	0.148687
ACAAC	-3.04058	-0.215054	-0.238685	0.466942	1.39288	-2.31817
CCAAC	0.190637	-0.509977	2.44649	-0.342682	1.87475	-0.0779202
GCAAC	0.254558	-0.171999	-0.879936	0.93763	-0.253141	-0.162447
UCAAC	-0.869171	-0.134736	0.571597	0.131801	-0.460815	0.280327
AGAAC	-6.31285	-1.68516	-2.28062	-1.46096	1.39524	1.21909
CGAAC	-1.08884	0.24028	0.493918	0.164701	-0.413944	0.0250609
GGAAC	0.0632634	0.042401	-0.0339863	1.22595	-0.893462	-0.0411817
UGAAC	0.946502	0.639786	0.316693	-0.266882	0.151633	0.0572084
AUAAC	-0.437043	0.134913	-0.901624	0.0856891	0.291785	0.761288
CUAAC	-2.19038	-0.850334	1.12802	-0.15099	-1.39158	-0.150853
GUAAC	1.35409	0.141736	-1.13259	-0.160954	-0.256973	-0.224798
UUAAC	0.0524056	-0.62902	1.41405	1.11725	0.680669	-0.552477
AACAC	-3.49231	0.310806	-0.961113	-1.28777	-0.207135	0.115268
CACAC	-1.55211	0.162794	-0.440874	-1.77046	1.30417	0.016999
GACAC	-3.20222	-1.19787	0.596594	1.84803	-0.409121	-0.7117
UACAC	-1.69076	-0.0383468	-0.771104	0.4127	0.694314	-0.359825
ACCAC	2.50916	-0.13509	-1.55011	-0.255484	0.754288	-0.174142
CCCAC	0.160766	-0.126934	-0.483884	0.080236	0.418807	-0.00522101
GCCAC	0.357471	0.398511	-0.601785	-0.820864	-0.0128988	0.36015
UCCAC	2.09823	-0.35925	-0.802307	-0.0344048	-0.613242	-0.237029
AGCAC	1.58642	-1.0775	-0.425337	-0.171498	-0.193359	0.0473108
CGCAC	1.2383	-0.879869	0.438269	0.326201	-1.13875	-0.00823614
GGCAC	1.01254	-0.253122	-0.0864853	0.500067	-0.174187	0.0130755
UGCAC	-0.24649	0.59573	-0.508713	-0.87561	-0.773168	0.129504
AUCAC	3.12349	1.20862	0.404016	-0.467439	-1.02232	0.108311
CUCAC	-2.03075	-0.82711	-0.572638	0.909658	-0.0738893	1.07082
GUCAC	1.97379	0.0803695	0.482851	0.155485	-0.745224	-0.448863
UUCAC	1.07045	-0.632439	-0.191245	-0.232102	0.36042	-0.32271
AAGAC	1.98639	-0.220934	-0.399143	0.131303	1.19993	0.479319
CAGAC	-0.582649	-0.268806	-1.19305	0.813589	0.782747	0.121786
GAGAC	0.783024	0.456017	-0.00303354	-0.734157	-0.619291	0.0481014
UAGAC	-4.56912	-0.549418	0.668975	0.00399158	1.06484	0.760814
ACGAC	-2.94801	-0.858172	-0.499396	-0.00927134	2.09549	0.947704
CCGAC	0.0540122	-0.686365	0.184179	0.307382	0.258087	0.15908
GCGAC	0.711596	-0.0815815	-0.0071384	-0.371933	-0.0605589	0.0366394
UCGAC	-1.8692	-0.220801	0.736894	0.884969	-0.538182	-0.00529971
AGGAC	0.256187	1.78181	-0.383048	0.644679	-0.83626	-0.0265454
CGGAC	0.0600243	0.117304	0.0830023	-0.216923	-0.17933	-0.025922
GGGAC	0.417432	0.544954	-0.639882	1.72537	0.740891	0.263413
UGGAC	4.57704	1.02135	-0.422385	-0.319338	0.103778	-0.0655622
AUGAC	-3.21331	-0.746008	0.0352463	0.147543	3.06103	0.547791
CUGAC	-0.559732	0.385187	-1.3054	1.49078	-2.22583	-0.86378
GUGAC	2.11726	1.12409	0.120855	0.748217	0.0531897	-0.764474
UUGAC	0.979312	-0.57798	-1.07319	-0.382738	0.913371	0.0509051
AAUAC	-0.641284	0.072227	-0.209508	-0.60997	-0.0953978	1.31904
CAUAC	5.29861	-0.0607884	-0.445084	-0.0605709	-1.44045	-0.476378
GAUAC	-1.58816	1.07355	-0.675022	1.3267	-1.51462	0.20268
UAUAC	1.2453	0.822364	-1.1769	2.26563	-0.912841	-1.72352
ACUAC	0.234525	0.560969	0.25843	-0.0291823	-1.16716	-0.694563
CCUAC	0.260818	0.84609	-1.53797	0.0117672	-0.270327	-0.395828
GCUAC	0.0988826	-0.161595	-0.556108	-0.231552	1.14372	0.302684
UCUAC	2.88326	-1.46335	-0.0274919	-0.620227	-0.0137394	0.13955
AGUAC	-0.840318	-0.830072	1.01024	0.173319	-0.428293	-0.0551764
CGUAC	-1.1211	-0.444551	0.853429	-0.1592	-0.112943	0.202657
GGUAC	-1.29128	0.938177	2.00581	-2.34813	-0.654254	0.14077
UGUAC	-0.0686254	0.959295	-1.88857	0.398449	-1.72256	-0.707801
AUUAC	0.880459	-0.374017	1.45501	0.617883	0.335131	0.473956
CUUAC	-1.17423	-0.373499	-1.38545	0.764231	3.98245	2.07424
GUUAC	0.863829	0.318408	-1.76317	0.331942	0.371152	1.38765
UUUAC	-1.37965	-0.378581	-0.0399588	0.713113	0.435482	-1.03738
AAACC	-0.394026	0.134437	-0.103877	0.421191	0.581863	-0.30482
CAACC	0.717008	0.517466	0.735855	-0.295593	-0.243579	-0.808983
GAACC	1.07161	0.470217	-0.0816534	-0.266316	0.0294061	-0.0527807
UAACC	1.04681	-0.462714	-1.10598	0.789472	-0.939604	0.0996667
ACACC	0.0411043	0.403941	1.07266	-0.287065	-0.117961	-0.0015307
CCACC	4.98021	-0.622018	-0.905433	1.12375	2.4069	0.175706
GCACC	-7.07118	0.200464	-0.212747	-1.00944	-2.4654	2.52755
UCACC	0.692046	0.508739	-0.655833	-0.303347	0.411157	1.48085
AGACC	-1.55303	0.0675257	-0.0258457	0.162815	-0.261429	1.43522
CGACC	-1.81803	0.232776	-0.783329	0.0417535	-0.12691	0.187698
GGACC	2.57339	-0.469467	0.927432	0.109617	0.132095	-0.0319374
UGACC	-0.218577	-0.0892415	-1.53658	0.699151	0.672857	-0.168269
AUACC	-4.83047	-1.12081	-0.828061	1.52178	0.22883	0.400706
CUACC	-0.811712	0.156873	1.11778	0.120425	-0.828697	-0.657843
GUACC	-2.17275	0.106886	-1.7228	-0.343414	-0.866949	-0.505124
UUACC	0.237644	0.497999	-1.26832	-0.441257	0.0418241	1.34366
AACCC	1.28009	-0.450495	1.46321	0.267829	-0.697068	0.923414
CACCC	-0.148459	0.263171	0.037597	-0.281814	-1.0266	1.31732
GACCC	0.0871842	-0.364068	0.490961	0.173726	-0.362296	-0.0246259
UACCC	-1.53824	-0.48889	-0.55237	1.58754	-0.0145517	-0.595941
ACCCC	-4.04144	-1.67046	0.236268	0.0561031	-0.578721	0.66609
CCCCC	1.61675	0.486174	-1.20901	1.80219	-0.615579	-0.128353
GCCCC	-0.58461	0.0724377	-0.922681	-0.0542263	0.9358	0.266236
UCCCC	-0.790763	0.540109	-0.180138	1.31629	-0.719112	-0.677059
AGCCC	3.14822	1.28194	-1.12155	0.954454	-0.0849813	0.540976
CGCCC	1.07096	0.340912	0.00288691	-0.519168	-0.33503	0.0755416
GGCCC	-0.417385	-0.181627	1.73109	-0.0641186	1.21763	0.791402
UGCCC	0.521037	0.226859	-0.506726	0.387891	0.104395	0.0966026
AUCCC	0.728828	0.268528	-0.00258185	0.0477871	-1.05134	-0.223716
CUCCC	-1.18146	-0.597057	0.0613207	0.763381	0.348329	-0.0360783
GUCCC	0.400153	-0.579889	-0.0889793	-0.345602	0.611889	-0.159836
UUCCC	2.52421	-0.48461	-0.10941	2.54237	-0.172692	1.27275
AAGCC	-1.90938	-1.08605	1.49425	0.442457	-1.30174	0.109506
CAGCC	0.319951	-0.191327	0.128824	0.915097	-0.194439	0.143428
GAGCC	-1.44547	0.805754	-1.12929	-0.440142	0.550354	0.0663229
UAGCC	-2.22729	-0.375618	-0.45774	1.64661	0.184198	-0.310119
ACGCC	-2.52262	-0.985466	-0.881637	1.43707	0.889736	0.0337171
CCGCC	-0.339327	-0.0158373	-0.0762874	0.214261	0.468167	0.0586704
GCGCC	0.0386263	-0.440778	0.438986	0.0522631	0.0171761	0.00657091
UCGCC	1.20832	-0.029493	1.53163	-0.347716	1.15039	0.117929
AGGCC	5.62932	-0.00864717	0.533684	-0.435122	0.0409879	-0.0528497
CGGCC	0.93056	0.209782	0.227423	-0.385302	-0.139446	-0.0241472
GGGCC	-0.0737388	0.767305	-2.11771	0.359618	-0.731924	0.043128
UGGCC	-0.29486	-0.0767287	-0.69882	0.48819	0.978969	0.0955752
AUGCC	1.41181	-0.502876	-0.446563	-0.176181	-0.488449	0.0703397
CUGCC	0.878526	0.0941802	-0.205154	-0.801424	0.0480381	0.185176
GUGCC	0.580098	-0.721423	-0.218781	2.41059	0.45699	0.891658
UUGCC	2.88187	0.578991	-0.626472	-0.0215244	-0.0767108	0.0561704
AAUCC	-0.373855	-0.383189	-0.358567	1.05334	-0.616975	-0.219058
CAUCC	1.13007	1.11974	-0.840573	-1.67787	-0.00638308	0.509134
GAUCC	0.105571	0.169826	0.682135	-0.545298	0.168107	0.50667
UAUCC	3.59563	0.766446	-1.55265	-0.68019	-1.12099	-0.0732997
ACUCC	-1.54941	-1.09414	-0.0164155	-0.273206	0.440711	-0.221012
CCUCC	-0.512931	0.409159	-0.545806	-0.27605	0.254852	-0.918662
GCUCC	0.0366862	0.0179303	0.401215	0.468124	-0.0278909	-0.160195
UCUCC	-0.591582	0.0480142	0.0675347	0.340345	0.755693	-0.288002
AGUCC	-4.11076	-1.55879	1.05039	-0.22165	-0.408948	-0.0608556
CGUCC	-3.81324	-1.52403	1.34664	0.230272	-0.617589	0.0516801
GGUCC	-0.940855	0.663137	0.180036	-0.816233	-0.744108	-0.908404
UGUCC	-8.04253	0.15863	-1.0271	-2.19923	-0.712004	0.173416
AUUCC	2.04085	-0.571305	-0.628247	-0.425702	-0.419365	-0.095383
CUUCC	0.815057	-0.0454558	1.39021	1.72916	-0.19134	0.0538741
GUUCC	0.619614	-0.765977	0.256659	-0.125538	0.289081	-0.478503
UUUCC	0.212826	-1.13685	-0.45689	1.55066	-0.704843	0.480868
AAAGC	0.762254	0.837616	0.910643	0.370173	-2.42812	0.155486
CAAGC	-0.0328956	-0.787348	0.650021	-0.407787	0.317302	0.346664
GAAGC	2.25606	0.233199	-1.13852	-0.182746	0.471933	0.195307
UAAGC	-0.573845	-0.18222	0.0315561	0.526416	0.09843	0.611022
ACAGC	0.739326	-0.274398	0.13271	0.60168	-0.511659	-0.415173
CCAGC	-0.147794	-0.22202	0.0597307	0.18173	-0.0250465	0.153621
GCAGC	10.5224	0.23786	-0.375204	-0.257491	0.0448539	0.141123
UCAGC	0.285439	0.0323144	-1.04735	0.337164	0.0690628	0.891093
AGAGC	2.15159	0.903088	1.12329	0.676638	-0.250317	0.0352668
CGAGC	1.45225	0.654151	0.681916	-0.0638333	-0.555995	-0.0144968
GGAGC	4.75767	0.320822	-0.460571	-0.175863	-0.0070443	0.00805041
UGAGC	6.30674	0.739601	-0.0982354	-0.171652	0.584355	0.218754
AUAGC	-1.86407	0.0710074	0.323128	1.11046	-0.298009	-0.370952
CUAGC	0.972278	-0.896027	0.187416	-0.165193	-0.163076	-0.146979
GUAGC	0.508806	-0.293276	-0.554985	0.0955306	0.128088	-0.0380997
UUAGC	-1.54497	-0.248517	1.44207	1.07947	-1.2501	-0.136209
AACGC	0.660543	-0.107601	0.131098	0.370518	-0.855895	-0.275153
CACGC	1.66109	-0.797993	-0.0584581	-0.284427	-0.383242	-0.0370458
GACGC	-0.631155	-0.0956335	0.172624	-0.0694604	0.359794	0.206363
UACGC	1.49362	-0.843674	0.0839578	-0.241439	-0.338966	-0.0512704
ACCGC	-2.31181	-0.36676	0.427085	0.875841	0.363582	0.195625
CCCGC	0.397907	-0.11437	0.334021	-0.162404	-0.233514	-0.0458255
GCCGC	4.15531	-0.715323	-0.245644	0.0531232	0.146395	-0.0274756
UCCGC	1.17774	0.108926	-0.88609	1.05524	0.0144274	0.550505
AGCGC	-1.0359	0.0293941	0.153497	0.59685	0.0864748	0.0634143
CGCGC	-1.25561	0.290592	-0.0363791	-0.127557	0.815467	0.0852467
GGCGC	1.57078	-1.02454	-0.21162	-0.126084	-0.205926	0.101125
UGCGC	1.18837	-0.455176	-0.221456	-0.501084	0.161796	-0.023828
AUCGC	-1.599	0.0203071	-0.453337	-0.314164	1.35179	-0.150382
CUCGC	-4.45932	-0.0848829	-1.21378	1.12398	-0.976224	0.502704
GUCGC	-3.57489	-1.10953	1.46707	-0.231814	-0.439485	0.145852
UUCGC	-1.16755	-0.389831	0.417816	0.112654	0.708631	-0.125727
AAGGC	-0.666061	1.89001	-1.50794	-1.77648	-0.254945	-0.149758
CAGGC	1.52006	-0.906265	-0.474343	-0.0842545	-0.0541014	-0.0746566
GAGGC	-0.521672	0.135678	1.22712	-0.301284	0.289355	0.317528
UAGGC	0.0597224	0.362432	0.293846	0.414816	0.355013	-0.505997
ACGGC	-2.35587	-0.331449	1.79493	0.898253	0.442185	0.218866
CCGGC	-1.77449	-0.282975	-1.78799	1.21385	0.500746	-0.452073
GCGGC	7.77698	-0.287634	-0.156829	-0.110306	0.0181385	0.0814001
UCGGC	0.826926	0.118341	0.446184	-0.410354	-0.762089	-0.135693
AGGGC	2.03543	0.0636892	1.71176	-0.386874	-0.356692	-0.296894
CGGGC	2.191	0.236988	-1.42594	0.616272	-0.227253	-0.184139
GGGGC	3.53359	1.35992	0.109281	-1.08809	-0.26361	0.0588866
UGGGC	7.08747	0.543274	-0.263243	-0.0476756	0.2108	-0.026527
AUGGC	6.26356	-0.0354748	0.282491	-0.0615863	0.20153	-0.0654201
CUGGC	-0.455969	-0.71236	-0.267437	-0.10915	1.17989	-0.138935
GUGGC	5.56274	1.15048	0.735285	0.508577	-0.119216	-0.0540829
UUGGC	1.21338	-0.842581	-0.138738	-0.0778292	-0.0418068	-0.107486
AAUGC	0.826318	-0.97242	0.0372381	0.0672467	-0.46181	0.0586231
CAUGC	1.6096	-0.0805635	-0.389119	0.0710692	-0.854027	0.0404814
GAUGC	1.09566	-0.846874	0.376981	-0.393019	-0.159731	0.386187
UAUGC	-0.440015	0.321917	-0.507151	-0.107383	-0.226927	0.820919
ACUGC	-1.38881	-0.822656	-0.301709	2.06619	0.936699	0.389454
CCUGC	1.78167	1.11317	-0.0569591	-1.62261	-1.45406	-0.234166
GCUGC	-2.27102	0.29512	-0.0971529	-1.25336	-0.133328	-0.966647
UCUGC	-2.12092	-0.70573	-0.431538	1.1483	0.756622	-0.0719574
AGUGC	-0.722154	-0.453431	0.154551	0.959493	-0.0772988	0.441182
CGUGC	-0.393269	0.0628947	1.9368	-0.371543	-1.19796	-0.0406237
GGUGC	-2.28446	-0.16183	-1.28657	0.521826	2.58457	-0.11046
UGUGC	-1.67079	0.181486	-0.0234807	-0.462826	1.00231	0.257982
AUUGC	-0.397929	0.581652	-0.488282	-0.0570717	0.487082	-0.0450422
CUUGC	1.58477	0.0371346	-0.604281	0.588797	-0.458242	0.134085
GUUGC	-3.70644	-0.880803	0.693445	0.740518	0.0526378	0.0455447
UUUGC	1.64362	-0.280739	-0.602516	0.0236819	0.133721	-0.321449
AAAUC	3.54925	-0.118181	2.32343	0.691715	-1.00804	0.295081
CAAUC	1.85537	-0.764144	-0.456296	0.0457415	-0.418429	-0.296619
GAAUC	0.384094	1.13603	-1.82501	0.551202	-2.18874	0.84035
UAAUC	1.28684	-0.639144	-0.0986713	-0.235991	-0.139836	-0.101248
ACAUC	5.15391	-0.0533503	-0.29046	0.235063	-1.02921	0.747795
CCAUC	-4.59956	0.281247	0.304015	-2.2986	-0.0831927	-0.823087
GCAUC	1.0109	-0.490485	0.031338	0.389793	0.495477	0.133486
UCAUC	5.39079	1.40347	0.393603	0.583116	0.45089	0.0138507
AGAUC	1.22649	0.231829	1.20516	-0.640731	-1.02128	0.0465296
CGAUC	-3.02977	-0.0542242	-1.30337	0.283663	0.937888	0.254259
GGAUC	0.420212	0.181053	-0.323118	-0.331133	-0.116177	0.195953
UGAUC	1.35268	0.231114	0.353373	-0.74472	-0.478522	0.394065
AUAUC	5.80661	1.79621	-0.667599	-0.916657	-0.858151	0.00720179
CUAUC	-0.0441034	-0.138713	1.14851	0.55028	0.7907	0.964448
GUAUC	-0.787714	0.753838	-1.02679	-1.22532	1.05113	1.14218
UUAUC	-0.989298	-0.359424	-0.264688	1.31717	-0.219947	-0.354773
AACUC	1.94184	-0.31083	1.21379	-0.687009	-0.0839676	0.127701
CACUC	-0.554784	-0.311285	-0.914026	0.634563	0.904829	0.308653
GACUC	-2.89323	-0.30875	-0.566061	0.960549	2.74073	-0.774912
UACUC	-0.860006	0.823783	-0.677578	-0.473926	-0.479536	0.844113
ACCUC	-0.275388	-0.161989	-0.00672216	1.08419	0.0773131	-0.459242
CCCUC	0.161054	-0.569055	0.843662	2.04025	-0.0483522	-1.22584
GCCUC	-1.742	-0.747273	0.594951	1.16506	-0.553439	-0.58393
UCCUC	4.45933	0.630133	2.38615	-1.0899	1.24271	-0.460084
AGCUC	0.230567	0.670366	-0.501364	-0.747516	-1.12888	0.10316
CGCUC	0.790337	-0.678229	-0.0663524	-0.0841601	-0.120652	-0.0465691
GGCUC	1.28945	-0.0234382	-0.0263214	0.926003	0.521892	0.023788
UGCUC	0.496099	-0.558448	0.149393	0.334152	-0.331826	-0.0561691
AUCUC	-0.659945	-0.173932	0.968486	-0.736314	-0.196639	0.691842
CUCUC	-0.202536	0.438182	-0.378486	-0.207612	0.590536	-2.03931
GUCUC	1.3947	-0.629566	-0.476539	-0.0528999	-0.260443	0.073494
UUCUC	1.20813	-0.0129501	-0.258192	0.575411	1.82566	-1.73974
AAGUC	0.877109	0.0859125	0.184581	-0.74013	-0.834637	0.351752
CAGUC	-1.59003	0.590424	-1.42195	-0.0288309	-0.714026	-0.964216
GAGUC	-1.28272	-0.733457	0.0672286	0.443281	0.57749	0.690064
UAGUC	-2.88813	-0.206009	-0.407716	0.673503	1.22928	0.544297
ACGUC	-3.78366	-0.764159	1.95104	-0.669169	-0.37216	0.067473
CCGUC	-1.07716	1.68633	-1.2047	-0.970726	0.312633	-0.550069
GCGUC	0.0826658	-0.420845	-0.269357	0.419134	0.0939807	0.200739
UCGUC	-4.60565	0.240444	-1.62232	1.01677	0.998657	-0.0777435
AGGUC	-1.31085	-0.379211	-0.478078	0.624537	1.03547	0.342763
CGGUC	-1.07276	0.47127	-0.764617	0.805137	0.578607	-0.162046
GGGUC	-0.411705	0.813035	0.22238	0.243608	-0.431754	-0.547654
UGGUC	0.75594	-0.657218	0.19902	-0.367392	-0.0899458	0.0526043
AUGUC	-0.0435781	0.314373	-0.78247	0.212042	0.517522	-0.0988177
CUGUC	0.063069	0.566777	-0.848443	0.167589	-1.87863	0.274099
GUGUC	-0.140958	-0.401514	-0.575785	0.461597	0.457975	-0.141741
UUGUC	-1.05681	0.196308	0.798125	-1.1387	-0.117742	0.0785296
AAUUC	-2.6551	-0.703123	-1.12832	1.02322	-1.21556	-0.172615
CAUUC	0.584005	-0.277277	4.22295	-0.541507	-1.06774	0.0587103
GAUUC	-0.163583	-0.388261	0.317954	-0.0182334	0.826505	-0.36053
UAUUC	-1.34015	0.00214525	-0.704866	-1.11837	0.696169	-0.822871
ACUUC	1.06655	-0.38528	0.211605	0.751286	1.78726	0.311517
CCUUC	5.87863	0.324097	0.440506	0.470452	-0.0351521	-0.0930002
GCUUC	4.74921	-1.07341	-0.393757	-0.157852	-0.18616	-0.0191069
UCUUC	-3.32592	-0.223847	0.056869	-0.798875	-1.85933	-0.184541
AGUUC	0.737348	-0.986682	0.415137	-0.348708	-0.301087	-0.0914262
CGUUC	-0.718203	0.632149	-0.448399	0.202679	-0.00260587	-0.123806
GGUUC	0.220927	-0.25813	-0.912868	0.478723	0.27866	0.0805339
UGUUC	0.00990536	0.323834	-0.198616	-0.771027	0.750264	-0.329097
AUUUC	0.513293	0.490685	-0.332613	0.30584	-0.0856243	0.574198
CUUUC	-1.84132	0.590598	0.168679	-0.677189	0.0424297	0.917637
GUUUC	1.78083	-0.150047	1.02069	-1.03406	0.822087	-0.998615
UUUUC	0.0777719	-0.0486218	0.396258	0.992052	0.463799	0.491588
AAAAG	0.455953	-0.0500365	0.10074	0.422946	0.928615	-0.188855
CAAAG	-7.37669	-0.182137	-0.276858	-0.39344	-0.453906	-0.187046
GAAAG	-1.21884	-0.0704146	-1.44512	0.0072899	2.43297	2.38346
UAAAG	-0.0401208	1.30766	-0.0470345	1.33861	-2.12359	-0.849129
ACAAG	-1.50673	-0.0557993	0.41631	-1.06867	-0.0543311	1.23072
CCAAG	3.71675	0.756354	-1.51456	-0.419668	0.383017	0.780341
GCAAG	2.48247	0.468057	0.0377546	-0.772967	1.02265	0.662496
UCAAG	5.42094	1.10817	1.29211	0.263978	0.11045	-0.0194884
AGAAG	-3.41356	0.142686	-0.413913	-0.729071	-0.831798	0.864179
CGAAG	-2.22155	0.474906	-1.22613	-0.186596	-1.29688	-0.802578
GGAAG	2.01798	1.21047	-1.18776	-0.744745	-0.175249	0.335997
UGAAG	-0.220231	-0.315823	0.933355	1.82552	2.41844	-0.419104
AUAAG	-0.823308	-0.0111991	0.40181	0.138195	-0.254604	0.6835
CUAAG	-2.9283	-0.756883	-0.418412	1.39135	-0.920451	2.71761
GUAAG	-0.642979	-0.110369	0.7272	-0.595506	0.171127	-0.192659
UUAAG	-0.0944354	0.287539	0.519116	0.0549246	-1.02689	0.79517
AACAG	-3.07953	0.0740458	-0.917548	0.548391	0.0543435	-0.146523
CACAG	-1.97569	0.13609	0.0617705	-0.108449	-0.44497	1.06351
GACAG	3.04163	1.43775	-0.166187	0.616978	-1.32257	-1.41154
UACAG	-2.31927	0.0977892	-0.739751	0.22677	-1.44115	-0.546064
ACCAG	-5.85268	-0.206266	-0.0967549	-0.578495	1.05991	0.703865
CCCAG	1.67014	0.512328	0.652334	-0.395921	0.541327	0.0840903
GCCAG	1.048	0.684315	-0.00466252	-0.170744	0.0513449	-0.838318
UCCAG	-1.70698	-0.185266	-0.412871	1.3876	0.355129	0.779613
AGCAG	0.211154	1.12373	1.15271	-1.20515	-1.4144	-0.46398
CGCAG	-5.06872	0.038539	-0.709137	0.875533	-0.295204	-0.443446
GGCAG	5.85121	0.937294	0.0854421	-0.302455	0.405524	0.161351
UGCAG	-0.537111	0.154388	0.188861	1.96972	0.243711	0.325437
AUCAG	-1.19054	0.367961	1.42675	-0.706444	0.323953	0.0770167
CUCAG	2.77479	2.19871	0.580787	-0.713829	-1.88195	0.493729
GUCAG	0.272913	0.166985	-1.12527	0.644318	-0.472465	0.538784
UUCAG	-0.378168	1.67148	-2.00725	2.12604	-2.00466	0.308403
AAGAG	-0.1069	-0.246645	0.54875	0.301639	-0.479571	0.469633
CAGAG	2.43329	0.942482	-2.08183	-1.47376	-2.14246	0.801969
GAGAG	-3.7427	-1.14719	0.632475	0.954054	-0.454982	0.240678
UAGAG	0.881918	-0.0690976	0.0671642	0.114447	0.17793	-0.166432
ACGAG	1.11041	-0.0288046	-0.351824	-0.184932	-0.402234	-0.0715225
CCGAG	-1.25285	0.441278	-1.39568	-1.63108	-0.443903	0.155358
GCGAG	3.10998	0.372475	-0.18464	-1.18079	0.693127	0.219703
UCGAG	-0.325531	-0.59882	0.336953	0.131979	-0.0988236	0.177851
AGGAG	0.313739	0.119933	-0.171403	-0.195453	0.149744	0.0227966
CGGAG	0.6417	0.518405	0.26712	-0.0714092	0.807997	0.225544
GGGAG	8.29471	1.33548	-0.190645	-0.662237	-0.993515	0.108779
UGGAG	5.52212	0.918822	0.861629	-1.25483	0.212818	0.00527986
AUGAG	-0.16318	0.491106	-1.01774	0.0677351	-0.790772	-0.0278186
CUGAG	3.20989	0.588479	0.475361	-0.242705	0.863511	0.188025
GUGAG	-0.365209	-0.109025	0.234869	-0.168669	0.739929	0.161207
UUGAG	-0.00582381	-0.0612833	0.167607	-0.262936	-1.04835	0.77354
AAUAG	1.96565	-0.410458	-0.0329678	-0.272404	-0.305156	-0.479202
CAUAG	-0.51199	-0.401878	0.380299	1.20022	-0.21637	-0.189139
GAUAG	-0.144742	0.0337282	-0.368834	0.820693	0.316004	-0.660211
UAUAG	1.08088	0.438043	-0.608871	0.110421	-0.0156496	-0.454196
ACUAG	0.305075	0.450026	0.345533	-0.915027	0.627338	0.142682
CCUAG	-0.654438	-0.106704	0.0224025	0.961376	-0.869245	0.00241909
GCUAG	0.316189	0.112121	-0.417705	0.178	0.270523	-0.313923
UCUAG	0.198747	0.241258	0.115097	0.229067	0.427116	-0.822955
AGUAG	0.62123	0.130999	-0.869666	-1.67269	-0.274023	0.421377
CGUAG	-0.0503942	-0.135396	0.25995	-0.0610488	0.0920398	0.0892557
GGUAG	0.289657	-0.455746	0.195306	-0.258336	-0.120959	-0.160569
UGUAG	-0.160246	0.336959	0.354466	2.88003	0.0333334	0.016582
AUUAG	1.19313	-1.07926	-0.578548	0.0769683	-0.114725	0.36777
CUUAG	1.3504	0.567958	1.98051	-1.92451	-0.522349	0.247846
GUUAG	0.473748	-0.478294	0.0764471	0.108552	-0.0566987	-0.177893
UUUAG	-2.0843	0.121683	0.0958213	-0.127529	-1.53176	1.98109
AAACG	-0.702792	-0.621415	0.267491	0.496664	0.570258	0.162782
CAACG	0.964801	-0.286502	-0.239527	-0.229778	-0.497631	0.0964847
GAACG	-1.45444	-0.638071	-0.619382	-0.606278	1.46355	0.266791
UAACG	-0.406124	0.62403	0.476344	0.559176	-0.291092	-0.0593182
ACACG	-0.41957	-0.508257	0.999599	0.874075	-0.338476	0.221193
CCACG	1.17484	-0.774448	-0.303162	-0.356729	0.2047	0.273772
GCACG	0.965184	0.761529	-1.20183	1.27221	1.84573	-0.190969
UCACG	1.15451	-0.502875	-0.175076	-0.328131	-0.249819	-0.0764702
AGACG	-2.18153	-0.151309	-0.65718	1.32549	0.302822	0.0798543
CGACG	0.187132	0.0856407	-0.309556	0.149005	-0.0523508	0.144211
GGACG	1.97268	-0.817183	-0.626399	-0.478868	-0.236618	0.00933547
UGACG	-3.8982	0.351713	-0.118245	0.0628745	-0.402148	0.207318
AUACG	-2.23724	0.259915	-1.70388	0.877666	-1.41499	-0.269109
CUACG	-1.3979	-0.616117	1.95926	0.25099	1.13592	0.0389952
GUACG	-3.11951	-0.260914	0.336946	1.24207	1.15674	-0.236128
UUACG	-1.16702	-0.341579	-0.432074	0.816075	0.492724	0.0982963
AACCG	-4.15579	-0.462194	-0.523738	0.927904	-0.425853	1.16784
CACCG	-1.53697	0.105879	-0.0689758	-0.453389	0.808309	0.429363
GACCG	-0.208088	0.233216	0.426885	0.268547	-0.917242	-0.0185216
UACCG	-0.405523	1.17557	0.109182	0.276333	0.55754	-0.00470883
ACCCG	-3.42504	-0.170695	1.64435	-0.42607	0.427848	-1.3265
CCCCG	2.14568	-0.731315	-0.25337	-0.0849981	-0.0506917	-0.00508625
GCCCG	-0.137116	0.0255935	-0.0188618	0.0728449	0.9132	0.222533
UCCCG	1.66222	0.219009	-1.01922	-0.325327	-0.183094	-0.124904
AGCCG	1.79303	-0.474718	-0.117399	0.230318	-0.0758016	-0.049058
CGCCG	-3.29179	0.401724	-2.23674	1.2702	0.5439	0.727995
GGCCG	4.20531	0.93545	-0.194793	0.325805	-0.0698983	-0.0231705
UGCCG	-0.658398	-0.0976336	1.3039	-0.124211	2.12743	-0.3773
AUCCG	-1.30754	0.12929	-0.626017	-0.00846386	0.708673	1.01369
CUCCG	1.30258	-0.709505	-0.246095	-0.0464035	0.082057	-0.292114
GUCCG	0.316044	1.60441	0.905466	0.449734	0.666854	0.186045
UUCCG	-1.29118	1.06583	0.873435	-0.261745	0.130629	0.0183213
AAGCG	-0.371094	0.696665	1.56963	-0.415837	-0.917168	1.41504
CAGCG	5.68959	0.450203	-0.236724	-0.257245	0.361615	0.196373
GAGCG	-1.90419	0.542997	-0.504518	-1.05755	-0.411636	-0.223538
UAGCG	-0.267306	0.266373	-0.422584	0.259975	0.123019	-0.00645657
ACGCG	-3.85288	0.229802	-0.524949	0.402818	-1.53231	0.0929486
CCGCG	-0.608716	-0.129222	-0.0403231	0.040863	0.524658	0.0709066
GCGCG	1.3594	-0.556845	0.378772	0.691199	-0.0690373	0.0196613
UCGCG	4.54562	1.3596	0.277901	0.141334	0.189842	0.047867
AGGCG	0.648969	-0.641327	-0.145271	-0.0388697	-0.0478036	-0.0112672
CGGCG	0.513172	0.489175	0.123776	-0.635794	0.0215481	0.0886108
GGGCG	-1.30023	1.03281	-2.21587	-0.57072	0.328772	0.132565
UGGCG	-0.698602	1.11671	0.244023	-0.736885	0.0830801	-0.366801
AUGCG	0.864687	-0.506436	0.278441	-0.0891993	-0.570275	-0.0237549
CUGCG	1.44165	-0.631806	-0.091037	-0.318834	0.152261	0.0697757
GUGCG	-0.0146673	-0.222966	-0.501403	0.433977	0.596559	-0.168527
UUGCG	-0.260613	0.0162604	-0.422252	1.00154	-0.795494	-0.285997
AAUCG	-0.59851	0.48822	0.390829	-0.444912	0.137531	-0.0262298
CAUCG	0.769807	1.18131	1.81315	0.0186015	-2.345	-0.290279
GAUCG	1.87179	1.32511	1.05942	0.0275261	-0.0220364	-0.253769
UAUCG	2.46938	-0.96576	0.271597	-0.254571	-0.246346	0.0521862
ACUCG	-4.69721	-0.726254	0.952254	-0.33171	0.932942	0.0203176
CCUCG	1.26687	-0.162583	0.177224	-0.113173	-0.0653681	-0.0264482
GCUCG	-5.8126	0.0105756	0.21343	-1.17499	-0.934409	-0.201476
UCUCG	-2.36577	0.281234	-0.404517	0.663403	-1.82881	-0.35577
AGUCG	-1.98374	0.0510073	0.627115	0.197944	0.411577	0.115788
CGUCG	-5.49744	-0.267866	0.762494	-0.132826	0.499	0.621073
GGUCG	-2.48421	-0.369304	-0.631312	0.810041	1.1571	0.120426
UGUCG	-0.706685	-0.333801	-0.601452	1.0125	-0.281669	0.226172
AUUCG	-2.95499	0.0298056	0.834855	0.396494	-0.952455	-0.670561
CUUCG	-7.2643	0.252517	-0.853278	-1.4562	0.142873	0.481316
GUUCG	-5.87015	-0.305159	0.572452	-1.70423	0.243395	0.33259
UUUCG	-2.36192	-0.383803	1.28555	-0.637088	-0.205055	0.460471
AAAGG	5.39294	0.266666	-1.36396	0.536897	-0.378469	-0.380401
CAAGG	0.561411	-0.735444	1.57097	-0.284156	-0.120421	0.319639
GAAGG	-1.57016	-0.825052	-1.74308	1.07002	-0.45776	0.823274
UAAGG	-1.35387	-0.378258	0.287882	1.58391	-0.843101	0.178937
ACAGG	-2.11681	-0.931866	0.178649	0.603982	1.45875	0.257456
CCAGG	1.38382	0.251721	-1.33969	0.280744	0.0548009	-0.21613
GCAGG	7.79855	0.413485	0.951559	-0.69274	-0.127625	-0.222466
UCAGG	1.88022	-0.860132	-0.371583	-0.514852	-0.234224	-0.0237549
AGAGG	-0.174608	0.6591	-0.333359	-1.90601	-0.0067508	0.0505574
CGAGG	2.26083	1.24714	-0.142343	1.49448	1.06789	0.569415
GGAGG	1.43477	1.70229	-1.02813	-2.62287	-0.621217	-0.493719
UGAGG	2.85601	0.634745	1.1363	-0.0976418	-0.600639	-0.460405
AUAGG	3.03956	1.09512	-0.157306	-0.210825	-0.0998674	-1.057
CUAGG	0.998454	-0.944632	-0.16332	-0.167108	-0.0897549	0.142506
GUAGG	1.64139	-0.924086	-0.185636	-0.347222	-0.232949	-0.070757
UUAGG	6.30424	0.888821	-1.05773	0.510655	0.392494	0.400948
AACGG	-2.44545	-0.293246	1.15259	-0.422192	0.0114304	0.0237217
CACGG	0.496519	0.187855	0.16749	0.448395	-0.622391	-0.0143276
GACGG	0.763012	-0.637196	-0.196135	0.0956673	-0.184063	-0.052434
UACGG	-5.86387	-0.356147	-0.101612	0.541953	2.11457	-0.870374
ACCGG	0.436516	-0.54792	0.331065	-0.169037	0.490965	-0.124796
CCCGG	-0.700004	0.14721	-0.556318	0.483861	0.880312	-0.581944
GCCGG	4.17199	1.35224	0.481011	0.53326	0.145211	-0.0113774
UCCGG	-0.429785	0.714423	-0.137758	-1.77541	0.579661	0.627624
AGCGG	-1.70473	0.228766	-0.368221	-0.762309	-0.333674	0.419751
CGCGG	1.55215	0.816209	-0.150904	0.460356	-0.105415	0.0501759
GGCGG	1.34693	-0.90122	-0.149305	-0.122965	-0.15465	-0.0423838
UGCGG	1.08498	0.647422	0.120848	-0.677129	0.483624	0.0942084
AUCGG	0.896353	-0.303346	0.233338	-0.069366	-0.797697	-0.0749356
CUCGG	3.65604	0.420495	-0.250881	0.785909	0.19234	-0.170993
GUCGG	-0.91892	-0.266834	-0.925293	1.11305	-0.265487	-0.0409103
UUCGG	-1.71342	0.618773	-0.0422704	-1.37143	-1.38298	-0.672729
AAGGG	-1.24662	-0.374085	0.264889	0.837027	-0.0587052	0.0729858
CAGGG	1.64251	-1.00811	1.44564	-0.354935	-0.613577	0.210524
GAGGG	5.83218	-0.848206	-0.734764	-0.197204	-0.148807	-0.289074
UAGGG	1.07708	-0.10748	-0.0986174	-0.231883	-0.105591	-0.382545
ACGGG	0.700292	-0.391489	0.298405	-0.1702	-0.203764	0.00395076
CCGGG	8.38144	-0.484659	0.738944	0.153265	0.0309879	-0.00566443
GCGGG	6.91116	0.572781	-0.413048	0.178587	-0.0269007	-0.0394853
UCGGG	-0.332029	1.08911	-1.80794	-0.823266	-1.02762	-0.0208567
AGGGG	0.273681	-0.202459	-0.0197321	-0.497825	-0.00247271	0.365504
CGGGG	9.4856	-0.62761	0.127734	-0.098716	-0.0418328	0.0423007
GGGGG	0.380996	0.273246	1.08239	0.595304	-0.474808	0.101096
UGGGG	4.15947	0.334115	-1.57035	0.170546	-0.278648	0.313362
AUGGG	-0.0825537	-1.01562	-0.149859	2.16118	-0.19185	-0.941146
CUGGG	-0.173056	-0.566252	0.801833	-0.433352	-0.0140728	-0.0313417
GUGGG	2.87801	0.947422	-1.44629	0.739638	0.4424	0.250001
UUGGG	-4.31537	-0.455223	-2.00562	0.693261	-0.126638	0.512506
AAUGG	-0.460046	1.68999	-1.6987	-0.241141	-1.57696	-2.29714
CAUGG	3.34104	-0.736136	0.591083	-0.084674	-0.0309063	-0.137471
GAUGG	5.47675	-0.145075	0.450004	0.00781432	0.751466	0.13438
UAUGG	-2.27335	-0.00346002	0.239789	-0.497246	2.11852	0.197796
ACUGG	-3.58062	0.355907	-0.665875	-0.869344	-0.56083	0.444156
CCUGG	1.58123	0.356663	-1.29722	-1.21808	0.271668	-0.650792
GCUGG	0.0631393	0.0419279	0.397386	-0.112042	0.166588	-0.0418865
UCUGG	-4.18385	-0.0766476	-0.62616	-0.494415	-0.528347	2.07168
AGUGG	2.69317	0.000546193	1.28967	1.44816	0.487287	0.109684
CGUGG	-1.81535	-0.152722	-0.993391	-0.592628	0.884778	0.0527353
GGUGG	5.02437	1.41689	-0.357797	0.315187	0.159602	0.0220068
UGUGG	-0.394729	-0.551324	1.04681	0.334255	0.47339	-0.0892703
AUUGG	0.280686	0.545057	0.622383	-0.804145	0.750513	0.0680679
CUUGG	-0.0501177	0.0751946	-0.293422	-0.0692012	0.328836	0.261832
GUUGG	0.212988	0.0953845	-0.580655	0.18871	0.398085	0.428629
UUUGG	-2.27211	-2.03333	1.64328	-0.348315	-0.0923705	-0.477422
AAAUG	-1.11222	0.282242	0.894732	0.920305	-0.505572	-0.837747
CAAUG	1.14549	0.485187	1.41595	0.672232	1.18291	-0.794261
GAAUG	-1.41872	0.137549	0.735444	-1.25033	-0.427022	-1.18221
UAAUG	1.42321	0.463306	-0.24573	-0.675339	-0.479112	0.40154
ACAUG	-0.804261	-0.781342	-0.856667	2.1941	0.0541363	-0.526537
CCAUG	0.682671	0.694532	-0.402089	1.07764	-0.599004	0.203004
GCAUG	-2.07958	0.327766	0.510517	-1.17278	0.109033	-0.569142
UCAUG	1.84161	0.653018	-1.40835	0.0488128	-0.267355	-0.0767051
AGAUG	-3.44594	-0.0622378	-0.0346334	0.258715	-0.0344859	0.676081
CGAUG	1.24004	1.54876	1.0705	1.49225	0.580365	0.134188
GGAUG	-0.0237776	1.50603	-1.02636	0.169186	-1.00164	0.0335271
UGAUG	0.928494	1.17502	1.91393	0.197581	2.86202	0.401458
AUAUG	-4.86144	-1.77954	0.760898	-0.601179	0.755446	1.08051
CUAUG	0.793904	0.177621	-0.644289	0.492989	0.775011	-0.733242
GUAUG	-0.920429	-0.609166	0.509306	0.720589	0.650123	-0.483218
UUAUG	-0.382534	0.263942	1.10243	-1.0059	-1.57638	1.43175
AACUG	-1.21511	-0.282998	-1.66216	0.939797	1.76358	1.04278
CACUG	-0.326028	0.191359	0.88406	-0.931883	-0.689478	1.84237
GACUG	-0.322454	-0.091831	1.61019	0.878809	-0.83849	-0.549218
UACUG	1.57529	0.412726	0.672237	1.01256	0.352202	-0.490565
ACCUG	1.1941	1.72981	0.435726	0.619089	-1.28616	-0.0802012
CCCUG	1.2181	0.367106	0.367544	-0.355728	-0.0179326	-0.192493
GCCUG	0.765958	-0.0189788	-0.504289	0.386296	0.962121	0.611905
UCCUG	0.884214	0.295847	0.404044	1.65045	-0.68944	0.12645
AGCUG	1.32169	1.04591	-0.791808	-0.441399	0.0320494	-0.077615
CGCUG	-0.173627	0.157214	0.268381	1.87694	-2.6325	-0.117659
GGCUG	5.14965	-1.30124	0.034741	-0.0523695	0.209815	0.0214984
UGCUG	3.57056	-0.68857	-0.495213	-0.330626	-0.0479479	0.0481545
AUCUG	-2.89494	-0.893455	0.675673	-1.05597	-0.170287	-0.117105
CUCUG	-0.33197	0.153737	-0.00140454	-0.397897	-0.118024	0.828223
GUCUG	1.93781	0.20605	-0.282694	-0.442638	-0.590546	0.169254
UUCUG	-0.394229	0.095613	0.380708	0.364766	1.35729	-1.28707
AAGUG	0.434523	-0.496612	-0.413423	0.417523	0.0336132	-0.04422
CAGUG	-3.32559	-0.49795	0.0863155	-1.1353	1.93238	-0.00663834
GAGUG	-4.20007	-0.311486	0.84023	-1.14802	-0.681786	0.554245
UAGUG	0.7743	-0.196631	-0.288018	-0.227476	0.140245	-0.0101706
ACGUG	-0.226462	0.846473	0.220804	-2.27653	0.184867	-0.378848
CCGUG	-0.323178	-1.38105	1.38254	-0.0651538	-0.248933	-0.36649
GCGUG	-1.53177	0.231295	-0.459695	-0.114064	0.182771	-0.17363
UCGUG	0.0929263	-0.241355	-0.314301	0.486351	0.0500379	0.0247981
AGGUG	-0.698841	-0.0527093	-0.508485	-0.624207	1.36781	0.196589
CGGUG	-0.403095	0.0332481	1.22834	-0.150713	-0.140618	-0.0614552
GGGUG	-1.02383	0.407829	0.245287	-0.699128	0.520126	0.102122
UGGUG	2.68434	1.7423	0.447218	0.579145	0.657023	-0.0685513
AUGUG	1.87464	-1.09797	0.013601	-0.681487	-0.0763419	-0.133763
CUGUG	0.076628	0.2402	-1.13065	0.562079	0.311138	0.281917
GUGUG	0.644527	-0.315031	-0.604135	0.081294	0.161291	-0.181482
UUGUG	1.0778	0.261255	-0.117423	-1.20859	-0.606369	0.100409
AAUUG	-0.406564	-0.772885	-0.0377716	0.786066	-0.00482014	0.223547
CAUUG	-0.586003	-0.910031	0.204936	-0.149953	0.594022	0.396911
GAUUG	-3.04118	0.478653	-1.05725	-0.642627	-0.923689	-0.824512
UAUUG	1.80836	0.803997	0.620607	-0.686133	-0.920019	0.4312
ACUUG	-0.0464383	-0.790504	-0.0804937	0.73815	-1.04079	-0.721787
CCUUG	0.412351	0.129779	0.958817	0.836818	-0.0613803	-0.40558
GCUUG	-0.521826	-0.0583042	0.29057	0.598287	-0.548559	0.330124
UCUUG	-1.35402	-0.709346	-1.04084	2.15603	0.272876	1.70584
AGUUG	-2.3489	-0.0944804	0.708009	-0.25886	1.1876	-0.0395503
CGUUG	-2.18099	0.719601	0.89161	-1.07094	0.225062	-0.280715
GGUUG	-0.792633	-0.468602	0.292943	0.52398	-0.13756	0.633053
UGUUG	-0.780293	0.830925	-0.50295	-0.704549	-0.796126	0.196097
AUUUG	0.299159	0.097798	0.164142	-0.0875266	0.165634	0.221094
CUUUG	-1.37761	0.462197	2.50596	-0.0883257	-0.346709	-2.32599
GUUUG	0.816816	-0.585743	0.291212	1.82608	1.81234	0.337132
UUUUG	0.666425	0.200077	0.275691	0.105432	0.271371	0.0800067
AAAAU	1.32502	0.47945	-0.269944	-0.801496	-0.126784	-0.752528
CAAAU	1.30392	-0.335087	0.405773	-1.10212	1.11219	3.91139
GAAAU	-4.93552	-0.10694	-0.176747	-0.428182	0.132622	1.8188
UAAAU	0.86039	-0.173053	0.783	0.0707927	0.0379205	0.470941
ACAAU	0.953294	-0.313227	-0.562892	3.49435	1.10597	-0.689922
CCAAU	-3.31456	-0.122979	-0.112114	-1.79204	1.10477	-1.34895
GCAAU	-0.656304	0.146997	0.745291	-0.831396	0.0514535	-0.0374633
UCAAU	1.38595	-0.160831	-0.747829	0.00553454	-0.225907	-0.2703
AGAAU	1.37813	1.31025	-0.0574633	-0.922846	1.00022	0.214853
CGAAU	-2.1106	-0.0756501	0.63995	-0.0369499	-0.443318	-0.298888
GGAAU	-2.29371	0.193973	1.18222	-0.0811652	-0.177709	-0.85189
UGAAU	-1.91084	-0.514567	0.016149	1.93212	-0.220607	-0.502962
AUAAU	0.401688	0.231719	0.335457	-0.400921	-0.117515	-0.323877
CUAAU	-1.73078	0.361556	1.74349	-0.963293	-0.7979	-0.188754
GUAAU	0.446338	-1.19667	0.107643	-0.398817	0.454171	0.571703
UUAAU	-1.12719	-0.702531	-0.00418448	0.886331	0.181502	1.36618
AACAU	-0.692883	1.40042	-1.19242	-0.523988	-0.487558	-0.876719
CACAU	-2.60693	-0.27676	0.246093	1.96126	-1.10468	-0.24225
GACAU	-0.760906	0.271488	0.0832474	-0.839886	1.83852	1.15529
UACAU	1.45201	-0.202497	-0.243753	-0.052567	-0.913272	0.0943305
ACCAU	-1.2582	0.209272	-0.0818441	-0.600787	-0.848699	1.21537
CCCAU	-4.58904	-0.654881	-0.18602	0.978365	-0.251564	0.300739
GCCAU	0.186194	-0.138342	0.143962	0.486688	0.464451	0.215406
UCCAU	-0.138013	-0.585692	1.79569	-0.632997	0.523271	-0.781028
AGCAU	-2.96488	-0.40269	0.290029	0.220702	-0.312615	0.0712439
CGCAU	0.26356	-0.0716645	0.184954	-0.15007	-0.3271	-0.135157
GGCAU	0.0890741	-0.635396	0.421585	-0.335401	0.587818	-0.109085
UGCAU	-1.84131	-0.074389	-1.1226	-1.52872	2.45409	-0.618382
AUCAU	-1.65689	-0.541079	1.75029	3.8257	-0.578897	0.94339
CUCAU	-1.9379	-0.490016	1.04213	-0.419101	0.887525	0.399338
GUCAU	-5.31979	-1.28372	-1.3964	1.94203	0.0654461	0.199182
UUCAU	-0.145978	0.0557037	1.04607	1.49224	-0.67266	-0.0920627
AAGAU	0.00757899	0.00171919	-0.943057	0.250389	-0.119175	0.607586
CAGAU	2.21407	-0.784693	-0.521884	-0.484142	-0.344646	-0.106456
GAGAU	-0.597681	-0.0468838	-0.413013	0.746426	0.0619911	0.524854
UAGAU	1.34573	0.614845	-0.270657	-0.827684	-1.83848	-1.00985
ACGAU	-4.95072	-0.366138	-1.98774	0.882212	0.152125	0.122966
CCGAU	-2.26515	0.199772	0.304665	0.551369	0.501469	0.302986
GCGAU	1.39257	-0.691474	-0.449475	-0.170299	-0.196096	-0.0284253
UCGAU	-1.58301	-0.817463	1.33868	0.310865	0.458117	0.0692218
AGGAU	0.0323056	-0.00347901	1.57331	0.192183	-0.700187	-0.194367
CGGAU	0.597825	-0.523355	-0.159056	0.120721	0.0921897	-0.0718595
GGGAU	-0.717663	-0.140396	-0.924357	-0.201088	0.942549	0.291726
UGGAU	-1.28609	-0.80971	0.391081	-0.000980734	1.07816	0.0496497
AUGAU	0.164394	-0.37193	-0.4233	0.115631	0.45119	0.948313
CUGAU	3.23188	-0.787231	0.960029	-0.719333	-1.08179	-0.233244
GUGAU	-4.29168	-1.04697	0.00448535	-0.721397	1.92425	-0.31446
UUGAU	1.09969	0.471774	-0.299066	-0.489979	-0.242719	-0.465603
AAUAU	-2.6766	-0.052889	0.906388	-0.417141	-1.27585	0.76941
CAUAU	-1.31431	-0.382909	-0.0528044	-1.68736	2.82906	-0.658586
GAUAU	1.38287	0.161966	-0.466761	-0.315004	-0.358643	-0.12683
UAUAU	0.609323	-1.48166	-0.125902	-0.137316	0.404688	0.129802
ACUAU	-3.6315	-0.0283303	-1.04435	0.461596	-2.01682	0.773774
CCUAU	-4.06465	0.341222	-0.162525	-1.59353	-0.862096	-0.333712
GCUAU	1.79326	0.269499	-0.66971	0.0909623	-0.674256	-0.542539
UCUAU	-0.805343	-0.532429	0.293825	2.66669	-0.302773	1.69843
AGUAU	-0.046908	-1.22613	-0.40139	0.899264	0.816237	-0.321062
CGUAU	-0.549993	-0.454368	0.146219	0.852351	-0.624127	0.0890289
GGUAU	-2.74961	-0.774298	0.608739	1.06619	1.2905	0.907047
UGUAU	-0.0397776	-0.142952	-0.00994848	0.643439	0.143501	-0.611111
AUUAU	-0.182344	0.410082	1.64257	0.445661	0.178729	0.398769
CUUAU	-2.41324	-0.649822	-1.07162	1.30437	0.560162	-0.260507
GUUAU	0.30343	0.251738	0.644095	1.86353	-0.071562	0.233903
UUUAU	0.0318018	-0.263417	0.142241	-0.425738	0.0242177	0.28958
AAACU	-1.31491	-0.402872	-0.111737	-0.334916	0.558169	1.82081
CAACU	-2.19539	-0.467655	0.470065	0.86412	0.517251	-0.199512
GAACU	-0.00935277	0.0392925	-1.3918	-0.443116	1.29422	0.318201
UAACU	-2.15425	0.119126	-0.609494	0.800729	-1.38996	0.386769
ACACU	-1.54054	0.886012	0.0874244	0.533535	-2.00184	-1.60136
CCACU	-2.10022	0.234415	-0.439532	-1.08189	0.450392	0.87173
GCACU	0.0265927	-0.122644	-0.234212	0.132619	0.106405	-0.105274
UCACU	-3.12604	-0.757876	0.0482757	-0.0501502	0.770973	0.48277
AGACU	0.867145	-1.05365	1.34866	-0.448008	-0.31066	-0.10777
CGACU	0.859088	-0.282466	0.579668	0.419642	0.120824	0.0871758
GGACU	1.55894	-1.49238	0.0454086	-0.0186797	-0.155117	0.0991062
UGACU	0.722513	0.190473	0.113345	0.232508	-0.305469	-0.261629
AUACU	0.546688	-0.147829	-0.329623	0.329625	-0.887261	0.0929257
CUACU	2.98372	1.07681	-0.508247	1.59986	-0.3629	-1.20385
GUACU	-1.22235	0.000859101	0.0681578	0.27367	-1.33064	0.236692
UUACU	1.25241	-0.267136	0.32989	1.49007	-0.174246	0.300887
AACCU	-1.92374	-0.452922	0.634971	1.02565	-1.4868	0.119119
CACCU	1.4982	-0.722725	-0.264233	0.159234	-0.323512	-0.310257
GACCU	-0.247666	-0.646804	0.562389	1.09198	-1.40386	0.0346774
UACCU	0.90835	-0.385143	-0.0885621	-0.0953694	-0.170676	-0.361018
ACCCU	-0.631069	-0.379771	0.223968	0.568472	0.277835	-0.155431
CCCCU	-1.63826	-0.191877	0.884413	-0.855814	-0.102507	-0.464569
GCCCU	3.66596	1.56554	0.013752	-1.23959	-0.528206	-0.176176
UCCCU	1.89447	-0.925453	-0.501352	-0.336613	-0.179196	-0.0734138
AGCCU	1.49481	0.249738	0.196851	-0.0229835	-1.42449	-0.100438
CGCCU	0.546122	-0.235197	-0.0496261	-0.247189	0.146854	0.0693663
GGCCU	-0.389242	-0.122739	0.343943	0.840811	0.121503	-0.28135
UGCCU	0.551432	0.12209	-0.448385	-0.119163	-0.206116	-0.0462222
AUCCU	-0.0500489	-0.602539	-1.30873	1.19012	0.579667	0.329879
CUCCU	1.12133	-1.06527	0.0481623	0.232314	0.0941934	-0.303942
GUCCU	-2.31021	-0.729047	0.981317	-0.269021	-1.43346	0.0912311
UUCCU	4.80782	0.848276	0.615665	1.69585	-1.22492	-0.373724
AAGCU	2.40704	0.213175	1.23621	-0.84073	-0.62553	0.285887
CAGCU	1.74152	-0.642847	-0.440922	0.109811	-0.379672	-0.120703
GAGCU	4.34288	-0.00202602	1.11707	-0.27254	-0.305668	-0.286445
UAGCU	-0.682035	-0.119936	0.774129	-1.03677	0.356346	-0.170582
ACGCU	1.36825	-0.678223	0.0453285	-0.154623	-0.408652	-0.023238
CCGCU	0.820038	0.304103	0.0489574	0.390534	-0.602387	-0.239029
GCGCU	-1.74618	0.283581	-1.24352	-1.55435	1.16931	0.0133857
UCGCU	0.832756	-0.366144	0.0874187	0.636144	0.0218267	0.0151332
AGGCU	-6.77917	-0.570014	-0.392797	0.921091	0.344074	-0.101682
CGGCU	-2.673	0.769223	-2.10837	-1.70395	-1.9418	-0.302448
GGGCU	2.09982	1.44764	0.534721	0.3784	0.322761	-0.135532
UGGCU	-0.878709	0.136795	0.235982	-0.306855	0.413549	0.470635
AUGCU	-4.28442	-0.389105	0.592212	-0.00226303	-0.533399	-0.144049
CUGCU	-0.00183171	0.261403	0.419229	-0.130481	-0.304686	-0.0199437
GUGCU	1.01334	1.36485	1.28088	0.748618	-1.4489	-0.290247
UUGCU	1.56763	-0.613996	-0.740327	-0.260037	-0.10792	0.0890167
AAUCU	-1.50043	-0.30711	0.256984	0.585688	0.501652	0.138401
CAUCU	1.94023	1.10776	-0.181401	1.57154	-0.827198	0.66501
GAUCU	-1.28841	0.272011	-0.0772813	0.143296	-0.0409912	0.717902
UAUCU	-0.296688	-0.773044	0.797808	0.38592	0.22677	0.0149945
ACUCU	-1.00292	-0.886937	-1.05929	-0.625203	0.934824	0.449845
CCUCU	0.85973	-0.213478	0.387753	-0.869176	0.27066	-0.441583
GCUCU	1.19989	-0.180623	-0.258838	-0.0414197	-0.112091	-0.265149
UCUCU	2.6985	1.37383	0.470601	-1.97347	-1.25405	-0.230399
AGUCU	-1.90145	-0.0452785	-0.687116	0.293473	-0.38588	1.98291
CGUCU	1.02239	-0.459449	-0.184982	-0.231015	-0.0446422	-0.0136666
GGUCU	-0.270216	0.175774	0.397615	0.509695	-0.968872	-0.231455
UGUCU	0.509867	0.201967	0.120708	0.509667	0.330135	-0.431097
AUUCU	-1.02842	0.595907	0.0687085	-0.335601	-0.245944	-0.674458
CUUCU	2.61937	2.31591	-1.25744	0.604426	0.0143968	0.487498
GUUCU	0.736708	-0.627657	-0.289418	0.192799	0.0975611	-0.0723724
UUUCU	6.43896	0.726447	1.26552	-0.290226	1.88194	-0.868089
AAAGU	-0.284692	0.492607	-0.529413	-0.820847	-0.447202	0.494271
CAAGU	-1.20543	0.167608	-1.03643	-0.233526	0.297668	1.54919
GAAGU	1.42402	0.484424	-0.513304	0.192396	-0.737001	-1.12829
UAAGU	1.74133	-0.787669	-0.0995533	-0.357796	-0.305031	-0.178519
ACAGU	0.255952	-0.373824	0.746585	-0.268427	-0.13517	-0.222587
CCAGU	0.260434	-0.516056	-0.153718	-0.210597	0.662721	-0.0510405
GCAGU	-0.255927	-0.629749	0.440365	0.417545	-0.0975214	-0.0742629
UCAGU	1.07746	0.398289	-0.637837	-0.165416	-0.5134	0.0989506
AGAGU	-1.36475	0.192484	-0.237142	-0.170899	0.604163	0.921158
CGAGU	-5.04858	-0.561117	0.0428492	-0.261694	0.782617	0.0329252
GGAGU	-0.448397	0.412603	0.842722	-0.920519	0.947677	2.52724
UGAGU	-1.88164	-0.31708	0.844109	1.48575	-0.714624	0.0241303
AUAGU	0.441455	-0.0957185	-0.13616	0.691754	0.110072	-0.260209
CUAGU	-0.468104	-0.0907087	-0.608548	1.07757	0.0220999	-0.23569
GUAGU	-2.28949	0.479258	-2.36684	-0.315056	0.00631013	0.811124
UUAGU	-1.3761	0.597633	-0.514711	-0.201675	-1.04643	0.394787
AACGU	-0.295932	-0.147477	0.561942	0.0780757	-0.22937	-0.220502
CACGU	-1.85486	-0.223753	0.99416	-1.90109	-1.34189	-0.0229194
GACGU	1.78349	-0.831723	-0.371668	-0.379813	-0.274769	-0.0774022
UACGU	-0.0515908	-0.805622	-0.163364	0.354121	0.292856	-0.0259729
ACCGU	-0.322152	-0.355482	-0.359334	0.600807	-0.111265	0.185175
CCCGU	-3.16265	-0.713344	-0.711187	3.55667	-1.06965	-0.723498
GCCGU	-2.82974	0.751616	-0.445574	-1.72876	0.712155	-1.07831
UCCGU	1.00126	-0.158899	-0.38131	0.30899	0.417595	-0.60217
AGCGU	0.74284	-0.479544	-0.238755	-0.244685	-0.0555948	0.241104
CGCGU	-0.752185	-0.00427621	0.323448	0.338212	-0.120092	-0.0312807
GGCGU	-1.67633	-0.0281346	-1.46033	-0.178446	0.397197	-0.41261
UGCGU	0.52947	-0.541359	-0.036136	-0.0101552	0.00875692	-0.0211558
AUCGU	0.763654	-0.208926	-0.55976	-0.019703	0.151817	0.0334268
CUCGU	-1.09853	-0.629292	0.587048	0.481219	-0.558853	0.21622
GUCGU	-0.132905	-0.250958	-0.616255	0.87708	-0.0294704	-0.037657
UUCGU	-0.980916	-0.95465	0.955979	0.958188	-0.129791	0.122985
AAGGU	-0.584053	-0.0783463	-0.0818023	1.56632	-0.239979	0.468114
CAGGU	-0.450747	-0.0198107	-0.442634	-0.804427	1.03802	0.0180274
GAGGU	0.508267	-0.00802646	-0.394113	-0.500738	-0.0332733	0.383469
UAGGU	-1.08215	-1.27737	0.214623	0.972569	0.107554	0.0420793
ACGGU	0.468524	0.0881018	-0.130173	-0.865761	-0.445463	-0.125079
CCGGU	-0.97071	-0.455398	1.07518	0.040284	-0.123833	-0.100277
GCGGU	0.953279	-0.688928	0.120217	-0.314845	0.129456	-0.0675222
UCGGU	0.691471	-0.618382	0.0449062	0.123086	-0.0598876	-0.0849651
AGGGU	1.94749	0.603801	-0.187818	-0.769167	0.699862	-0.0347356
CGGGU	0.663683	-0.0550104	0.372157	-0.66803	-0.0897942	-0.0611967
GGGGU	-4.15836	-0.991869	0.612465	1.80714	0.0717894	0.823045
UGGGU	-4.30622	-0.820192	0.56608	1.41753	0.40918	-0.772444
AUGGU	1.69588	-0.275115	0.830733	0.62448	-0.000286898	-0.0397305
CUGGU	-0.249492	0.466698	-1.00553	-0.286697	-0.721116	0.17298
GUGGU	0.344873	0.173455	-0.176534	-0.738461	0.398951	-0.0436202
UUGGU	-0.0652023	0.392467	0.240461	-1.05894	0.377598	0.455412
AAUGU	1.29462	-0.628108	-0.115913	-0.216533	-0.124096	-0.154857
CAUGU	1.27821	-0.61752	0.0137814	-0.3495	-0.297051	-0.077017
GAUGU	-3.6161	-1.71505	0.7742	1.56517	3.3499	0.144551
UAUGU	0.196724	0.936029	-0.386086	-0.832292	-1.71567	-0.467863
ACUGU	-0.707832	-0.320052	-0.832459	-0.45376	-2.21458	-0.275778
CCUGU	-0.977675	-0.223405	-0.763293	0.456589	0.144081	1.05201
GCUGU	3.45912	1.20636	-0.324617	-0.00483807	0.193966	0.45398
UCUGU	1.85624	-0.171892	0.156869	-0.832184	-0.408223	-0.461351
AGUGU	0.552956	-0.262195	-0.130474	0.362762	-0.261986	-0.0929092
CGUGU	-0.777495	-0.216155	-0.919188	0.89339	0.211205	0.0980341
GGUGU	-1.59323	-0.0102905	0.207077	0.106958	0.618351	0.534232
UGUGU	-1.49123	0.209529	0.150708	-1.40048	1.49448	-0.596967
AUUGU	0.613878	-0.159545	-0.204364	0.786417	-0.0685089	-0.107476
CUUGU	-2.09264	-0.576884	0.334224	0.399996	1.11975	-0.403907
GUUGU	1.90574	-0.742954	0.304367	-0.595702	-0.492282	0.123035
UUUGU	1.89854	-0.912135	-0.359772	-0.525624	-0.294915	-0.0561838
AAAUU	-1.15499	0.631455	-0.760557	-0.759969	0.0145283	-1.03135
CAAUU	2.26316	0.156138	-0.248573	-0.575023	0.176062	-0.193834
GAAUU	5.33785	-0.772867	-0.469313	-0.064648	0.462651	-0.536733
UAAUU	0.594152	-0.70116	-0.282174	0.321875	-0.0562429	0.136124
ACAUU	-3.47828	0.244542	-0.532862	-0.647059	-1.775	1.35725
CCAUU	-0.417156	0.098178	0.20724	-0.480118	-1.30097	1.07048
GCAUU	0.146609	0.0626927	-0.020226	-0.477086	0.815696	-0.960545
UCAUU	-0.184496	-0.298315	0.0703695	-0.774244	0.582263	-0.0198771
AGAUU	0.343522	0.32282	-0.357965	0.28133	-0.927782	0.038245
CGAUU	0.0126103	0.540534	0.0867702	-0.0293635	0.0879728	-0.168907
GGAUU	-0.699684	-0.199038	0.478859	0.286673	0.227299	1.23779
UGAUU	-0.3054	0.0516161	0.460321	-0.15052	1.15374	-1.10897
AUAUU	1.09826	0.748304	-1.2048	-0.727431	-0.637855	-0.753191
CUAUU	-2.38801	-1.78097	-0.816705	0.738587	1.31513	3.39484
GUAUU	0.0225125	-0.176994	0.299493	-0.228939	-0.119164	-0.536894
UUAUU	0.428805	-0.236327	-0.618151	-0.896354	0.515867	0.593998
AACUU	2.7218	1.55242	-0.465465	-0.121266	-1.94064	-0.967477
CACUU	1.04519	0.0521057	-0.00018755	0.863436	-0.253938	-1.15174
GACUU	0.677799	-0.514979	0.428608	-0.396304	-0.442903	-0.123053
UACUU	8.69895	1.51026	0.30751	-0.8102	-0.440393	0.590386
ACCUU	1.98248	-0.0644708	0.0440664	2.10621	-1.70938	-0.951662
CCCUU	1.62501	-1.91445	2.06093	-1.75698	-2.03684	1.42142
GCCUU	1.12323	-0.488625	-0.882419	0.241029	-0.0995289	0.0685821
UCCUU	1.32689	1.28454	1.26458	-0.668618	-0.771262	-0.147526
AGCUU	1.80021	0.22286	0.0560791	-0.607464	-0.495411	-0.422279
CGCUU	4.23885	-0.326163	0.756248	0.826577	0.121869	-0.142047
GGCUU	-3.88136	-0.222263	-2.74944	0.50701	-0.76012	1.21067
UGCUU	3.83298	1.29139	-0.912523	-0.0344562	-0.819484	-0.0818691
AUCUU	-0.299107	0.323256	-0.301039	-0.479067	0.902443	0.824376
CUCUU	-1.22274	0.0377834	2.56642	-1.5732	-0.45579	-0.636369
GUCUU	1.15003	-0.968902	-0.194651	1.68868	0.0642698	-0.0608003
UUCUU	-0.900951	-0.1567	-0.677016	0.213269	-0.221503	1.71284
AAGUU	0.455353	0.366383	-0.834407	-0.0975455	-0.677026	0.00759965
CAGUU	-0.405785	-0.376923	-0.436021	0.176666	0.866806	0.033832
GAGUU	0.437743	-0.517929	-0.368927	-0.356	0.531205	-0.0131653
UAGUU	3.17563	-0.571631	1.57468	-0.0532609	-0.319545	0.0244371
ACGUU	-0.683093	-0.64788	0.142664	0.623612	0.389809	-0.087158
CCGUU	1.27006	-0.616626	-0.128401	-0.296988	0.097402	-0.129453
GCGUU	1.4716	-0.853061	-0.0351468	-0.304336	-0.0919822	-0.0181436
UCGUU	-0.12905	-0.198817	0.295947	-0.0732174	-0.242315	0.102425
AGGUU	-2.22471	-0.143796	0.232457	0.0672507	0.929923	0.597945
CGGUU	-0.350296	0.097073	-0.185663	0.852783	-0.0898373	0.0872955
GGGUU	-1.64061	0.214527	-0.0360819	1.26129	1.58426	0.493254
UGGUU	-0.0159712	-0.372541	-0.213253	0.205471	0.514384	-0.139687
AUGUU	-0.152514	-0.45637	-0.089668	0.474195	0.276448	-0.228336
CUGUU	1.76499	0.505606	-0.285946	-1.12653	-0.753945	-0.237627
GUGUU	0.848652	-0.380722	0.321114	0.734689	-0.24326	0.361617
UUGUU	1.96218	-0.692721	-0.503849	-0.521833	-0.277535	-0.0150313
AAUUU	-1.19244	-0.117467	-0.173306	-1.06961	0.786649	0.889286
CAUUU	0.280825	-0.298338	-0.613802	1.37653	1.49262	-0.377171
GAUUU	3.81178	1.40363	-1.45447	-0.510545	-1.07429	-0.700105
UAUUU	1.14853	0.860927	-0.198745	-0.517394	-0.303034	-0.314554
ACUUU	-2.18464	-0.557701	-1.35667	-0.736047	2.13555	-0.0937404
CCUUU	0.367923	-0.356375	-0.988649	0.83925	-0.08378	-0.183033
GCUUU	-2.85415	-1.42318	4.2806	2.00692	-1.63014	0.48227
UCUUU	2.31432	-0.533586	-0.56544	-0.805212	-0.630304	-0.14786
AGUUU	0.0877159	0.355791	-0.557286	-0.800603	-0.285288	-0.0160242
CGUUU	-6.42481	-1.70535	1.40604	0.0259474	0.91204	0.0788019
GGUUU	0.551641	-0.169729	0.97577	-0.737977	0.40041	-0.0587747
UGUUU	1.76368	0.754321	0.270921	-1.0276	-0.154224	-0.118818
AUUUU	-0.780505	-0.105893	-0.240043	0.276412	-0.515461	0.818477
CUUUU	2.84559	1.25654	-0.108369	-0.442693	0.100906	0.693326
GUUUU	-0.971915	0.0345303	0.079143	-0.427595	0.265107	1.50622
UUUUU	3.20999	0.27092	-0.11635	0.492783	-0.0189435	0.135339

Relative affinities to the structural contexts 
P	1
H	0.0249229
I	0.174679
M	0.0415743
E	0.191355

