1	0.00033378
1	0.00033464
1	0.000336823
1	0.000336315
1	0.000333641
1	0.000332419
1	0.000335886
1	0.000334789
1	0.000335747
1	0.000335368
1	0.000335669
1	0.000336347
1	0.000335927
1	0.000335735
1	0.000335641
1	0.000335496
1	0.000335743
1	0.000335777
1	0.000334932
1	0.000334223
1	0.000336075
1	0.000336394
1	0.00033619
1	0.000335499
1	0.000335586
1	0.000333933
1	0.00033532
1	0.000335937
1	0.000335884
1	0.000335798
1	0.000336498
1	0.000335093
1	0.000335202
1	0.000335346
1	0.000336481
1	0.000332903
1	0.000336449
1	0.000334954
1	0.000334256
1	0.000334938
1	0.000335431
1	0.000336118
1	0.000334957
1	0.000335487
1	0.000335068
1	0.000335758
1	0.000334763
1	0.000335341
1	0.000335389
1	0.000335931
1	0.000336177
1	0.000334984
1	0.000335976
1	0.00033603
1	0.00033511
1	0.00033517
1	0.000335024
1	0.000333635
1	0.00033537
1	0.00033589
1	0.000336171
1	0.000335717
1	0.000335527
1	0.00033567
1	0.000336
1	0.000334059
1	0.000336972
1	0.000335295
1	0.000336035
1	0.000332567
1	0.000334754
1	0.000334736
1	0.000335138
1	0.000335406
1	0.000336047
1	0.000336029
1	0.000334267
1	0.000335822
1	0.000335663
1	0.000335187
1	0.00033438
1	0.00033588
1	0.00033524
1	0.000336735
1	0.000334919
1	0.000335812
1	0.00033617
1	0.000335077
1	0.000335716
1	0.000336696
1	0.000335359
1	0.000334544
1	0.000336558
1	0.000336624
1	0.000335754
1	0.000335004
1	0.000334773
1	0.000335338
1	0.000335429
1	0.000335183
1	0.000335316
1	0.000335789
1	0.000336017
1	0.00033645
1	0.000334576
1	0.000336415
1	0.000336121
1	0.000335476
1	0.000336319
1	0.000335838
1	0.000335558
1	0.000336697
1	0.000335646
1	0.000337231
1	0.000335975
1	0.000335179
1	0.000335246
1	0.000335668
1	0.000335053
1	0.00033467
1	0.000334497
1	0.000335411
1	0.000334684
1	0.000335544
1	0.000343737
1	0.000335541
1	0.00033485
1	0.000335686
1	0.000336808
1	0.000335361
1	0.000334986
1	0.000335894
1	0.000336577
1	0.000336799
1	0.000335728
1	0.000335934
1	0.000334889
1	0.000335863
1	0.000335615
1	0.000336429
1	0.000337066
1	0.000336196
1	0.000335519
1	0.000335089
1	0.000335697
1	0.000335746
1	0.000333591
1	0.000336168
1	0.000335168
1	0.000335139
1	0.000335485
1	0.000336224
1	0.000336554
1	0.000336559
1	0.000335983
1	0.000334458
1	0.000335234
1	0.000334124
1	0.000337749
1	0.000334173
1	0.000335616
1	0.000335741
1	0.000334466
1	0.000335374
1	0.000333925
1	0.000336522
1	0.000334231
1	0.000335436
1	0.000335167
1	0.000335964
1	0.000337039
1	0.000335302
1	0.000335052
1	0.000336486
1	0.000335661
1	0.000335513
1	0.000335007
1	0.000337313
1	0.000335747
1	0.000336071
1	0.000335115
1	0.000335587
1	0.000335768
1	0.000335683
1	0.000333744
1	0.00033642
1	0.000335568
1	0.000335526
1	0.000336975
1	0.000335773
1	0.000335605
1	0.000336377
1	0.000335043
1	0.000335771
1	0.000335553
1	0.000334732
1	0.000334426
1	0.000335583
1	0.000335446
1	0.000335818
1	0.000333506
1	0.000335816
1	0.000335545
1	0.000335111
1	0.000337572
1	0.000338462
1	0.000336055
1	0.000335021
1	0.000336507
1	0.00033573
1	0.000334824
1	0.000335538
1	0.000335082
1	0.000335161
1	0.000334271
1	0.000335924
1	0.000335971
1	0.000335817
1	0.000334713
1	0.000334822
1	0.000335391
1	0.000335922
1	0.000336163
1	0.000335864
1	0.00033551
1	0.00033646
1	0.000335278
1	0.000335105
1	0.000333234
1	0.000335428
1	0.000334957
1	0.000335188
1	0.000337121
1	0.000335139
1	0.000334783
1	0.000335383
1	0.000334594
1	0.0003356
1	0.000334466
1	0.000334933
1	0.000335603
1	0.000334825
1	0.000335186
1	0.000337094
1	0.000336799
1	0.000335296
1	0.000335338
1	0.000335055
1	0.000335459
1	0.000335903
1	0.000335937
1	0.000336332
1	0.000334554
1	0.000335897
1	0.00033532
1	0.000334588
1	0.000335566
1	0.000335389
1	0.000335789
1	0.000335868
1	0.000334983
1	0.000336215
1	0.00033636
1	0.000335153
1	0.000335373
1	0.000335729
1	0.000336575
1	0.000335258
1	0.000335513
1	0.000334897
1	0.000336298
1	0.000335548
1	0.000336315
1	0.000333902
1	0.00033551
1	0.000335053
1	0.000335682
1	0.000336168
1	0.000334541
1	0.00033616
1	0.000335518
1	0.000331872
1	0.000335286
1	0.000335475
1	0.000336669
1	0.000335632
1	0.000335299
1	0.000335152
1	0.000335489
1	0.000336923
1	0.000336188
1	0.000335881
1	0.000335469
1	0.000336688
1	0.000336435
1	0.000337144
1	0.000336438
1	0.000335337
1	0.000335674
1	0.000333551
1	0.000335435
1	0.00033799
1	0.000336495
1	0.000335014
1	0.000335595
1	0.000336552
1	0.000334387
1	0.00033592
1	0.000336966
1	0.000335872
1	0.000335618
1	0.00033493
1	0.000335744
1	0.000335828
1	0.000335238
1	0.000334413
1	0.000334437
1	0.000335759
1	0.00033512
1	0.00033495
1	0.000335414
1	0.000334909
1	0.000334958
1	0.00033502
1	0.000334974
1	0.000335948
1	0.000335408
1	0.000334025
1	0.000335938
1	0.000336694
1	0.000338779
1	0.00033677
1	0.000333539
1	0.000336482
1	0.000334179
1	0.000336641
1	0.000335976
1	0.000336766
1	0.000334717
1	0.000335058
1	0.000335408
1	0.000333842
1	0.000335294
1	0.00033601
1	0.000335287
1	0.000335719
1	0.000335954
1	0.000336368
1	0.000335391
1	0.000335905
1	0.000335683
1	0.000335954
1	0.000336298
1	0.000334332
1	0.00033561
1	0.000335141
1	0.000335035
1	0.000334852
1	0.000336855
1	0.000335906
1	0.000336357
1	0.000336506
1	0.00033616
1	0.000335716
1	0.000336173
1	0.000335311
1	0.000335355
1	0.000335488
1	0.000335702
1	0.00033569
1	0.00033604
1	0.000334791
1	0.000332715
1	0.000335668
1	0.000334123
1	0.000335412
1	0.000335867
1	0.000336605
1	0.000334265
1	0.000331823
1	0.00033535
1	0.000336176
1	0.000335398
1	0.000336192
1	0.00033579
1	0.000335242
1	0.000335519
1	0.000335883
1	0.000335314
1	0.000335768
1	0.00033509
1	0.000335092
1	0.000335519
1	0.000335658
1	0.000335719
1	0.000336264
1	0.000335753
1	0.000335486
1	0.000335725
1	0.000335022
1	0.000334849
1	0.000336261
1	0.00033544
1	0.000335778
1	0.000336444
1	0.000336506
1	0.000334961
1	0.000334389
1	0.000335438
1	0.000335502
1	0.000335305
1	0.000335589
1	0.000335784
1	0.000335198
1	0.000335252
1	0.000336043
1	0.000335788
1	0.000334634
1	0.000335253
1	0.000336669
1	0.000335691
1	0.000336131
1	0.00033549
1	0.000336115
1	0.000335693
1	0.000334914
1	0.000336054
1	0.000334594
1	0.000336268
1	0.000333228
1	0.000335477
1	0.000338562
1	0.000334978
1	0.000334921
1	0.000336196
1	0.000335191
1	0.000336599
1	0.000335189
1	0.000337125
1	0.000334637
1	0.000334308
1	0.00033568
1	0.000335235
1	0.000334737
1	0.000336002
1	0.000335112
1	0.000336951
1	0.000335347
1	0.000336354
1	0.000335388
1	0.000335469
1	0.000333281
1	0.000335377
1	0.000334644
1	0.000335457
1	0.000336238
1	0.000335377
1	0.000336528
1	0.000334288
1	0.000334674
1	0.000335456
1	0.000333621
1	0.000335472
1	0.00033559
1	0.000332318
1	0.000335145
1	0.000335923
1	0.000334235
1	0.000335549
1	0.000335776
1	0.000334928
1	0.000336217
1	0.000336975
1	0.000336157
1	0.00033407
1	0.000337828
1	0.000335001
1	0.00033489
1	0.000335768
1	0.00033547
1	0.000335737
1	0.000335774
1	0.000336097
1	0.000335901
1	0.000335376
1	0.000335605
1	0.000335361
1	0.000336634
1	0.000335495
1	0.000334257
1	0.000336331
1	0.000334575
1	0.000336292
1	0.000335695
1	0.000335988
1	0.000339293
1	0.000335906
1	0.000335962
1	0.000336507
1	0.00033409
1	0.000334721
1	0.000335571
1	0.000335219
1	0.000337033
1	0.000335644
1	0.000335811
1	0.000336111
1	0.000335492
1	0.000334927
1	0.000334966
1	0.000335888
1	0.000335945
1	0.000334699
1	0.000336086
1	0.000335473
1	0.000335665
1	0.000335428
1	0.000336079
1	0.000335763
1	0.00033551
1	0.000334665
1	0.000336411
1	0.00033541
1	0.000336392
1	0.00033803
1	0.000335303
1	0.000335913
1	0.000335586
1	0.000336459
1	0.000336273
1	0.000335731
1	0.000335362
1	0.000335336
1	0.00033572
1	0.000336917
1	0.000336366
1	0.000335333
1	0.000335825
1	0.000336753
1	0.000335493
1	0.000336632
1	0.000336149
1	0.000336202
1	0.000335742
1	0.000336216
1	0.000335449
1	0.00033646
1	0.000336201
1	0.000334872
1	0.000336027
1	0.000334287
1	0.000335867
1	0.000336275
1	0.000337027
1	0.000335526
1	0.000335174
1	0.000335574
1	0.00033567
1	0.000335599
1	0.000336099
1	0.000336376
1	0.000335962
1	0.000335761
1	0.000336678
1	0.000336351
1	0.000335665
1	0.000334687
1	0.00033528
1	0.000334954
1	0.000337012
1	0.00033586
1	0.000336047
1	0.000338383
1	0.000335229
1	0.000335335
1	0.000335989
1	0.000334569
1	0.000336053
1	0.000336058
1	0.000334844
1	0.000335817
1	0.000335778
1	0.000335458
1	0.000334824
1	0.000334438
1	0.000335814
1	0.000335282
1	0.000336273
1	0.000335229
1	0.000335322
1	0.000335673
1	0.000335473
1	0.000334159
1	0.000335681
1	0.000335713
1	0.000335659
1	0.000334973
1	0.000335146
1	0.000335338
1	0.000336091
1	0.000336662
1	0.000335674
1	0.000336656
1	0.000336071
1	0.000334935
1	0.000335628
1	0.000335426
1	0.0003357
1	0.000334608
1	0.000336512
1	0.000335769
1	0.000336003
1	0.000334568
1	0.000335942
1	0.000336133
1	0.000335171
1	0.000335375
1	0.000336202
1	0.000335818
1	0.000334974
1	0.000335714
1	0.000333783
1	0.000335872
1	0.000336221
1	0.000335639
1	0.000337776
1	0.000335544
1	0.000335134
1	0.000334986
1	0.000336679
1	0.000335545
1	0.00033662
1	0.000334681
1	0.000335381
1	0.000336134
1	0.000334473
1	0.000334828
1	0.000335716
1	0.000335948
1	0.000335928
1	0.000335174
1	0.000335746
1	0.000335789
1	0.000333856
1	0.000336275
1	0.000334875
1	0.000335434
1	0.000334672
1	0.000334818
1	0.000335833
1	0.000335834
1	0.000335797
1	0.000336309
1	0.000335078
1	0.000335491
1	0.000335785
1	0.000335757
1	0.000335599
1	0.000336032
1	0.000334538
1	0.000335761
1	0.000336035
1	0.000335734
1	0.000336091
1	0.000335127
1	0.000335367
1	0.000336556
1	0.000336324
1	0.00033655
1	0.000334584
1	0.000336648
1	0.000335625
1	0.000337526
1	0.000335136
1	0.000334698
1	0.000334934
1	0.000335731
1	0.000335544
1	0.000336122
1	0.000335808
1	0.000332335
1	0.000336943
1	0.000332814
1	0.000335777
1	0.000335544
1	0.000337388
1	0.000335638
1	0.000333622
1	0.000335662
1	0.00033611
1	0.000334797
1	0.000335863
1	0.000336098
1	0.000335605
1	0.000334678
1	0.000335855
1	0.000335375
1	0.000336148
1	0.000335277
1	0.000334786
1	0.000336025
1	0.000336257
1	0.000334029
1	0.00033567
1	0.000336755
1	0.000334301
1	0.000335523
1	0.000334649
1	0.000335749
1	0.000334998
1	0.000335759
1	0.000335772
1	0.000336642
1	0.000337549
1	0.000336669
1	0.000335724
1	0.000335491
1	0.000336608
1	0.000335937
1	0.000335911
1	0.00033545
1	0.000335501
1	0.000335659
1	0.000335174
1	0.000335682
1	0.000337076
1	0.000336401
1	0.000334705
1	0.000334409
1	0.000336399
1	0.000336098
1	0.000335521
1	0.00033565
1	0.000334673
1	0.000336467
1	0.000335602
1	0.000335513
1	0.000335231
1	0.000335468
1	0.00033639
1	0.000335264
1	0.00033536
1	0.000335425
1	0.000336157
1	0.000337516
1	0.000335426
1	0.000335276
1	0.000335902
1	0.000335646
1	0.000334429
1	0.000334689
1	0.000335598
1	0.00033567
1	0.000334403
1	0.000336196
1	0.000335356
1	0.000334586
1	0.000334953
1	0.000336531
1	0.000332714
1	0.000334587
1	0.000335243
1	0.000336048
1	0.000335095
1	0.000335662
1	0.000335456
1	0.000334347
1	0.000334911
1	0.000335067
1	0.00033736
1	0.000334956
1	0.000336493
1	0.000335054
1	0.00033591
1	0.00033775
1	0.000336532
1	0.000335112
1	0.000335586
1	0.000335231
1	0.000335458
1	0.000336387
1	0.00033548
1	0.0003366
1	0.000335691
1	0.000334976
1	0.000335701
1	0.000336074
1	0.000336721
1	0.000331941
1	0.000336055
1	0.00033522
1	0.000335517
1	0.000334997
1	0.000335769
1	0.000335493
1	0.000335545
1	0.000335788
1	0.000334965
1	0.000335348
1	0.000335068
1	0.000335878
1	0.000334621
1	0.000335054
1	0.000335949
1	0.000336009
1	0.000334699
1	0.000335982
1	0.000335354
1	0.000334199
1	0.000335041
1	0.000333522
1	0.00033561
1	0.000335137
1	0.000336603
1	0.00033602
1	0.000336089
1	0.000335782
1	0.000336553
1	0.000335866
1	0.000335752
1	0.000335931
1	0.000335116
1	0.00033546
1	0.000336004
1	0.000335691
1	0.000335599
1	0.000334934
1	0.000335916
1	0.000335597
1	0.000336171
1	0.000335614
1	0.000336771
1	0.000335306
1	0.000334369
1	0.000334973
1	0.000335263
1	0.000336948
1	0.000336455
1	0.000335469
1	0.000336138
1	0.000335869
1	0.000335586
1	0.000334663
1	0.000334526
1	0.000335322
1	0.000335624
1	0.00033602
1	0.000336654
1	0.0003356
1	0.000334936
1	0.000335459
1	0.000335677
1	0.000337015
1	0.000336752
1	0.000336691
1	0.000335399
1	0.000335687
1	0.000334565
1	0.000334716
1	0.000334456
1	0.000336005
1	0.000335796
1	0.00033419
1	0.000336048
1	0.000335079
1	0.000335367
1	0.000334955
1	0.000334419
1	0.000336067
1	0.000335335
1	0.000335526
1	0.000334541
1	0.000334447
1	0.000335685
1	0.000335576
1	0.000334221
1	0.000335185
1	0.000333529
1	0.000335101
1	0.000335319
1	0.000335827
1	0.000335023
1	0.000335464
1	0.000335035
1	0.000334884
1	0.000334774
1	0.000336013
1	0.00033555
1	0.000335543
1	0.000335829
1	0.000335643
1	0.000336054
1	0.000335248
1	0.000334469
1	0.000336295
1	0.000333409
1	0.000334788
1	0.000336477
1	0.000336196
1	0.000334723
1	0.000335398
1	0.000335908
1	0.000338248
1	0.000335207
1	0.000334497
1	0.000337211
1	0.000336328
1	0.000335856
1	0.000335807
1	0.000335959
1	0.000335324
1	0.00033625
1	0.000335354
1	0.000335214
1	0.000334027
1	0.000335723
1	0.000335232
1	0.000336246
1	0.000335349
1	0.000335372
1	0.000334306
1	0.000334511
1	0.000336093
1	0.000335028
1	0.000335212
1	0.000336214
1	0.000336024
1	0.000334633
1	0.000335354
1	0.000335219
1	0.000335658
1	0.000334724
1	0.000335807
1	0.000334761
1	0.000335807
1	0.000335247
1	0.000334485
1	0.00033668
1	0.000336932
1	0.000335465
1	0.000335871
1	0.000336457
1	0.000334678
1	0.000335059
1	0.000335446
1	0.000335973
1	0.000335787
1	0.000335226
1	0.000335682
1	0.000335172
1	0.000333919
1	0.000335284
1	0.000335981
1	0.000336243
1	0.000335459
1	0.000336063
1	0.000335889
1	0.000336626
1	0.000335387
1	0.000334855
1	0.00033562
1	0.000336209
1	0.000334913
1	0.000335222
1	0.000334986
1	0.000334826
1	0.000336571
1	0.000334817
1	0.000335534
1	0.000335134
1	0.000335842
1	0.000337415
1	0.000335022
1	0.000334313
1	0.000334816
1	0.000336555
1	0.000336222
1	0.000337352
1	0.000336562
1	0.000335801
1	0.000335523
1	0.000335728
1	0.000335414
1	0.000334867
1	0.000335849
1	0.000334512
1	0.000335435
1	0.000335463
1	0.00033499
1	0.00033602
1	0.000335009
1	0.000335675
1	0.000335737
1	0.000335122
1	0.000336105
1	0.000334685
1	0.000335406
1	0.000335133
1	0.000335932
1	0.000336011
1	0.00033715
1	0.000334979
1	0.000335781
1	0.000335473
1	0.000335283
1	0.000334603
1	0.000335814
1	0.000334446
1	0.000335687
1	0.000335039
1	0.000335785
1	0.000335751
1	0.000335888
1	0.00033499
1	0.000335325
1	0.000333641
1	0.000335836
1	0.000334633
1	0.000335587
1	0.000337077
1	0.000336666
1	0.000335825
1	0.000335797
1	0.000334665
1	0.000336229
1	0.000333652
1	0.000337148
1	0.000336251
1	0.000336097
1	0.000336791
1	0.000335081
1	0.000334798
1	0.000335587
1	0.000335154
1	0.000333803
1	0.000335331
1	0.000335628
1	0.000336376
1	0.000335345
1	0.000335855
1	0.000335837
1	0.000334935
1	0.000335967
1	0.000337002
1	0.000335888
1	0.000335452
1	0.000335798
1	0.000335231
1	0.000335815
1	0.000336475
1	0.000335586
1	0.000334836
1	0.000335244
1	0.000335485
1	0.000335185
1	0.000336506
1	0.000335077
1	0.000335448
1	0.000335039
1	0.000336326
1	0.000335104
1	0.000334877
1	0.00033659
1	0.000335234
1	0.00033444
1	0.00033547
1	0.000336001
1	0.000336469
1	0.000335957
1	0.000335381
1	0.000335317
1	0.000335975
1	0.000337559
1	0.000335067
1	0.000335897
1	0.000336096
1	0.000336328
1	0.000335763
1	0.000336164
1	0.000335334
1	0.000335338
1	0.000335326
1	0.000335578
1	0.000335173
1	0.000335128
1	0.000336615
1	0.000336631
1	0.000335594
1	0.000335859
1	0.000335443
1	0.000335158
1	0.000334748
1	0.000334793
1	0.00033673
1	0.000334756
0	-0.000249144
0	-0.000250581
0	-0.000248415
0	-0.000249582
0	-0.000249147
0	-0.00024765
0	-0.000249141
0	-0.000247906
0	-0.000248143
0	-0.000247274
0	-0.000249277
0	-0.000245446
0	-0.000248582
0	-0.000247185
0	-0.00024825
0	-0.000249277
0	-0.000250646
0	-0.000248778
0	-0.000247384
0	-0.000250089
0	-0.000248723
0	-0.000248906
0	-0.000248678
0	-0.000249182
0	-0.000250996
0	-0.000248128
0	-0.000248502
0	-0.000249028
0	-0.000250039
0	-0.000249017
0	-0.000247076
0	-0.000249074
0	-0.000249533
0	-0.000250606
0	-0.000249919
0	-0.000247971
0	-0.000248429
0	-0.000249007
0	-0.000248191
0	-0.00025203
0	-0.000248304
0	-0.000247481
0	-0.000248043
0	-0.000249289
0	-0.000248079
0	-0.000248659
0	-0.000248417
0	-0.000250183
0	-0.000249376
0	-0.000249046
0	-0.000248279
0	-0.00024883
0	-0.000248436
0	-0.000249191
0	-0.000248668
0	-0.000250292
0	-0.000249052
0	-0.000247822
0	-0.000249251
0	-0.000246686
0	-0.00024844
0	-0.000248781
0	-0.00024923
0	-0.000247793
0	-0.000249254
0	-0.000249195
0	-0.000247968
0	-0.000250631
0	-0.000249186
0	-0.000248969
0	-0.000248389
0	-0.000247684
0	-0.000247506
0	-0.000248663
0	-0.000250438
0	-0.000248731
0	-0.000248661
0	-0.000250408
0	-0.000248526
0	-0.00024905
0	-0.000249455
0	-0.00024967
0	-0.000248239
0	-0.000248541
0	-0.000247213
0	-0.000248997
0	-0.000249463
0	-0.000248822
0	-0.000248405
0	-0.000248001
0	-0.00024904
0	-0.000250426
0	-0.00024835
0	-0.000247904
0	-0.000250303
0	-0.000247802
0	-0.000248193
0	-0.000248576
0	-0.000249457
0	-0.000248504
0	-0.000248959
0	-0.000250705
0	-0.000248251
0	-0.000249464
0	-0.000251313
0	-0.00024677
0	-0.000248708
0	-0.000248763
0	-0.000249135
0	-0.000248307
0	-0.000248841
0	-0.000248738
0	-0.00024615
0	-0.000248551
0	-0.000249156
0	-0.000248406
0	-0.000249369
0	-0.000249477
0	-0.000248614
0	-0.000248081
0	-0.000249357
0	-0.00024924
0	-0.000249267
0	-0.000248834
0	-0.000250079
0	-0.000248699
0	-0.000250047
0	-0.000248657
0	-0.00024916
0	-0.000249288
0	-0.000250293
0	-0.000248708
0	-0.000248668
0	-0.000248441
0	-0.000248695
0	-0.000248889
0	-0.000248736
0	-0.000248787
0	-0.000249377
0	-0.000249678
0	-0.000248728
0	-0.000248677
0	-0.000248576
0	-0.000247279
0	-0.000249337
0	-0.000248571
0	-0.000249166
0	-0.000248764
0	-0.000248515
0	-0.000248965
0	-0.000250071
0	-0.00024936
0	-0.000249231
0	-0.000247885
0	-0.000247062
0	-0.000248557
0	-0.000249958
0	-0.00024885
0	-0.000248364
0	-0.000249765
0	-0.000249408
0	-0.000248617
0	-0.000248315
0	-0.000248716
0	-0.000248631
0	-0.000249458
0	-0.000248237
0	-0.000248392
0	-0.000248162
0	-0.000247517
0	-0.000249506
0	-0.000250102
0	-0.000248241
0	-0.000249027
0	-0.000248492
0	-0.000248479
0	-0.000248939
0	-0.000248229
0	-0.000248409
0	-0.00024714
0	-0.000248483
0	-0.000249307
0	-0.000248675
0	-0.000249016
0	-0.000248954
0	-0.000248834
0	-0.000248933
0	-0.000248201
0	-0.000249983
0	-0.000248572
0	-0.000248423
0	-0.000246257
0	-0.000245864
0	-0.000247609
0	-0.000248157
0	-0.000249891
0	-0.00024768
0	-0.000248438
0	-0.000248846
0	-0.000247085
0	-0.000248662
0	-0.000249467
0	-0.000249709
0	-0.000250863
0	-0.000247748
0	-0.000247635
0	-0.000249114
0	-0.00024856
0	-0.000249948
0	-0.000248329
0	-0.000250126
0	-0.000247613
0	-0.000248463
0	-0.00024947
0	-0.000248215
0	-0.000249335
0	-0.000248512
0	-0.000249177
0	-0.000246653
0	-0.000248476
0	-0.000248474
0	-0.000249231
0	-0.000249294
0	-0.000249046
0	-0.000249236
0	-0.00024665
0	-0.000247223
0	-0.000247616
0	-0.000248357
0	-0.000248262
0	-0.000248827
0	-0.000248588
0	-0.00024948
0	-0.00024979
0	-0.000249493
0	-0.000247592
0	-0.000249871
0	-0.000248559
0	-0.000248663
0	-0.000248097
0	-0.00024945
0	-0.000249753
0	-0.000248838
0	-0.000249097
0	-0.000246953
0	-0.00024932
0	-0.000249263
0	-0.000250579
0	-0.000246485
0	-0.000249236
0	-0.000247863
0	-0.000249784
0	-0.000247395
0	-0.00024818
0	-0.000247388
0	-0.000248765
0	-0.00024912
0	-0.000247392
0	-0.000248541
0	-0.000249424
0	-0.000248215
0	-0.000250552
0	-0.000246388
0	-0.000248701
0	-0.00024975
0	-0.000249432
0	-0.000250815
0	-0.000248734
0	-0.000249128
0	-0.000248138
0	-0.000249571
0	-0.000249109
0	-0.000248168
0	-0.000247536
0	-0.00024885
0	-0.000248213
0	-0.000249533
0	-0.000249832
0	-0.000248551
0	-0.000248676
0	-0.000247487
0	-0.000248602
0	-0.000248178
0	-0.000249351
0	-0.000250045
0	-0.000248573
0	-0.000249386
0	-0.000248777
0	-0.000249012
0	-0.00024824
0	-0.000248247
0	-0.000248644
0	-0.000249767
0	-0.000247087
0	-0.000246996
0	-0.000248862
0	-0.000247959
0	-0.000249493
0	-0.000248886
0	-0.000247215
0	-0.000250962
0	-0.000247906
0	-0.000248635
0	-0.000249733
0	-0.000248312
0	-0.000249321
0	-0.000248873
0	-0.000249614
0	-0.000248559
0	-0.000249224
0	-0.00025095
0	-0.00024971
0	-0.000248479
0	-0.000246908
0	-0.000248008
0	-0.000249133
0	-0.000249577
0	-0.000248562
0	-0.000247547
0	-0.000249704
0	-0.000249475
0	-0.00024898
0	-0.000249103
0	-0.000250513
0	-0.000249207
0	-0.000248968
0	-0.000248038
0	-0.000249016
0	-0.000246479
0	-0.000248002
0	-0.00024945
0	-0.000248515
0	-0.000247529
0	-0.000249094
0	-0.000250006
0	-0.000248995
0	-0.0002495
0	-0.000248739
0	-0.000248782
0	-0.000249075
0	-0.000248451
0	-0.000247412
0	-0.000250426
0	-0.00024806
0	-0.000246045
0	-0.000248755
0	-0.000248247
0	-0.000248706
0	-0.000248188
0	-0.000247122
0	-0.000249063
0	-0.000248135
0	-0.000248973
0	-0.000248686
0	-0.000249621
0	-0.000247887
0	-0.000249875
0	-0.000249156
0	-0.000248211
0	-0.000249148
0	-0.000249691
0	-0.000248177
0	-0.000249008
0	-0.000247809
0	-0.000249544
0	-0.000249579
0	-0.000249049
0	-0.00024776
0	-0.000249826
0	-0.000248273
0	-0.000248516
0	-0.000249533
0	-0.000249004
0	-0.000247425
0	-0.000249061
0	-0.000248887
0	-0.000249826
0	-0.00024913
0	-0.000249195
0	-0.000250306
0	-0.000247971
0	-0.000249046
0	-0.000249046
0	-0.000249376
0	-0.000248479
0	-0.000247756
0	-0.000248768
0	-0.000249101
0	-0.000247628
0	-0.000249279
0	-0.000249151
0	-0.000247932
0	-0.000248936
0	-0.000248381
0	-0.000248217
0	-0.000246468
0	-0.000249045
0	-0.000248598
0	-0.00024786
0	-0.000247347
0	-0.000246355
0	-0.000247491
0	-0.000247974
0	-0.000249108
0	-0.000249087
0	-0.000249924
0	-0.000248851
0	-0.000249295
0	-0.000248775
0	-0.000250153
0	-0.000249799
0	-0.000249157
0	-0.000249183
0	-0.000248413
0	-0.000247501
0	-0.000249286
0	-0.0002492
0	-0.000248563
0	-0.000249406
0	-0.000248173
0	-0.000249114
0	-0.000247998
0	-0.000249275
0	-0.000250522
0	-0.000248684
0	-0.000248593
0	-0.000248216
0	-0.000249059
0	-0.000248663
0	-0.000248712
0	-0.000248346
0	-0.000248698
0	-0.000246634
0	-0.00024722
0	-0.000246446
0	-0.000248898
0	-0.000248349
0	-0.000247836
0	-0.000249118
0	-0.000247815
0	-0.000249085
0	-0.000248529
0	-0.000250699
0	-0.000248108
0	-0.000249049
0	-0.000249429
0	-0.000248578
0	-0.000245695
0	-0.000248296
0	-0.000249863
0	-0.000248767
0	-0.000247058
0	-0.000248362
0	-0.000248884
0	-0.000249138
0	-0.00024867
0	-0.000249535
0	-0.000249275
0	-0.000246729
0	-0.000249509
0	-0.000248574
0	-0.000247699
0	-0.000247453
0	-0.000249307
0	-0.000248537
0	-0.000249728
0	-0.000247596
0	-0.000247326
0	-0.000249375
0	-0.000249672
0	-0.000247649
0	-0.000250176
0	-0.000249214
0	-0.000247996
0	-0.000239259
0	-0.000249754
0	-0.000249006
0	-0.000248854
0	-0.000248215
0	-0.000248354
0	-0.000246615
0	-0.000248593
0	-0.000248807
0	-0.000248025
0	-0.00024816
0	-0.000249365
0	-0.000249002
0	-0.00024946
0	-0.000247424
0	-0.000248459
0	-0.000249114
0	-0.000250536
0	-0.000247505
0	-0.000249735
0	-0.000248714
0	-0.000248602
0	-0.000249804
0	-0.000248387
0	-0.000247657
0	-0.000248103
0	-0.000250328
0	-0.000247846
0	-0.000250372
0	-0.000249853
0	-0.000249098
0	-0.000249908
0	-0.000249111
0	-0.000248568
0	-0.000248794
0	-0.000248847
0	-0.00024901
0	-0.000248335
0	-0.000248553
0	-0.000249085
0	-0.000247396
0	-0.000251841
0	-0.000249315
0	-0.000248797
0	-0.000249114
0	-0.000248879
0	-0.000247811
0	-0.000248765
0	-0.000247506
0	-0.000247284
0	-0.000248381
0	-0.000248926
0	-0.000247779
0	-0.000248922
0	-0.000248607
0	-0.000247029
0	-0.000248767
0	-0.000248263
0	-0.000248314
0	-0.000249005
0	-0.000248661
0	-0.000247824
0	-0.000248842
0	-0.000247619
0	-0.000248193
0	-0.000248372
0	-0.000248757
0	-0.000248635
0	-0.000248454
0	-0.000248895
0	-0.000249851
0	-0.000249051
0	-0.000248899
0	-0.000248827
0	-0.000248413
0	-0.000248239
0	-0.000248684
0	-0.000248251
0	-0.000249066
0	-0.000248459
0	-0.000247609
0	-0.000248617
0	-0.000249257
0	-0.000248906
0	-0.000249954
0	-0.0002491
0	-0.000249031
0	-0.000248746
0	-0.000247763
0	-0.000249531
0	-0.000249777
0	-0.000248682
0	-0.000250443
0	-0.000248151
0	-0.000247979
0	-0.000249673
0	-0.000249098
0	-0.000250955
0	-0.000250977
0	-0.00024947
0	-0.000249057
0	-0.000249588
0	-0.000249131
0	-0.000247662
0	-0.000248149
0	-0.000248134
0	-0.000247617
0	-0.000249111
0	-0.000249718
0	-0.00024899
0	-0.000249177
0	-0.000249426
0	-0.00024968
0	-0.000248127
0	-0.000249013
0	-0.000248549
0	-0.000249939
0	-0.00024843
0	-0.000246121
0	-0.00024804
0	-0.000248231
0	-0.000250082
0	-0.000248008
0	-0.000248863
0	-0.000248502
0	-0.000248475
0	-0.000251096
0	-0.00024819
0	-0.000249846
0	-0.000249553
0	-0.00024736
0	-0.000248483
0	-0.000249318
0	-0.000249458
0	-0.000248488
0	-0.000249155
0	-0.000248928
0	-0.000258531
0	-0.000249101
0	-0.000250022
0	-0.000249596
0	-0.000249106
0	-0.000251124
0	-0.0002496
0	-0.000249726
0	-0.000248385
0	-0.000248831
0	-0.000247569
0	-0.000249588
0	-0.000249633
0	-0.000248883
0	-0.000247305
0	-0.000250007
0	-0.000248646
0	-0.000249386
0	-0.000248762
0	-0.000247765
0	-0.000247997
0	-0.000249648
0	-0.000246521
0	-0.00024969
0	-0.000249042
0	-0.000249954
0	-0.000251581
0	-0.000248857
0	-0.000249101
0	-0.000247223
0	-0.000249435
0	-0.000248132
0	-0.000248515
0	-0.000249113
0	-0.000247998
0	-0.000246132
0	-0.000250679
0	-0.000248758
0	-0.000249132
0	-0.000247602
0	-0.000249006
0	-0.000248902
0	-0.000248091
0	-0.00024945
0	-0.000249267
0	-0.000248669
0	-0.000248968
0	-0.000246643
0	-0.000248581
0	-0.000248369
0	-0.000248531
0	-0.00024827
0	-0.00024893
0	-0.000249055
0	-0.000248038
0	-0.000248614
0	-0.000249031
0	-0.000248552
0	-0.000248952
0	-0.000249458
0	-0.000247918
0	-0.0002494
0	-0.000248117
0	-0.000248071
0	-0.000248784
0	-0.000248915
0	-0.000248244
0	-0.000249697
0	-0.000248417
0	-0.000248078
0	-0.000249298
0	-0.000248021
0	-0.000249455
0	-0.000248517
0	-0.000247059
0	-0.000248182
0	-0.000248014
0	-0.000248205
0	-0.000248388
0	-0.000247599
0	-0.000251023
0	-0.000249012
0	-0.000248349
0	-0.000249832
0	-0.000248244
0	-0.00024887
0	-0.000250358
0	-0.000247829
0	-0.000247688
0	-0.000248347
0	-0.000248213
0	-0.000249689
0	-0.000246163
0	-0.000250008
0	-0.000249466
0	-0.000247616
0	-0.000247816
0	-0.000249354
0	-0.000249221
0	-0.000248582
0	-0.000248994
0	-0.000247818
0	-0.000249152
0	-0.000247742
0	-0.000248879
0	-0.000251357
0	-0.000248975
0	-0.000249516
0	-0.000248927
0	-0.000249498
0	-0.000249154
0	-0.000249104
0	-0.000248852
0	-0.000250328
0	-0.000248613
0	-0.000249057
0	-0.000248399
0	-0.000246491
0	-0.000249409
0	-0.000248853
0	-0.00024825
0	-0.000247925
0	-0.000249242
0	-0.000249599
0	-0.000249419
0	-0.000248174
0	-0.000249095
0	-0.000247768
0	-0.000248635
0	-0.000248771
0	-0.000248486
0	-0.000247351
0	-0.00024803
0	-0.000248364
0	-0.000248735
0	-0.000248858
0	-0.000248777
0	-0.000247962
0	-0.000248753
0	-0.000248889
0	-0.000247237
0	-0.000248903
0	-0.00024793
0	-0.000250374
0	-0.000247546
0	-0.000247705
0	-0.000249339
0	-0.000249067
0	-0.000248948
0	-0.000248991
0	-0.000248329
0	-0.000248504
0	-0.000249121
0	-0.000248343
0	-0.000248198
0	-0.000248072
0	-0.000247875
0	-0.000248529
0	-0.000250135
0	-0.000245412
0	-0.00024885
0	-0.000249538
0	-0.000246226
0	-0.000250386
0	-0.000249754
0	-0.000248793
0	-0.000248701
0	-0.00024873
0	-0.000247862
0	-0.000249049
0	-0.00024863
0	-0.000248925
0	-0.000248886
0	-0.000248773
0	-0.000247637
0	-0.000247991
0	-0.000248105
0	-0.000243298
0	-0.000249152
0	-0.000249313
0	-0.000248414
0	-0.000247917
0	-0.000249496
0	-0.000249241
0	-0.000249192
0	-0.000249172
0	-0.000249798
0	-0.000249234
0	-0.000249122
0	-0.000249115
0	-0.000250214
0	-0.000247952
0	-0.000248533
0	-0.000249104
0	-0.000248738
0	-0.000249033
0	-0.000248968
0	-0.000247822
0	-0.000249188
0	-0.000249908
0	-0.000250365
0	-0.000247796
0	-0.000248581
0	-0.000249564
0	-0.000249107
0	-0.000248903
0	-0.000249096
0	-0.000248703
0	-0.000248848
0	-0.000248727
0	-0.00024952
0	-0.000249181
0	-0.000248861
0	-0.000248246
0	-0.000249175
0	-0.000249353
0	-0.000247843
0	-0.000248028
0	-0.000247937
0	-0.000249914
0	-0.000248829
0	-0.000247392
0	-0.000249223
0	-0.000249032
0	-0.000249036
0	-0.000249452
0	-0.000249162
0	-0.000248347
0	-0.000248793
0	-0.000250502
0	-0.000249985
0	-0.000248417
0	-0.000247886
0	-0.000249353
0	-0.000248981
0	-0.000249018
0	-0.000246013
0	-0.000248853
0	-0.000248678
0	-0.000248557
0	-0.000248788
0	-0.000249397
0	-0.000247325
0	-0.000248239
0	-0.000250667
0	-0.00024851
0	-0.000248533
0	-0.000248588
0	-0.000248175
0	-0.000249058
0	-0.000246787
0	-0.000249713
0	-0.00024904
0	-0.000249034
0	-0.000249973
0	-0.000248815
0	-0.000247579
0	-0.000249127
0	-0.00024851
0	-0.000249589
0	-0.000249066
0	-0.000247486
0	-0.000248274
0	-0.00024958
0	-0.000250275
0	-0.000248709
0	-0.000249301
0	-0.000249259
0	-0.000248443
0	-0.000248121
0	-0.000249183
0	-0.000250262
0	-0.000247199
0	-0.000247674
0	-0.000250161
0	-0.000249955
0	-0.000247845
0	-0.000249019
0	-0.000246522
0	-0.000249144
0	-0.000248317
0	-0.000250173
0	-0.000248938
0	-0.000250414
0	-0.000246505
0	-0.000252004
0	-0.000247666
0	-0.000248922
0	-0.000249595
0	-0.000247948
0	-0.000249386
0	-0.000248016
0	-0.000249668
0	-0.000247676
0	-0.000250419
0	-0.000250104
0	-0.00024912
0	-0.000248746
0	-0.000250042
0	-0.000251238
0	-0.000247998
0	-0.000249226
0	-0.00025078
0	-0.000247707
0	-0.000247409
0	-0.000250733
0	-0.000249046
0	-0.000249371
0	-0.000248569
0	-0.000248589
0	-0.000249471
0	-0.000248746
0	-0.000247886
0	-0.000247826
0	-0.000248087
0	-0.000249314
0	-0.000249017
0	-0.00024922
0	-0.000249646
0	-0.000250152
0	-0.000249789
0	-0.000248973
0	-0.00024902
0	-0.000249541
0	-0.000250717
0	-0.000248301
0	-0.000248691
0	-0.000247723
0	-0.00024799
0	-0.000249916
0	-0.000249818
0	-0.00024738
0	-0.000249417
0	-0.000248744
0	-0.000248938
0	-0.000248325
0	-0.000248311
0	-0.000248415
0	-0.000247533
0	-0.000247223
0	-0.000248517
0	-0.000250924
0	-0.000248766
0	-0.000248492
0	-0.000249008
0	-0.000249511
0	-0.000249087
0	-0.00024939
0	-0.000247206
0	-0.00024806
0	-0.000248177
0	-0.00024832
0	-0.00024716
0	-0.000249131
0	-0.000249607
0	-0.000248807
0	-0.000248965
0	-0.000248432
0	-0.000249172
0	-0.000246877
0	-0.000247759
0	-0.000248654
0	-0.000249613
0	-0.000247291
0	-0.000248414
0	-0.000247897
0	-0.000248449
0	-0.000249105
0	-0.000248959
0	-0.000247424
0	-0.000249834
0	-0.000248771
0	-0.000249315
0	-0.000248548
0	-0.000248247
0	-0.000248678
0	-0.000248574
0	-0.000249472
0	-0.00024888
0	-0.000250181
0	-0.00024908
0	-0.000248272
0	-0.000248837
0	-0.000248311
0	-0.000248056
0	-0.000246878
0	-0.000249748
0	-0.000248273
0	-0.00024828
0	-0.000250434
0	-0.000248463
0	-0.00024868
0	-0.000248358
0	-0.000249728
0	-0.00024926
0	-0.000247462
0	-0.000249966
0	-0.000249015
0	-0.000249468
0	-0.00024882
0	-0.000249173
0	-0.000248393
0	-0.000249324
0	-0.000249117
0	-0.00024956
0	-0.000249722
0	-0.000251097
0	-0.000250574
0	-0.000247565
0	-0.000248024
0	-0.000248986
0	-0.000248714
0	-0.000247944
0	-0.000248306
0	-0.000249582
0	-0.000249663
0	-0.000248888
0	-0.000249839
0	-0.000247698
0	-0.000249303
0	-0.000248439
0	-0.000247388
0	-0.000247578
0	-0.000249968
0	-0.000249785
0	-0.000249768
0	-0.000247483
0	-0.000248723
0	-0.000248476
0	-0.000248635
0	-0.000248441
0	-0.000248132
0	-0.000246923
0	-0.000248449
0	-0.000248089
0	-0.000248343
0	-0.000248645
0	-0.000249541
0	-0.000247784
0	-0.000247785
0	-0.000249062
0	-0.000249541
0	-0.000248869
0	-0.000248503
0	-0.000249163
0	-0.00024925
0	-0.000248557
0	-0.000248525
0	-0.000248527
0	-0.000249083
0	-0.000248315
0	-0.000250739
0	-0.000248408
0	-0.000249045
0	-0.00024996
0	-0.00024831
0	-0.00024784
0	-0.000250232
0	-0.000246374
0	-0.000249636
0	-0.000248636
0	-0.000248845
0	-0.000246847
