Error on the test set seq only: 212952
Error on the training set: 0.0333962
Number of parameters: 1031

Base Parameters
-0.23901	0.0666079	-0.0105291	0.0681607	0.0217419	0.271111
-0.21293	0.575285	-0.654776	-0.311822	-0.209286	0.0205694
0.00727646	0.274374	-0.064553	-0.00299701	-0.0790058	-0.265722
-0.0551026	0.0107454	0.0856335	0.577359	0.0110376	-0.21039
-0.172112	0.138885	-0.222314	-0.137203	-0.236443	0.00601082
-0.1952	-0.0385821	-0.552186	-0.00814169	-0.26566	-0.215468
0.27042	0.263171	-0.144292	0.0360104	-0.950186	0.0491541
0.167224	-0.00048634	0.00688753	-0.157725	0.266297	0.0420787
0.167024	-0.446242	-0.00710604	0.214716	-0.288356	0.440296
0.607747	-0.269489	-0.284762	1.11182	-0.197219	0.275118
-0.249982	0.101344	-0.671149	0.263885	0.136965	-0.0275866
0.0608152	-0.406407	0.337844	0.225259	-0.360611	0.208608
-0.138888	-0.142025	0.377934	-0.227406	0.141062	-0.0509351
-0.113449	-0.363433	-0.0834007	-0.0708102	-0.32008	0.34135
-0.137937	0.260313	-0.0850766	-0.360207	0.272319	-0.144924
-0.21291	0.128293	-0.358264	-0.42805	0.0981277	-0.189781
0.166516	-0.876861	0.0703713	-0.1215	0.766882	0.5266
0.112726	0.162853	0.445464	-0.00792869	-0.418718	-0.00275573
0.407631	-0.597047	0.33049	0.80727	-0.101544	-0.168468
-0.0375018	0.118598	-0.316176	-0.400898	-0.210562	-0.24081
0.37842	0.29858	-0.516644	-0.122838	0.107206	-0.559389
-0.126199	-0.0274662	-0.263642	-0.302823	-0.119255	0.209769
-0.198111	0.38002	-0.0677607	0.338743	0.00444203	-0.0813489
0.357491	-0.39303	0.352284	0.698925	-0.180935	0.674659
0.301955	-0.361353	0.290296	0.356318	0.10241	0.496399
0.222267	-0.484231	0.0696117	1.04879	-0.863629	0.204704
0.245178	0.01361	-1.09042	-0.529562	0.452687	-0.449428
-0.0324256	-0.343222	0.0726316	0.0982326	0.182507	0.0217199
-0.202941	0.357841	-0.128454	0.166161	0.275046	-0.0652565
0.0474434	-0.272733	0.440665	-0.108261	-0.179748	0.47819
0.209401	0.135445	0.337275	-0.218166	-0.451228	0.101907
0.23205	-0.100379	0.0972436	-0.0735109	0.246827	-0.481025
0.0435575	0.0441994	0.499959	-0.304864	0.312766	0.154235
0.373171	-0.223093	0.0230592	0.708866	-0.215452	0.366988
-0.0607653	0.197302	-0.254878	0.0969871	-0.0759484	-0.30541
0.19719	-0.00395098	0.184801	-0.131471	1.04947	0.465018
0.137231	0.451868	0.106387	0.145043	0.0579496	0.0765074
0.404997	0.541296	0.152236	-0.2054	-0.69662	-0.0448649
0.433637	0.140128	0.439173	0.597598	-0.248067	-0.239204
-0.0426528	-0.220639	-0.161977	0.0960526	-0.169242	0.0400884
0.0922449	-0.0861722	-0.0802278	0.110285	0.323874	0.222243
-0.138181	-0.247288	0.0732243	-0.168099	0.0833412	-0.0495879
-0.248868	-0.245793	0.54142	-0.150288	0.0860546	0.178264
-0.39341	0.200163	-0.497048	-0.757344	-0.54611	-0.0731973
-0.223692	-0.500198	-0.138304	-0.245863	0.0782399	-0.024614
0.103694	0.0604484	-0.0856087	-0.347056	0.0132494	0.504411
-0.244065	0.0265026	-0.222561	-0.101562	-0.479467	-0.203549
0.227984	-0.664144	0.0332938	-0.430302	0.991609	-0.170918
-0.124419	0.163022	-0.196823	0.232044	0.0398913	-0.382095
0.237658	-0.137532	0.478549	-0.702236	-0.661183	-0.0782415
-0.139912	-0.729533	-0.264769	-0.110931	0.251993	0.0174536
-0.129464	0.12853	-0.0502439	-0.118464	-0.109778	-0.00507867
-0.0195574	0.510145	-0.664153	-0.374756	-0.670134	-0.13958
-0.0467692	0.109813	-0.27531	-0.178771	-0.0602449	0.285239
0.137982	-0.113156	0.0876114	0.532313	0.144006	0.263273
0.2671	0.133927	0.00599824	0.445242	0.31513	0.442292
0.0482776	0.199919	-0.129373	-0.725235	0.174092	0.391544
0.047288	0.773771	-0.320532	-0.20126	-0.254138	-0.20076
-0.101548	0.166692	-0.32582	0.31816	-0.242656	-0.297151
0.121927	0.0300376	-0.121024	-0.13248	0.482036	0.276411
-0.0557656	0.433114	-0.791234	0.616156	-0.309364	0.396364
0.0141445	-0.138457	0.0104734	0.324034	-0.479611	0.221841
-0.189964	-0.0451225	-0.174074	-0.455442	-0.0315365	-0.0302176
-0.124674	0.155501	0.16322	0.0237141	0.0681432	-0.452174
0.625978	-0.24695	-0.00910491	0.369536	-0.105196	-0.923709
0.300988	0.134574	0.0647067	-0.276541	0.340772	0.256986
-0.11421	-0.10546	-0.123546	0.246284	-0.663248	0.0658311
-0.0200708	-0.0800584	0.616295	-0.504848	-0.0800996	-0.177524
0.166285	-0.264953	-0.891045	-0.3406	0.150048	-0.00523973
0.0620971	0.23641	-0.0877304	-0.175125	0.335387	-0.567694
-0.111386	0.0141296	0.29969	-0.131541	-0.00643085	0.279683
0.0641014	-0.481407	0.215866	0.64478	-0.237924	-0.174668
0.146842	0.103429	-0.339946	0.491482	0.674052	-0.202459
-0.0748811	0.321153	0.24375	-0.362475	-0.576856	-0.110407
0.0558122	0.327607	-0.0289318	0.364957	-0.0996575	-0.316308
0.00346884	0.339997	-0.198965	0.0665849	-0.0484558	-0.550081
0.0620613	-0.236773	0.674489	0.0097257	0.397636	-0.39669
0.73571	-0.265744	0.523211	-0.43288	0.0869541	1.15506
0.281662	0.377132	-0.522863	0.45362	-0.835727	-0.158341
0.191599	0.17054	-0.259495	0.0437569	-0.231762	-0.0733192
-0.0784573	0.292053	0.276396	-0.421359	0.0509338	0.0395277
-0.000317593	-0.149578	-0.622731	-0.371915	0.226636	0.17881
0.15641	-0.457984	0.337973	0.198239	0.223171	0.139648
0.794898	-0.652742	0.228361	-0.337157	0.311769	0.0843281
0.141716	0.183603	-0.145243	0.512419	-0.231512	-0.388583
-0.26029	0.523365	-0.0941382	0.620555	-0.24732	0.499533
-0.0124438	0.196002	0.0430156	-0.862064	0.234387	0.0458811
0.264549	-0.221261	0.316383	0.624793	0.132209	0.210731
-0.136938	-0.0373612	0.483685	-0.22115	0.41183	-0.311037
0.325531	0.00913422	0.498499	-0.459969	0.393374	0.240823
0.0663451	-0.175933	-0.361499	0.235487	0.379831	0.0353243
0.252512	0.109127	0.123909	-0.506239	-0.22806	0.211391
-0.111916	0.254462	0.215654	-0.079922	-0.597166	0.234535
0.0973591	0.123255	-0.195515	-0.423524	-0.257239	-0.132741
-0.136684	-0.176843	-0.0930903	0.210389	0.221755	0.167852
-0.0070745	0.238731	-0.690814	0.27367	0.446724	-0.500133
-0.073649	-0.337389	0.021879	0.286694	-0.615668	0.317897
-0.0969624	0.243979	0.495278	-0.693904	0.0467612	0.0661431
-0.536665	0.492857	-0.494503	-0.398983	0.318563	0.397952
-0.0706385	-0.0415655	-0.436591	0.244436	0.0437946	-0.0193097
0.0104573	-0.00603203	-0.0450868	-0.0433334	-0.171794	0.0781448
-0.204927	-0.722152	-0.103164	0.264985	-0.367548	-0.0778673
0.0878096	0.357247	-0.444639	0.263139	-0.263053	0.0742951
-0.10438	-0.357998	0.128946	-0.0960448	0.138737	-0.081516
-0.0903717	0.21148	0.177494	-0.109891	-0.562743	-0.120613
0.00748539	-0.00219323	-0.0645168	0.301538	0.371233	0.357306
-0.319982	0.625786	-0.680597	-0.974117	0.320982	0.11171
-0.102121	0.51263	-0.25493	0.263459	0.125254	-0.416904
-0.191587	0.0385326	-0.441436	-0.15582	-0.267729	0.179873
0.1305	-0.170431	0.0671783	0.405447	0.478269	-0.248531
0.0254044	0.18911	0.220096	0.0110652	-0.222518	-0.0421422
0.135797	-0.19033	-0.437872	0.915443	-0.126062	0.09462
-0.264139	0.0564019	-0.27813	-0.230467	-0.594073	-0.146751
-4.55012	0.395395	0.111493	0.174877	0.156075	0.0255227
-0.323886	-0.332407	-0.297757	-0.389418	0.0229737	-0.0394224
-0.226103	-0.685828	-0.328828	-0.0817587	-0.474213	-0.103653
0.175846	-0.150446	-0.0321938	0.357388	-0.280082	-0.14894
0.0711797	0.170504	0.127487	-0.140844	-0.686612	0.35852
-0.0629072	-0.012505	-0.171875	-0.372321	0.0682406	0.10676
-0.114763	-0.41545	-0.457185	0.258728	-0.00268377	0.0648709
0.465099	-0.794633	0.699458	-0.371967	1.69134	0.0460055
-0.136475	0.223247	-0.0885585	-0.214372	-0.497	-0.03437
-0.0962332	0.0512985	-0.590017	-0.170788	-0.0384846	0.463531
-0.233018	-0.0848605	-0.0289405	0.0255417	-0.658316	-0.148785
-0.130196	0.160671	-0.864047	-0.90521	0.495603	-0.315732
-0.785539	0.0666569	-0.460938	-0.183761	-0.0751645	-0.0339085
-0.193086	-0.136177	0.0616928	-0.0425237	-0.818044	-0.0387435
-0.00415579	-0.249246	0.26592	-0.328256	0.260522	0.23878
-0.234635	-0.65794	-0.420677	0.368559	-0.167044	-0.368114
-0.725249	-0.733181	-0.173868	-0.324169	0.011094	-0.013915
-0.256392	-0.19278	0.690876	-0.947085	0.661745	-0.0625274
0.195261	-0.244712	-0.224523	0.102133	0.299727	0.115544
0.778827	-0.0011558	-1.2703	0.215657	-0.809478	0.229614
-0.369522	0.453352	0.191123	-0.015476	-0.8904	-0.0448685
-0.836446	0.112454	0.102705	0.27092	-0.2071	0.0283866
-0.397126	-0.728671	-0.372183	-0.1173	-0.0995475	0.0842213
-0.105357	-0.129712	0.396563	-0.481299	0.033161	-0.300598
-0.171796	-0.301054	0.056409	-0.354333	-0.0786645	0.0639596
-0.679789	-0.0585657	-0.14606	0.459438	-0.114125	-0.231778
-0.126316	-0.307942	-0.404671	0.0422677	-0.222932	0.229854
-0.0372023	-0.542139	-0.297818	0.27624	0.123399	-0.0479653
-0.101496	-0.889201	0.206359	-0.0256595	0.333249	-0.105248
-0.211636	-0.007546	-0.135624	-0.341344	-0.247082	-0.158217
-0.035286	0.0241794	-0.388309	-0.299038	0.309916	0.128558
-0.0605513	-0.139703	-0.312084	0.0248815	0.298337	0.127393
-0.0693371	-0.0124365	-0.152162	-0.0300993	0.0851089	-0.0722294
0.0769288	-0.18572	-0.292431	-0.0542372	-0.307101	-0.0388072
0.47145	0.686375	-0.560297	0.214072	0.25862	-0.149059
-0.174284	-0.177265	-0.229677	-0.111854	-0.179943	0.00207881
0.230629	-0.0193649	0.221832	0.637327	-0.0653264	0.116265
-0.117984	-0.140091	-0.220969	-0.257417	-0.0829264	0.0316491
0.0691418	0.139837	-0.0710498	0.149873	0.290476	0.0422984
-0.184617	0.0291071	-0.141264	-0.406281	-0.00816157	-0.0266329
-0.00762514	-0.145402	-0.067106	0.113869	0.248548	-0.0239928
-0.107594	-0.188831	-0.702207	-0.128776	-0.209194	-0.0361496
-0.118564	-0.427832	0.0816833	0.051855	-0.196485	-0.170697
0.226932	0.209153	0.162611	-0.376751	-0.540716	-0.387899
-0.230615	-0.382647	-0.219499	-0.20429	-0.207112	0.0154231
-0.13112	-0.420603	-0.148385	-0.0814688	-0.032246	0.0440445
0.234557	0.118035	-0.074533	-0.0891237	-0.00798167	0.196917
0.136222	0.15531	0.152643	-0.208632	-0.197324	0.450804
-0.20239	-0.238607	-0.417331	-0.101606	0.0602269	-0.0741719
-0.211613	0.0448141	0.877516	-0.168421	0.0434267	-0.0608507
-0.233303	-0.0404284	-0.259739	-0.239214	-0.302272	-0.0932435
-0.00214168	0.00488979	0.223744	-0.508716	-0.0846773	-0.00119692
0.141691	0.0869898	0.368504	-0.168189	0.154695	0.0473097
-0.0300416	-0.0958248	0.0563925	-0.0446245	0.0931324	0.015931
-0.202201	-0.630308	-0.234504	-0.0916394	0.0767587	-0.0052679
0.187902	0.351603	0.0868205	0.0315941	-0.502329	-0.336171
-0.584246	0.594277	-0.0695167	0.353071	0.0355638	0.0266782
-0.565283	1.21407	0.0120687	0.236504	0.188188	0.0642758
0.124291	-0.22113	0.483364	0.0594742	0.375695	0.0329679
0.341041	0.00197607	0.00740611	-0.187427	0.767789	0.254355
-0.610585	0.57629	0.210293	0.67982	-0.234705	0.251695
-0.283423	0.42045	-0.125303	0.100032	0.422848	-0.020544
0.122284	-0.329876	0.702744	0.342495	0.181747	0.0149573
0.237767	-0.238366	0.124275	0.355308	-0.196395	0.827209
-0.131975	-0.253597	-0.41692	0.00812696	0.157135	-0.0799727
0.357979	-0.232679	0.131054	0.365613	0.545222	0.366252
-0.136266	-0.566988	0.15587	-0.573111	0.538556	-0.123774
0.589775	-0.5101	-0.498488	0.907363	0.115222	0.107047
-0.114047	-0.346441	-0.190371	-0.2788	0.550556	-0.237515
-0.931012	0.213973	0.175586	0.315177	-0.101629	-0.0386533
-0.227253	-0.566317	0.0996401	-0.129481	-0.210112	-0.122137
-0.0741899	0.193649	-0.628603	-0.280423	0.148355	0.20361
0.0358168	0.224652	-0.0409025	0.020328	-0.355044	-0.0314986
-0.105923	0.209386	-0.365339	-0.327368	-0.0572163	-0.234939
-0.059501	0.0867761	0.119733	0.39349	-0.354089	-0.0614194
0.120722	0.0434869	-0.15093	0.254559	0.242531	-0.057033
0.224647	0.584987	-1.19532	-0.556473	0.62694	-0.137826
0.258187	0.0340953	0.480982	0.530374	-0.621569	-0.0948625
-0.104685	-0.530413	0.11844	-0.103512	0.148453	-0.114754
-0.114058	-0.197459	0.193446	0.174568	0.0987198	0.458048
-0.101661	0.188659	-0.165491	0.065055	-0.16216	-0.0473629
-0.136064	-0.406289	-0.345128	-0.015502	0.194902	-0.0520273
-0.20201	0.252174	-0.160673	-0.162662	-0.283488	0.0837339
-0.163505	0.642707	-0.326691	-0.255159	0.193479	0.0403284
0.187369	-0.827492	0.163105	0.158824	0.19476	-0.0108707
-0.316372	-0.0982836	-0.217099	-0.566793	-0.31412	-0.180559
-0.110584	-0.184416	0.355198	-0.359461	-0.337205	-0.245598
0.0760655	0.227667	-0.0565719	0.458287	-0.0216336	-0.0702394
0.142181	0.052516	0.366401	-0.103575	0.155565	0.0078357
0.0833091	-0.30235	-0.558785	0.802315	0.092656	-0.0559273
-0.0290791	0.237139	-0.382006	0.128386	-0.0784071	-0.04522
-0.0155401	-0.185099	-0.388018	0.748345	0.220732	-0.324135
-0.275901	-0.453002	-0.275833	-0.115523	-0.0300324	-0.166522
-0.0755954	0.306064	-0.183941	0.367092	-0.779404	0.366088
-0.190805	-0.194449	-0.234223	-0.302663	-0.183997	0.0248817
0.174617	-0.316462	-0.604156	-0.230783	0.677662	0.545751
0.280697	-0.00333725	0.19441	0.479097	-0.603949	-0.268481
0.710053	-0.525526	0.199955	0.851202	0.481862	-0.221801
0.0771	-0.326864	0.78344	0.200874	-0.179105	-0.127834
-0.0970858	-0.232777	0.114771	-0.132785	-0.284555	0.0646355
-0.0535826	0.3852	-0.252613	0.16271	-0.173105	-0.10973
0.101161	0.0963897	-0.287111	0.246916	0.42049	-0.0262816
0.119419	-0.213015	-0.425341	0.505968	0.223115	0.0866468
0.134296	0.0698579	0.0516237	-0.233491	0.320225	0.352759
0.16306	0.0609586	0.00951072	0.386709	0.00568278	0.0256637
-0.127388	-0.0637036	0.102629	-0.159267	0.0286739	-0.102154
-0.217132	0.204196	-0.421563	-0.0213119	-0.202261	-0.0198139
0.174608	0.0087409	-0.0816539	-0.566403	0.432807	0.609888
0.0124883	-0.135696	0.497548	0.675634	0.234852	-0.479128
-0.156134	-0.0545948	-0.7086	-0.0954824	0.0864906	0.107178
-0.0849347	-0.331319	0.0543609	-0.078527	0.0499958	-0.0320561
-0.108443	-0.409498	0.0129872	-0.00893944	-0.258313	-0.00716985
-0.0989777	-0.547656	-0.346589	0.0332368	0.263994	-0.00913305
-0.159369	-0.347644	-0.17209	0.00976227	-0.111307	-0.0137009
-0.119215	0.298205	0.00510458	-0.418213	0.24581	0.18477
-0.0218398	0.507769	-0.376805	-0.301803	-0.534354	0.140403
0.381161	0.100257	0.394385	0.222614	-0.0542633	0.38698
0.0524313	-0.313724	0.140581	0.134927	0.215129	-0.042554
-0.220571	-0.0762399	-0.358425	-0.0992732	-0.184984	-0.018131
-0.176916	0.0745073	-0.184579	-0.286643	-0.0322292	-0.169624
-0.0481453	-0.387843	0.0477701	-0.121101	0.0193624	-0.054682
0.0409353	0.221426	0.121571	0.334742	-0.135688	-0.329306
-0.00801006	0.0484979	0.32429	-0.721837	0.0112016	-0.0109312
0.123127	-0.112857	-0.00421075	0.365902	-0.129363	0.232993
-0.0289678	0.1088	-0.379144	0.0635483	0.439346	0.12097
0.206397	-0.199999	0.86959	-0.0338176	-0.574221	-0.106996
-0.416334	0.593568	-0.368261	0.236671	-0.0718181	-0.412817
0.138336	-0.074153	-0.697684	-0.103445	0.587542	0.468101
0.105075	-0.121582	0.239012	-0.196915	0.565002	0.347576
-0.0648062	0.0790451	0.00405451	0.393123	-0.607675	-0.0580958
0.0154546	0.704855	0.395434	-0.625361	-0.209503	0.326132
0.372737	-0.712127	0.628703	0.201373	0.199929	0.116444
-0.0459069	0.166326	-0.648465	-0.0919215	0.0162869	0.0704392
-0.170887	-0.319087	0.138759	-0.185548	-0.26352	-0.141507
0.144669	-0.0589147	-0.154528	0.228125	0.642988	0.102703
-0.14333	-0.0982404	-0.245283	0.12413	0.123908	-0.164122
0.0775394	0.0226046	-0.043555	0.097178	0.122102	0.0745959
-0.145464	-0.450433	-0.340515	0.00685478	-0.0243561	0.0514853
0.120026	-0.139155	0.836332	0.773984	-0.0670539	-0.0192697
-0.00813509	0.143388	0.397555	0.169723	0.00378014	-0.624486
-0.0836667	-0.00748294	0.107932	-0.326168	0.0580773	-0.368098
-0.156471	-0.238134	-0.300623	-0.0621644	-0.200432	0.0908272
-0.102033	0.259664	0.499227	0.498334	-0.129215	0.717029
0.0279795	-0.0866246	0.36023	-0.227998	0.0293525	-0.708369
0.292226	0.323709	0.318459	0.17248	-0.49939	-0.16485
0.0273486	-0.443057	-0.159802	0.604905	-0.23737	0.44595
0.1335	-0.0882176	0.583648	-0.398898	0.771286	0.306998
0.658999	-0.611929	-0.591007	0.579688	-0.0798323	0.044741
-0.112547	-0.181168	0.408588	-0.717776	-0.105536	0.168307
0.255523	-0.571824	-0.247318	0.923782	0.336064	-0.0704927
0.173281	0.208992	-0.0210617	0.188197	-0.012679	0.25758
0.0115803	0.351645	-0.758004	-0.613876	0.387445	0.182136
0.170967	0.211413	0.0179514	0.100403	0.177724	-0.0104607
0.0347226	-0.0303406	0.0629192	0.201952	-0.0709972	0.0632794
-0.0529974	0.47194	-0.315761	-0.0882606	-0.284548	0.192909
0.0641986	0.212292	-0.415632	-0.472583	0.646365	-0.238929
0.281177	-0.595888	0.603556	0.106702	-0.716146	0.0710939
-0.212117	0.199592	-0.572731	-0.0867995	-0.257154	-0.209492
0.456325	-0.210028	0.669933	-0.00996102	0.378926	-0.191162
0.341141	0.503634	-0.40577	-0.148758	-0.419618	-0.361008
0.0974638	0.46361	-0.0313797	0.0450514	0.322626	-0.639454
0.325521	-0.0161699	-0.798066	-0.0211063	0.409773	-0.316014
0.617178	-0.0120158	0.0397658	0.308216	0.122133	0.136516
-0.00344854	-0.309082	-0.0247805	0.284537	0.229292	-0.189702
-0.0886219	-0.257132	-0.280967	0.16705	0.162116	-0.187551
-0.181948	0.033855	0.0642725	-0.298289	0.0684944	0.0267048
-0.0608151	-0.0463687	-0.201886	0.0828699	0.212171	-0.144363
0.0331184	-0.279585	-0.125717	0.376729	-0.314988	0.119548
0.0425427	-0.164549	0.257686	0.239238	-0.439817	0.140654
0.0994639	-0.0385958	-0.100447	0.733477	-0.433373	0.191469
-0.0827305	0.234646	-0.585834	-0.546138	-0.267934	0.226499
0.1378	0.437043	0.550647	-0.52889	0.0263697	-0.122766
0.147318	-0.0416258	0.0829486	0.178718	0.097748	0.151305
0.0154465	-0.0318332	0.267336	0.400869	-0.47255	-0.238702
0.0692593	-0.181495	0.209553	0.417103	0.274701	-0.192399
-0.0475577	0.265066	-0.424053	0.0537728	0.0105903	-0.0822795
0.229857	-0.0542395	-1.11634	0.677587	-0.00535982	0.0513217
-0.0701109	0.222005	-0.216637	-0.102987	-0.34276	0.0227612
0.336324	-0.403421	0.392245	0.249011	0.458411	0.139341
0.211379	0.245384	-0.512541	0.346111	0.244434	0.0681434
-0.109162	-0.497431	-0.0554057	-0.00312363	0.0194736	0.0278028
-0.0760373	0.212441	-0.377468	-0.074798	-0.124376	-0.0760026
0.757976	-0.544251	-0.021036	0.0609002	-0.421875	0.0418988
-0.00983904	0.456619	0.233107	0.239095	-0.732878	-0.00174082
0.0816916	0.0643846	0.243201	0.0345157	0.048696	-0.0913889
-0.287003	0.196402	0.312137	0.0951806	0.418782	0.092733
-0.524365	-0.124306	-0.332957	-0.08396	0.0140057	-0.0379563
0.262374	-0.0309502	-0.226832	0.0784102	0.411383	0.456845
0.0729566	0.271257	-0.0801562	0.244375	-0.183096	-0.869836
0.188105	-0.260117	0.337843	0.552798	-0.136329	-0.158073
-0.214406	-0.533862	-0.296719	0.16647	-0.00680822	-0.171196
0.149518	0.224859	-0.34063	0.127351	0.0858928	0.441901
0.319841	-0.0244979	-0.520232	-0.0139863	-0.844115	-0.0539464
0.0583312	0.29158	-0.314585	-0.0691698	-0.278181	0.175449
-0.0187762	0.168461	-0.285799	0.313493	0.0283027	-0.382926
-0.193649	-0.363063	0.310143	0.321574	-0.340403	-0.305439
-0.0654579	-0.152324	-0.234176	0.0168238	0.114819	-0.240728
0.104527	-0.0318915	-0.315427	-0.202842	0.564728	0.21431
0.0808919	0.167313	0.0144854	-0.00735398	-0.457144	-0.230439
0.037979	0.116964	0.342309	-0.424139	-0.39579	-0.0318017
0.411394	-0.0394961	0.342273	-0.113601	0.273897	0.401458
0.332875	-0.0516389	0.271216	-0.182786	0.3185	-0.265637
-0.118604	0.100581	-0.62615	0.2575	-0.622953	-0.144818
0.0748925	-0.266936	0.53255	-0.252825	0.285927	0.21978
0.510059	-0.362256	-0.153903	-0.0555458	0.742432	0.505149
0.635901	-0.437465	-0.832785	0.662562	-0.0182978	0.56845
0.361642	0.0780815	-0.0877525	0.68871	-0.17873	-0.529056
0.119763	-0.189861	-0.496837	0.108102	0.289789	0.483125
-0.228078	0.366522	-0.184001	-0.349123	-0.498335	-0.326807
-0.151621	-0.231802	-0.614309	-0.177294	0.0529493	0.259861
-0.00779155	-0.412583	0.0468446	0.183644	0.114621	0.00387525
-0.123623	-0.190354	-0.0386838	-0.0495032	-0.355251	-0.169729
0.461493	-0.423897	-0.0428609	0.0212537	0.404807	-0.134418
0.30491	0.485142	-0.352961	-0.238422	-0.549503	0.668884
-0.0207394	0.285844	-0.400268	-0.497091	-0.0678233	0.168325
0.187579	-0.0904485	0.329338	-0.339423	0.391404	0.349784
-0.00116681	-0.033095	-0.39257	0.129455	0.166825	0.00753349
-0.290556	0.0677472	0.125312	0.217137	-0.195149	0.0781996
0.0688162	-0.117459	-0.511202	0.263109	0.40508	0.0545782
0.137081	-0.364246	-0.328014	0.585146	0.154814	0.239029
0.019396	0.759116	0.424622	-0.440174	-0.487635	-0.917304
-0.0362413	0.356945	0.0125681	-0.271843	-0.0979337	-0.197888
0.234982	0.175352	-0.280999	-0.165913	0.107129	0.126763
0.341951	-0.0919313	-0.0957882	-0.141113	-0.151843	0.123072
0.0371854	-0.0906141	0.334382	-0.130258	-0.442968	0.475235
-0.249895	-0.432409	-0.313456	0.0657023	-0.133958	-0.0597536
-0.0651757	-0.15445	-0.0883515	0.339759	-0.589658	-0.154687
0.232132	-0.638443	0.334955	0.0322398	0.0623126	0.518894
-0.00869655	-0.0542239	-0.076526	0.547996	-0.245373	0.119551
-0.308128	-0.281632	-0.369398	0.238626	0.286776	0.0406961
0.221151	-0.118496	-0.268799	0.925017	-0.396482	-0.0544083
-0.124209	0.115723	-0.403175	0.477166	0.626063	0.053123
0.295215	0.0780402	0.566535	0.33769	-0.00420389	0.140604
-0.104458	0.349458	0.661465	-0.298644	0.317215	0.315666
0.00893477	0.0270666	0.0183497	0.185074	0.156274	0.0684698
-0.0404607	0.249319	-0.0001566	0.450898	-0.773849	-0.145681
0.0288114	-0.254731	0.125293	0.2888	-0.0669825	0.106746
-0.116483	-0.269792	0.0474985	-0.217892	-0.000913245	-0.0433876
-0.288113	0.0170558	0.138974	0.00740142	-0.270015	0.210078
-0.222643	0.167966	0.625054	-0.0618019	-0.828939	0.00996532
-0.145455	0.30052	-0.159462	-0.160031	-0.268534	-0.0533524
-0.588539	0.964434	-0.462874	-0.0757271	0.222367	-0.0529046
0.0690033	-0.0131352	0.0425461	0.202072	0.151579	-0.0967099
0.0460751	-0.347622	-0.382334	0.160603	0.341173	-0.0819552
-0.586394	-0.322804	-0.0783869	0.140005	0.214163	0.0390296
-0.0787372	-0.437331	0.135136	0.103888	0.012331	-0.0177398
0.434264	-0.321939	0.412193	-0.405511	-0.0620849	0.021221
-0.752105	0.0533138	0.135189	-0.305864	0.110907	-0.0762245
-0.142035	-0.0439188	0.229807	-0.0978792	-0.10882	-0.0219991
-0.600127	0.468883	-0.2179	0.165978	-0.148143	0.0730257
0.133039	-0.180574	-0.0922339	0.5368	-0.233757	0.124627
-0.219308	-0.253016	-0.129882	-0.246484	-0.291276	-0.00811299
-0.0473208	-0.0781289	0.0277653	-0.0592554	0.369047	0.0966135
-0.00994947	-0.0221832	-0.500532	0.574714	-0.0186582	0.272989
-0.000793972	0.160007	0.0791954	-0.113774	0.0760374	-0.13859
0.0389424	-0.0644607	0.0733357	0.148803	0.181241	-0.195553
0.0553134	0.403781	-0.25397	-0.539344	-0.650089	0.869621
0.103894	-0.335152	0.36776	0.215504	-0.109436	-0.0424231
0.377475	-0.00760108	-0.792968	0.258699	0.120743	0.170605
0.296763	-0.132494	0.255618	-0.0637608	0.0849233	-0.0508137
0.057766	0.133539	-0.29288	0.319158	0.0674886	-0.779974
-0.115598	0.451859	0.509263	-0.110787	-0.291585	0.18742
0.31648	-0.0251203	-0.298224	0.00117975	0.749928	-0.0598362
0.185564	-0.0806564	0.392642	0.279023	-0.424934	0.0503503
0.265689	-0.201995	0.456558	-0.177011	0.0884957	0.109531
0.336588	-0.00426574	0.387627	0.225823	-0.335238	-0.287001
0.792814	0.257483	-0.412284	-0.711265	-0.427149	0.284053
-0.00175599	0.190531	-0.0725489	-0.441384	0.0170157	0.195789
-0.248929	-0.072376	0.298386	0.536628	0.153983	0.0851329
-0.0592416	0.0593283	-0.260166	0.0851936	0.039389	-0.147765
0.117995	-0.0742243	0.21806	0.676752	-0.232162	0.256237
-0.0175625	0.101264	0.98743	0.107111	-1.37835	0.0469201
-0.152468	-0.556922	0.322413	-0.0831612	-0.168376	0.312531
-0.699733	0.248921	-0.31787	-0.108069	0.0615798	-0.0728292
0.195869	0.0398636	0.386086	0.227747	-0.165276	0.619883
-0.71679	-0.238411	0.203002	0.0487365	-0.192732	-0.284744
-0.101515	-0.359305	-0.0285316	0.242613	-0.444402	0.1005
-1.39834	-0.157586	-0.231458	-0.0277603	0.175689	0.130813
-0.0221767	-0.626321	0.233541	0.0494346	0.00668335	0.213304
0.026601	0.311949	0.505859	-0.153509	-0.326769	0.139998
0.472611	0.226724	0.341401	-0.126787	-0.258644	0.15896
-0.701579	0.377756	-0.048551	-0.00201664	-0.0867884	0.0386747
-0.242358	-0.0361783	-0.231194	-0.274367	0.468169	0.0333846
-0.0971559	0.158094	-0.311342	0.148504	0.0136393	-0.0869437
-0.0170672	-0.745737	0.114034	0.507981	-0.0716618	-0.123912
0.00332308	-0.16114	-0.0254014	-0.0255009	0.173628	0.167586
0.120363	-0.314293	0.266676	0.0950851	0.379792	-0.00712497
-0.0171169	0.183728	-0.666419	-0.203026	-0.495265	0.217783
-0.171733	-0.510206	-0.0255296	-0.162761	-0.195579	-0.046499
-0.058307	-0.253148	0.0136212	-0.0472213	0.22725	-0.00372227
-0.342299	-0.695552	-0.123208	-0.173147	-0.212581	-0.00359382
0.111384	-0.0392455	0.0407906	0.290507	0.268275	0.119965
0.114504	0.0505075	0.602085	-0.167715	0.0355922	-0.055349
-0.686732	0.545403	-0.0260311	0.0994143	0.176473	0.0390043
0.195552	0.222844	-0.565166	0.732902	-0.325555	0.123846
-0.0917666	0.143718	0.128325	0.406118	-0.0511917	0.0115613
0.351237	-0.1042	0.583323	0.225556	0.273743	0.0642632
-0.353656	-0.147729	-0.363245	0.0203611	-0.228148	0.137303
-0.159121	-0.508443	-0.17649	-0.311061	0.130867	-0.0926823
0.519272	-0.0233678	0.095634	-0.144343	0.66476	-0.132231
0.619738	-0.0776138	0.161267	0.080426	-0.0541501	0.148558
0.303664	-0.191684	0.729042	-0.0833111	0.164219	0.0257764
-0.0941933	-0.232965	0.0168111	-0.153168	0.200419	-0.199347
0.126934	0.237311	-0.0439473	0.211953	-0.157823	-0.0626608
-0.177523	-0.172837	-0.324234	-0.0466082	0.0500371	-0.190976
-0.239772	0.160658	0.414747	0.0178178	-0.418485	0.0820268
0.0862916	0.0719863	0.106257	0.261914	0.0410578	-0.299308
0.00524228	-0.260894	0.283541	0.245395	0.210796	0.126007
0.0147127	0.138431	-0.343021	0.17431	-0.258545	0.158908
-1.10128	0.308535	-0.0394857	0.0155183	-0.113545	0.0819537
-0.398809	0.0191401	0.0836513	0.00559123	-0.332204	-0.0797014
0.0929247	-0.207434	0.337607	0.148977	0.318263	-0.113688
-0.474882	0.277311	-0.866002	0.050309	-0.0193892	0.0579068
-1.11218	0.899472	0.442953	0.255398	0.0634773	0.0531916
-0.745079	0.0721585	-0.0477535	-0.368265	0.112585	0.112549
-0.319688	-0.154321	0.543821	0.360316	0.323938	0.0228983
-0.088911	-0.364902	-0.267221	-0.102501	0.456504	-0.106631
-0.540903	0.169647	0.868414	0.0848144	-0.19912	0.00195886
-0.295157	-0.306633	-0.590525	-0.0878666	-0.240693	-0.118156
-0.118881	-0.220691	-0.0163976	-0.0997508	-0.259074	0.0490265
-0.167651	0.328019	-0.478587	-0.397367	-0.360188	0.146174
0.268599	-0.266846	0.216874	0.475762	0.103826	-0.246774
-0.130207	0.259377	-0.103866	-0.0960421	-0.201658	0.214527
0.159316	-0.261447	-0.0869823	0.451138	0.587904	0.21015
-0.617579	0.626896	0.343542	-0.307321	-0.417271	-0.190766
-0.414248	0.383817	0.0799979	-0.519552	-0.0852041	-0.226181
0.346354	-0.36351	-0.424272	0.698549	0.476619	0.00238321
0.0435661	-0.265993	0.860489	0.275334	-0.116021	0.335106
0.064959	0.0832478	0.785854	-0.0978658	-0.18204	0.0709446
0.00032451	-0.0937441	-0.569523	0.351525	0.732038	-0.0921178
0.15534	0.0350826	0.31507	-0.133084	0.379864	0.029035
-0.0534055	0.0916862	0.326662	-0.0505512	-0.471562	0.153498
-0.134074	0.301897	-0.0599816	0.16003	-0.0858675	0.132581
0.0326299	-0.237596	0.344135	0.0197377	0.0803008	-0.0477644
-0.218112	-0.185135	-0.188015	0.408333	0.290624	-0.0629909
0.14548	-0.0761977	-0.0906495	0.0150659	-0.35217	-0.0893357
-0.177586	-0.365512	-0.257741	0.115713	-0.111956	-0.206795
0.277297	0.150373	-0.215873	-0.276964	-0.11152	-0.141384
-0.272527	-0.633737	0.0482828	-0.415672	-0.142454	-0.110455
-0.335859	0.0114232	-0.0399884	0.202911	-0.434016	0.660715
-0.434943	0.386929	0.559951	-0.523187	0.29955	-0.331875
-0.282586	-0.102975	-0.180981	0.0444279	-0.12641	0.0576669
-2.37383	0.802579	0.196583	0.19472	0.0874195	0.0786935
0.071816	0.1638	0.313493	-0.637524	0.264865	0.0843933
0.109069	-0.294418	-0.566888	0.380703	0.50319	0.0376188
-0.00746864	-0.145488	-0.35837	0.317284	-0.051632	0.242266
-0.225528	-0.684369	0.129347	-0.327447	-0.269745	0.0286295
0.318137	0.288669	0.033624	-0.557214	-0.0202965	0.0347856
-0.0242197	-0.511492	-0.143502	0.0416025	0.255383	0.183484
0.484782	0.0500226	-0.620648	-0.181507	0.662998	0.0352563
0.112688	-0.502145	-0.16837	0.625155	-0.281928	-0.0529734
0.028786	0.00618162	0.226583	-0.755741	0.359984	0.13949
0.0480591	0.147214	0.229371	-0.0237846	0.12894	0.0913125
0.383708	0.17857	-0.374107	-0.498325	0.824983	-0.0468131
0.0203469	0.186206	-0.719999	-0.301186	0.420051	-0.0792615
-0.266472	-0.539512	-0.208987	0.197569	-0.0317857	-0.426192
-0.200492	0.104605	0.175099	0.458904	-0.0395885	-0.0206373
0.00866149	-0.753476	0.372848	0.332517	-0.244198	-0.0196638
0.192585	-0.0135511	0.514818	-0.368528	-0.0597488	-0.118174
0.163356	0.403211	-0.608882	-0.944238	-0.0655855	0.19461
-0.191847	-0.721076	-0.0503104	-0.0918056	-0.0370549	-7.59241e-06
-0.437256	0.29059	-0.212178	0.0954508	0.432673	-0.0700513
-0.0727969	-0.394274	0.181927	0.0173121	-0.353392	-0.0140189
0.170286	0.0606873	0.158052	0.0516056	0.0432704	0.154163
-0.405077	0.632855	-0.177498	-0.452662	0.493704	-0.241384
-0.307227	-0.613846	-0.443439	-0.221842	-0.310789	0.0525397
-0.308446	0.302234	-0.00587236	0.050662	-0.219913	-0.491144
0.0962126	-0.0502215	0.70404	-0.412989	-0.248433	0.0698666
0.207025	0.0687487	-0.0106284	0.510849	0.0757519	-0.175321
0.026882	-0.351179	-0.44088	-0.0209588	0.414766	0.285109
0.372273	-0.210304	0.218015	0.335952	0.465564	0.303686
0.0710057	0.234904	0.121585	-0.0668244	-0.169527	-0.0694196
0.33474	0.307167	-0.175618	-0.552284	0.282981	-0.0183397
-0.154551	-0.385009	-0.0203816	-0.0899634	0.0596057	0.0838635
0.46724	0.123233	-0.336096	0.00675973	0.301152	0.247257
0.0888036	0.111024	-0.113703	-0.0347481	0.689244	-0.0221336
0.0253611	0.150152	-0.100568	-0.0985137	0.190825	0.00433468
-0.00237142	0.331783	0.0374674	0.174668	-0.191613	-0.0495192
-0.00407335	-0.142105	-0.0496399	0.0723805	-0.0167499	0.133958
0.1581	-0.23342	-0.0676992	0.360378	0.179739	0.102495
0.0839614	0.244406	-0.242077	0.28286	-0.841481	0.0873891
0.0506819	-0.388454	-0.654163	0.598403	0.353512	-0.0178713
-0.103039	0.161948	0.186572	-0.826595	-0.112671	-0.136258
-0.030086	0.0130947	-0.0592809	0.346585	-0.348443	-0.237614
0.177876	0.0748807	0.448061	-0.0830264	-0.218161	0.208825
0.0859635	-0.101565	0.124445	-0.061154	0.469258	-0.430545
0.0352334	0.0470714	-0.292556	-0.101076	0.58889	-0.338313
-0.351708	0.307516	0.111304	0.394202	0.638187	0.107016
-0.313774	0.637159	0.556235	-0.333544	-0.00815773	0.0730488
-0.227235	-0.148725	-0.126565	0.099569	0.269593	0.0172886
1.02769	0.00857636	-0.0756219	-0.625045	-0.726472	0.0860958
-0.0424654	-0.0351315	0.280513	-0.126125	-0.451137	0.0338627
0.0787968	0.445312	-0.235786	-0.125925	-0.137737	-0.258703
-0.117019	-0.193224	-0.3209	0.0548072	0.124867	0.0489844
-0.15269	0.120103	-0.0129063	0.198603	-0.215804	-0.205881
-0.0353213	0.477503	-0.405329	0.104837	-0.471919	0.245671
-0.0260449	0.0205895	0.291048	0.188467	-0.396086	0.393432
0.0737341	0.0804075	0.0330136	-0.0565338	0.479169	-0.464
0.0376889	0.0678715	-0.0440641	0.669274	0.115355	-0.00198999
-0.0720816	0.0812987	0.229832	0.0178085	0.0988989	-0.273839
0.456359	-0.0336073	0.0941942	-0.334771	-0.125208	-0.182878
0.262317	-0.128101	-0.133333	-0.152817	0.693902	0.502795
-0.153057	0.343117	0.738755	0.0398704	0.0579561	-0.0578857
0.295987	-0.113288	0.320149	-0.214749	-0.01392	0.773244
-0.119659	-0.00895869	0.0743205	0.832359	-0.409683	0.573827
0.0992449	0.147908	0.16724	-0.168254	0.386242	0.208158
0.303419	0.271252	0.0660399	0.292073	-0.0364381	-0.0321446
-0.337462	0.254426	-0.209991	-0.155729	0.277157	-0.134972
0.132915	-0.0368323	0.22816	-0.162768	-0.481323	-0.0097533
-0.33464	0.925296	-0.0392472	-0.386814	0.130758	0.229006
0.116066	0.110953	0.818166	-0.0361636	1.00192	-0.695038
-0.111564	-0.496775	0.179081	0.135828	-0.336609	0.0160969
0.0573601	-0.360634	-0.514122	0.399461	-0.0716752	0.566052
-0.0571	-0.370522	-0.293019	-0.416538	0.366218	0.171702
-0.10497	-0.0932229	0.233548	0.0502011	-0.307626	0.0869835
0.337066	-0.16072	-0.100554	0.489939	-0.00204525	0.0207865
-0.226087	0.183144	0.188747	-0.479768	0.124205	-0.025123
-0.628193	0.241792	0.326011	-0.385313	-0.104231	-0.479986
0.187152	0.0869284	-0.0160633	-0.142211	-0.348866	-0.295913
0.199918	-0.0799764	0.381419	-0.146402	0.274115	0.235939
-0.146008	0.108938	0.111417	-0.0932488	-0.317563	-0.0345275
-0.149013	0.512762	0.382938	0.198606	-0.333584	-0.155649
-0.193036	-0.317076	-0.433526	1.04903	0.109699	0.202914
-0.139843	0.813945	0.109691	-0.788566	-0.318858	0.0928046
0.343898	-0.107423	0.378574	0.665939	0.235858	-0.0919435
-0.540358	0.0693166	0.258109	-0.277865	0.644455	0.110674
-0.328402	0.349457	-0.154557	0.499396	0.44229	0.0940501
0.362991	0.306802	0.731765	-0.114681	0.225993	0.653642
0.521679	0.0611521	0.120036	0.196483	-0.14781	0.813929
-0.00939828	0.324679	-0.859712	0.160571	-0.328049	0.206038
0.608915	0.122094	-0.162925	0.433012	-0.179997	1.01222
-0.0588598	0.273422	0.232614	0.0476215	-0.238854	0.0678713
-0.429755	0.666965	-0.806797	-0.907265	-0.871738	-0.242778
0.185302	-0.0449575	0.2537	0.255748	0.375309	0.187356
0.00976931	-0.0899513	-0.0144432	0.39388	-0.0268382	-0.28704
-0.117614	-0.144729	-0.205628	-0.0415972	-0.0576828	-0.108436
-0.094206	0.163472	-0.391888	-0.258896	-0.179392	-0.0871762
0.180943	-0.0681953	-0.0587665	-0.139194	0.109129	-0.0450989
0.0974915	-0.0111734	0.0206586	-0.309432	0.542523	0.0407006
-0.0288182	-0.00705396	-0.033163	0.145271	-0.0939024	0.0859622
0.134578	0.0488244	0.504497	-0.176145	0.107481	0.0977477
-1.36477	0.412544	0.17237	0.228629	-0.173955	0.0825428
-0.390524	0.236883	0.880127	-0.122536	-0.311713	-0.125498
-0.035349	0.217237	-0.0190368	0.283791	-0.233965	-0.0763618
0.140402	0.512349	0.156381	-0.284957	0.502482	0.191103
0.122446	0.023927	0.0123318	0.122796	0.0539575	0.371463
0.0303195	0.159282	-0.0997544	0.324895	-0.626094	-0.0392236
-0.0498317	0.0980534	-0.252724	0.0251485	-0.0719827	-0.079882
0.0302501	-0.311568	0.277685	0.255952	0.0301911	-0.0679571
-0.0526948	-0.187318	-0.0666692	0.193393	0.279792	-0.0933327
0.0363892	0.0389002	0.0401999	0.313917	0.253647	-0.202157
0.25572	0.263893	0.434994	-0.76207	0.261962	0.241456
0.109823	-0.0207895	0.333421	0.421186	-0.316901	-0.0746971
0.0574777	0.0655629	-0.289985	0.5221	-0.0715694	-0.112487
0.0485922	0.141327	-0.105555	0.423967	0.162187	0.0915218
0.0891859	0.357709	-0.0720941	-0.51345	0.501301	0.551102
-0.0865202	-0.0977357	0.0816412	-0.285085	-0.0420117	0.070992
0.0130166	0.0533167	0.531758	-0.408405	0.0668708	-0.216232
0.258574	-0.057279	0.65075	0.620488	-0.883238	-0.150853
-0.152852	-0.126716	-0.419938	-0.131421	-0.244029	0.32917
-0.0441173	-0.0613272	0.433341	-0.550118	0.0990257	-0.0828721
0.105972	-0.362363	0.413424	0.330444	0.200049	-0.27413
-0.45484	0.5905	-0.74214	-0.0799376	-0.0107603	0.621395
0.504117	-0.449166	-0.0978503	0.728569	0.56048	0.264528
0.168588	-0.0390671	0.0885977	-0.0294926	0.218008	0.302342
0.283602	-0.227238	-0.186637	-0.693277	0.469723	-0.0455567
0.0221094	0.39003	0.132612	-0.362369	-0.0394767	-0.10866
0.157349	-0.600694	0.396963	-0.0619311	0.101684	0.137005
0.0839339	0.318705	0.36022	-0.565006	-0.102039	-0.00153536
1.10951	-0.243751	-0.188242	0.976727	0.29924	-0.208457
-0.142953	-0.0818339	0.0109521	-0.169727	-0.123827	0.0222989
0.153837	-0.0851654	-0.183896	0.679544	-0.0102255	-0.160612
0.178462	0.396824	0.218865	0.145614	0.171351	0.0209683
-0.149639	-0.10479	0.087282	0.242848	-0.0953842	-0.00827817
0.757269	0.165075	-0.218116	-0.0119579	-0.351752	0.00968526
0.251618	0.452864	-1.04873	0.321358	-0.336979	-0.151326
0.392282	-0.41859	0.49696	-0.257203	0.436776	0.0873353
0.31971	0.216277	0.354972	0.184949	0.746167	0.197158
-0.134425	-0.00828899	-0.366902	0.177486	0.124475	0.0215793
0.464289	-0.147519	-0.269084	0.751307	0.246051	0.540849
0.081864	-0.292823	-0.0903638	-0.179347	0.485023	0.107739
-0.317806	-0.0297803	-0.105868	-0.708547	-0.311399	-0.0165838
-0.0203744	-0.218442	-0.302741	0.160201	0.23219	-0.0372954
0.334524	-0.116014	0.987938	0.102427	-0.16298	-0.571809
-0.335259	-0.0908003	-0.109062	0.202805	0.0190081	0.0100082
-0.276567	0.0641918	-0.0462444	0.448876	0.227489	0.0926392
0.0361633	-0.0279062	-0.624119	0.274617	0.0856618	0.0583014
-0.514984	0.0217882	0.0654773	0.303608	0.060925	-0.0585574
0.0327759	0.0850912	-0.158842	0.408098	0.146779	0.194152
-0.476481	0.635614	-0.11192	-0.0593002	-0.174373	-0.0132176
0.30548	-0.128824	0.516209	0.498561	0.148808	-0.0207454
0.0715517	-0.188404	-0.238066	0.199875	0.20497	0.443441
-0.200067	-0.596096	-0.0824939	0.0816151	0.083991	-0.0503134
0.688327	-0.409907	0.26251	0.313278	0.369576	0.189433
0.00883698	-0.179501	0.179964	0.0359442	-0.0205814	-0.117659
0.00896458	0.258727	0.181442	-0.309947	-0.269657	0.298122
-0.48651	-0.0269663	0.222647	0.00529413	0.0224956	0.0463721
0.369835	0.0440807	-0.0697881	-0.112467	-0.192773	-0.00466939
0.0853465	0.0824168	-0.303643	0.24186	0.06451	0.00877168
0.209299	0.198635	-0.0937985	0.195261	-0.293962	0.0814943
-0.00495341	-0.191042	0.16099	-0.0307722	0.0991592	0.076797
-0.274476	-0.349893	0.0929577	0.0994169	0.0239499	0.0268803
0.0508219	-0.164753	-0.0265357	-0.0700415	0.167673	0.0261343
-0.0562769	-0.209316	-0.212185	-0.25774	0.247606	-0.011053
-0.48784	0.629587	-0.229873	0.0700842	-0.100269	0.0167572
-0.109308	0.538346	-0.511718	-0.0352185	0.152658	0.0192556
0.525908	0.138527	0.895124	0.475903	-0.188419	-0.0833571
0.131629	0.179778	0.379077	-0.114122	-0.0185289	0.100698
-0.381856	-0.32449	0.225327	-0.199988	0.101047	-0.00125289
0.452612	-0.240844	0.0249947	-0.095616	1.19526	0.00113353
-0.0649826	-0.0388607	-0.129122	0.260061	-0.143719	-0.149815
0.163008	0.540706	-0.406153	-0.433888	0.342391	-0.00327343
0.57896	0.11478	-0.128899	-0.0550628	-1.11584	-0.134291
0.166787	0.110406	0.272138	0.210114	-0.0312671	-0.169289
-0.105936	0.102802	0.393415	-0.197486	-0.135818	0.155845
0.343191	0.424173	0.489929	0.172581	0.179668	0.11092
-0.044465	0.338581	-0.28798	-0.1778	0.115733	-0.0754029
0.63191	0.0844661	0.0465601	-0.111268	0.0070692	0.0872182
-0.141088	0.523197	-0.233254	-0.181406	-0.272446	0.0491583
0.112005	0.0544759	-0.118988	0.453674	0.271423	-0.164436
1.3029	-0.459355	0.353019	0.611861	-0.0197273	0.070252
0.57914	-0.283418	-0.289313	0.272441	0.509283	0.00781282
-0.0429982	-0.268833	-0.216411	0.31149	-0.087439	0.133743
0.154565	-0.175969	0.525921	0.262888	-0.0550933	-0.391475
-2.35906	0.606482	0.155397	0.0606418	0.189453	0.00769627
0.669943	-0.315079	0.584553	0.0867418	0.175508	0.0789746
0.291991	0.128102	0.801559	0.44545	0.0226123	-0.0865926
0.0931811	0.0389133	-0.554409	-0.0831009	-0.00784584	-0.092306
-0.148384	-0.408752	0.0700084	-0.205561	0.0605838	-0.11463
-0.31171	-0.219994	-0.279094	-0.243077	0.101097	0.456908
0.307685	-0.260336	0.267624	0.715008	0.0123513	0.276167
0.18992	-0.209754	-0.291739	0.376212	0.786274	-0.0670362
-0.0580411	0.0851775	-0.928346	0.387728	0.112158	-0.141402
-0.625742	0.143421	0.478263	-0.141815	0.280171	-0.190946
-0.00353003	-0.109558	0.341732	-0.604774	-0.194863	0.340368
-0.00214884	0.30534	-0.396278	-0.969788	-0.123538	-0.143405
-0.192165	0.262027	0.201388	-0.114308	-0.197387	-0.0450182
-0.806957	1.06629	-0.0189878	-0.139501	-0.062285	-0.156131
-0.213724	-0.176024	0.192969	-0.629102	-0.0471162	0.0247117
0.123494	-0.147559	0.693833	0.215219	0.0162431	-0.704754
-0.0525939	-0.521455	-0.11303	0.0686817	-0.047376	0.264866
-0.107478	-0.0571465	-0.00241369	-0.167757	-0.0234977	-0.0828484
-0.380253	0.756367	-0.372661	0.0906725	-0.467327	0.109085
0.421027	-0.416699	0.575312	-0.705326	0.488846	0.296064
-0.123955	0.0480674	-0.0615506	0.198876	-0.138072	-0.00300551
0.0409765	-0.417549	0.0918858	0.24841	0.0936441	0.0302348
0.330017	0.0580869	-0.0954123	0.204949	0.723225	-0.107053
-0.0874078	-0.291502	0.203801	-0.0459585	0.187043	-0.0268936
-0.144038	-0.305625	-0.147572	0.144087	-0.0591622	-0.1167
-0.591256	0.0587089	0.0288937	0.132789	-0.105131	0.0226916
0.762139	-0.0504	-0.188523	-0.516251	0.452696	0.212286
-0.030388	0.185965	0.0104164	-0.115913	-0.459922	0.074343
0.0147548	0.371827	-0.109805	0.174622	-0.0347753	0.00659525
-0.0212271	-0.0823166	0.0491861	-0.299871	0.163129	-0.0229234
-0.0916473	0.0466053	0.444787	-0.35136	0.630699	0.268506
-0.020216	0.0426402	0.0790911	-0.000356261	-0.338465	0.0193355
0.103004	0.0648245	-0.165353	-0.125035	0.453996	0.00620334
0.195139	0.155805	-0.57019	0.376682	-0.26674	0.0008768
0.225887	0.497589	-0.108648	-0.72098	-0.359393	-0.151146
0.178266	-0.39771	-0.159445	0.57723	0.510005	0.165477
-0.436	-0.0179541	1.11434	-0.34015	-0.353919	0.289798
-0.422532	-0.103694	-0.350874	0.0236794	0.187118	-0.303343
-0.141772	-0.524687	0.225501	-0.220038	-0.228025	-0.159539
-0.174924	0.206564	0.0118052	0.117353	0.0543164	0.216023
-0.711623	0.40956	0.344093	0.355609	0.00540729	-0.0487538
-0.943884	0.399203	-0.0897328	-0.205486	0.0611412	0.0617508
-0.371249	-0.0843341	-0.474818	-0.196605	0.194517	-0.0156024
-0.0360477	0.220511	-0.100356	-0.269021	-0.0691245	0.514182
-0.589043	0.311546	0.576498	0.304186	0.056397	-0.00256182
-0.406785	0.397269	0.389665	0.803998	0.179615	0.0412455
-1.18795	1.04196	-0.0119493	0.209315	0.0566106	0.019176
-0.206735	-0.08818	0.00684879	0.196111	-0.488314	-0.3832
-0.101333	-0.0845162	0.144944	-0.0126474	-0.16418	-0.0779294
-0.160426	0.674654	-0.299657	-0.0172988	0.182409	0.13583
0.0535696	-0.142505	0.0608793	0.380346	0.0538123	-0.0464009
0.450399	0.433383	-0.603388	-0.52562	-0.377004	-0.734839
-0.730677	0.40041	0.215	0.0979891	-0.329567	-0.0821932
-0.347364	-0.00292514	-0.16545	0.373011	0.182042	0.310708
0.581636	-0.064502	0.204829	-0.408907	0.358702	0.540427
-0.0742934	0.441589	0.231585	-0.141833	0.0129363	0.186088
-0.0604749	0.239084	-0.347178	-0.422767	-0.119867	-0.346896
-0.0324907	0.0450586	-0.110272	-0.138392	0.204983	0.0346796
0.146455	0.0607327	-0.354566	0.37157	-0.641912	0.545083
-0.262846	0.148057	0.364096	0.410369	0.149746	-0.0144647
-0.43589	0.246817	-0.739406	-0.149411	0.251183	-0.047554
-0.997589	0.0651942	0.00520694	0.396779	0.253105	0.225995
0.310997	-0.354049	1.01418	-0.0827894	0.386253	0.0423465
0.124894	-0.137916	0.12972	0.275527	0.119146	0.108885
0.142859	0.0530729	-0.477635	0.281425	0.461595	0.309716
0.0218779	0.189698	-0.184316	-0.0941395	0.0520377	0.116507
0.0946217	-0.427102	0.622242	-0.0350372	-0.110294	-0.491056
-0.0519451	0.385658	0.169315	0.311403	2.44577e-05	0.536889
0.440977	0.137289	0.246815	-0.133687	-0.0796803	-0.220138
-0.198615	0.150311	0.119584	-0.202751	-0.624698	-0.492079
0.250153	0.00436392	0.056741	0.193602	0.341508	0.553272
-0.0504608	0.243041	-0.0854082	0.422709	0.280214	0.122345
0.0346067	-0.0838931	-0.736132	0.644532	0.0839826	0.0750029
0.242781	-0.139409	0.513041	-0.557655	-0.340628	0.0858727
-0.338619	-0.321876	-0.552903	-0.397334	-0.207102	0.0306006
0.248868	-0.0929885	0.301967	0.325703	-0.0461462	0.0354613
0.954426	-0.453595	-0.0173256	0.655561	0.313337	0.00732393
-0.441526	0.331857	0.145896	0.115369	0.142904	0.150264
-0.944431	0.719278	-0.0479454	0.56123	0.234477	0.130701
0.235617	-0.274622	0.573121	0.105298	0.20159	0.00329267
0.243697	-0.469753	0.045415	-0.137971	0.0565118	-0.310935
0.150864	-0.124768	0.322513	0.0127516	0.475908	-0.232229
0.295431	-0.143942	0.23941	0.120329	-0.353	1.13755
0.0442602	0.113917	-0.229471	0.354627	0.132953	-0.0717756
0.0255783	0.394788	0.155452	-0.814695	-0.814093	0.20219
-0.0225135	0.112593	0.643095	0.139042	-0.0704012	0.168653
0.509923	-0.164685	-0.57166	-0.178839	0.493209	-0.0986723
0.495267	-0.13795	0.171736	0.141902	-0.497501	0.0328849
0.230989	0.12461	0.20141	-0.174013	0.597069	-0.289195
-0.237778	0.07177	-0.408493	-0.578901	-0.265752	0.149249
-0.0539624	0.098351	0.158085	0.0790708	-0.313505	-0.182159
-0.131031	0.445303	-0.0573342	0.267832	-0.515517	-0.145254
0.318333	-0.034983	0.130788	0.545965	-0.34232	-0.0282044
-0.900443	0.563086	0.00961418	0.378064	0.312617	-0.028229
-0.795701	0.317428	0.0268796	-0.419291	0.314923	0.00324228
0.0767526	-0.107936	0.630727	-0.594862	0.00195733	-0.311463
0.0309831	0.0777209	-0.0828852	-0.172227	0.154804	0.148293
0.00461462	0.0109931	-0.148016	-0.00465907	-0.252282	0.200653
0.11061	0.0360521	0.855419	0.326545	-0.232325	-0.447028
-0.084837	-0.136067	-0.414275	0.17602	0.0922418	0.111675
0.161183	-0.22787	0.21099	0.147036	0.593568	0.00787374
0.133038	-0.224264	0.557783	0.0668241	-0.586036	0.0599114
-0.184169	-0.163024	-0.265033	-0.294031	-0.194934	-0.0221699
-0.21648	0.198031	-0.445492	-0.394849	0.0941588	0.0735365
-0.117988	-0.175452	-0.132613	-0.228276	-0.205752	-0.0752296
0.0412468	0.0481713	0.175168	0.18795	0.116091	0.086535
-0.149475	-0.62726	0.0780164	0.109902	-0.080352	0.0353909
0.134552	-0.102052	0.245359	0.0538318	0.364806	0.204255
-0.0749742	0.0245905	0.468235	-0.300824	-0.180872	-0.0119368
-0.160815	0.364638	-0.1923	-0.492381	-0.0287325	-0.0641038
-0.0613716	-0.055141	-0.0698662	-0.133896	0.626132	0.181492
-0.189067	-0.0335763	0.183516	-0.644204	-0.0844946	-0.354202
-0.106595	0.166157	-0.266054	0.149631	0.106749	0.0968765
-0.135629	-0.306723	-0.0227087	0.0801423	-0.110991	0.00549417
-0.188291	0.157593	-0.0436259	-0.436806	-0.340092	0.128325
0.0537895	0.198984	0.0327507	-0.277164	0.177609	-0.0318919
0.23189	-0.0334999	-0.147645	-0.238241	0.0564456	0.671695
0.0779138	0.112766	-0.11636	0.317314	0.444213	-0.367597
0.0577251	0.182395	0.868836	-0.31406	-0.558876	0.351664
-0.132198	-0.130667	-0.489846	0.0316997	-0.0211386	-0.127909
-0.0642042	0.113035	0.486685	0.104184	-0.152416	-0.116772
0.12429	-0.576118	0.196578	0.435955	0.404684	0.0567169
0.118629	-0.354069	0.179035	0.647595	0.181279	0.273028
0.157384	-0.209102	0.337535	-0.122141	0.499447	-0.0869966
0.15784	0.0381126	0.38821	0.0417349	0.0409951	0.00857626
0.163158	-0.402225	0.342629	0.445076	0.0674594	-0.163973
-0.0302306	0.333058	-0.15739	-0.183149	-0.00547382	0.286874
0.0182188	0.459391	0.113096	-0.476922	0.207902	0.239574
0.225173	0.0928834	0.642037	0.231687	-0.353285	-0.482833
0.220533	-0.0977623	0.076488	0.409384	0.584051	-0.202874
0.157512	0.164547	0.113286	0.158775	0.196487	0.0911428
-0.0848583	-0.144287	-0.0993878	-0.390589	0.306976	-0.180016
-0.163289	-0.190096	0.307309	-0.291626	0.455981	0.496057
0.341032	0.0129654	0.169185	0.339926	-0.0723475	0.555793
0.100327	-0.00954735	0.544155	0.0874479	-0.272449	0.625871
0.323633	-0.185142	-0.346855	0.478059	-0.603687	-0.538198
0.313414	-0.43514	0.0891497	-0.883164	0.752235	-0.67542
-0.104596	0.089204	0.0322453	-0.213168	0.215856	-0.0728628
0.00093698	-0.237704	-0.275041	0.450738	0.102145	-0.239154
0.70567	-0.0917965	-0.0535364	-0.141823	-0.349428	0.387094
0.169987	0.198994	0.0924766	0.402213	-0.282024	-0.31423
0.0953305	-0.0344085	0.761234	-0.0811738	0.527138	-0.0391372
0.20754	-0.00783787	-0.352921	0.459903	0.523193	0.0463219
0.0787779	-0.144937	0.167734	0.172338	0.318057	-0.117577
0.0724697	0.196495	0.838101	-0.259042	-0.107334	-0.358041
-0.0234511	-0.37315	-0.285899	-0.36888	0.190688	0.497193
0.438055	-0.415542	-0.0890123	0.466078	-0.104328	1.14308
0.0418826	0.117102	-0.875915	0.0810385	-0.26909	0.0487576
0.156369	-0.638797	-0.282477	1.18921	-0.172265	0.0816748
-0.112483	-0.22535	0.104313	-0.30026	0.235522	0.166932
-0.266443	-0.210476	0.176881	-0.0914254	-0.328413	0.285635
0.242554	0.240701	0.016271	0.0886311	-0.411281	0.553308
0.150976	-0.215174	0.272388	0.581943	-0.00988106	-0.255653
-0.0992843	0.0985272	-0.000713516	0.497236	0.605382	0.163225
0.328632	0.0429853	0.604977	-0.50681	-0.160301	-0.462062
0.0149697	0.175549	0.234071	-0.144517	-0.399396	0.17956
-0.253996	-0.520383	-0.243957	-0.0768734	-0.100664	-0.128239
-0.204608	0.0883168	-0.544025	-0.198558	0.316654	0.133803
0.106566	0.21009	-0.458267	-0.907177	0.70248	-0.0534948
0.521629	0.210116	0.316053	0.872248	0.0488673	0.740622
0.236633	0.10203	0.794262	0.0256302	0.222724	-0.592135
0.372638	0.0298489	-0.0168999	0.467767	0.11446	0.347511
0.441157	0.0977523	0.512808	0.130407	-0.0811342	0.730811
-0.114287	0.0507878	-0.147752	-0.16825	-0.141327	-0.125783
-0.198456	-0.553958	0.0726265	-0.133825	-0.221401	-0.0254024
0.191097	-0.381538	-0.388321	0.697641	-0.0392848	-0.158155
-0.300496	0.173121	-0.133566	-0.545004	-0.466384	-0.201436
0.311991	0.0448216	-0.624833	0.38764	-0.137473	-0.0508626
-0.182991	-0.432364	-0.178154	0.0735451	0.024331	-0.0717839
0.0418008	-0.15255	-0.101118	-0.0890076	0.365018	0.102362
0.104913	0.178739	0.504369	-0.0576002	-0.0199506	-0.0793034
0.042298	-0.170602	0.801504	0.124531	-0.278346	-0.217016
-0.0105421	0.016536	-0.157346	0.111634	-0.0496985	-0.0803057
-0.0398064	-0.113676	-0.687059	-0.00599628	0.122841	0.411709
0.281349	-0.647651	0.0781403	0.620751	0.52707	0.0157578
-0.0167505	-0.0438452	-0.709264	0.352469	-0.20857	0.298966
0.248508	-0.122162	0.313615	0.308362	0.545642	-0.618858
0.0209044	-0.033986	0.0295151	-0.143761	0.365706	0.00947866
-0.138569	-0.0140578	0.314524	-0.0762873	-0.525164	-0.292035
0.0371842	0.158531	0.230346	-0.165239	-0.640817	0.348503
-0.173185	0.388618	-0.21	-0.365561	0.725702	-0.527224
-0.240115	-0.131943	-0.550224	0.382473	-0.576498	-0.211538
-0.106983	-0.207451	0.0456626	-0.0990774	-0.0660273	0.0260245
0.21718	-0.132051	0.143286	0.291569	0.249565	0.311136
0.264051	0.400748	-0.348459	-0.562099	0.128228	0.0642223
-0.00147492	0.171533	-0.303153	0.0598766	0.499835	-0.243172
0.706065	0.00367511	0.388271	0.533746	-0.0221872	0.226981
0.0801419	-0.175396	-0.0524969	0.421936	0.301788	-0.191379
0.00149465	-0.189033	0.0715888	0.309504	-0.273293	0.0695651
0.436343	-0.281789	0.412484	0.515182	0.577863	0.169587
0.0423606	-0.0112445	-0.202732	0.127013	0.391264	-0.000222277
0.287695	-0.373857	0.187298	0.258232	0.188105	0.582647
0.00924902	-0.48865	-0.328569	0.392843	0.39764	-0.214868
0.116666	-0.182842	0.072717	0.636929	0.01185	0.315647
-0.135495	0.287032	-0.301179	-0.152422	0.155009	0.137713
0.00576474	0.127725	-0.154967	0.195637	-0.0248066	0.24241
0.0390014	0.276988	-0.0202814	-0.0147367	0.349327	0.0235832
-0.0337377	-0.181437	0.0954673	0.251501	-0.163303	0.00823745
-0.230718	-0.151453	-0.816454	0.269053	-0.0806646	-0.0974657
-1.92921	0.581348	0.0202626	0.194738	0.0969531	-0.137662
-0.0229546	0.215342	-0.241771	0.110839	0.124784	-0.0711768
-0.159797	-0.463743	-0.112191	0.112533	-0.241284	0.0205642
-0.0856763	-0.379926	0.117821	-0.414512	0.446122	-0.240409
0.17397	-0.205768	0.477631	-0.301423	-0.0242481	0.0639365
0.010288	-0.0602418	-0.374195	0.516257	0.11703	0.0559678
-0.189348	-0.590874	-0.128306	-0.219337	0.00481443	0.0160511
0.0343728	-0.0370826	0.0644202	0.342446	0.130276	-0.386511
0.150038	-0.184002	-0.137799	0.412505	-0.107285	0.468286
-0.0873799	0.414336	-0.0791839	0.620914	0.414993	-0.665163
0.685118	0.013726	-0.0222238	-0.241653	-0.145224	0.318116
0.033326	-0.132968	-0.0865361	0.347545	-0.0649993	0.237312
0.617277	0.140583	0.0430444	-0.084433	-0.144769	0.233674
0.0451049	0.302912	0.244663	-0.415607	-0.0236458	-0.158078
0.169388	0.183446	0.243372	0.716582	-0.603003	0.25856
-0.147954	0.243065	-0.201327	-0.00130683	-0.144986	-0.296123
0.153025	-0.346054	0.410226	0.59629	-0.253782	0.221726
0.00219627	-0.0743587	0.897706	-0.170709	0.290767	-0.0342186
-0.317924	-0.382354	0.135935	-0.340806	0.155211	0.0420317
-0.232362	-0.785824	0.111897	-0.188369	-0.42192	-0.178789
-0.0756234	0.265853	-0.0905552	0.116403	-0.56666	0.1698
0.025776	0.425481	0.088573	-0.136106	-0.174551	-0.186366
0.00700407	0.176885	0.599304	0.4718	0.145872	-0.0985317
0.0623564	-0.0472211	-0.222254	0.463143	-0.21396	0.0890735
0.0195494	-0.071494	-0.553339	-0.23979	0.376041	0.0411248
-0.24556	-0.184705	-0.150746	-0.0796195	-0.170328	-0.420686
-0.273955	-0.379359	-0.261467	0.115845	-0.623271	-0.070892
-0.0754164	0.0293473	0.14956	-0.211666	-0.599152	-0.0305486
-0.169103	-0.0778844	0.403979	-0.154544	-0.616831	0.145686
-0.261526	-0.0730726	-0.353875	0.362872	-0.15951	0.00732297
-0.901711	-0.528727	0.324329	-0.217429	-0.0571893	-0.060623
-0.113405	-0.362368	0.173734	-0.588698	0.111598	0.196593
-0.0957677	-0.0694208	-0.0293999	-0.00334688	-0.00441494	0.029348
-0.408266	-0.256148	-0.100737	-0.0153373	-0.165296	-0.0386253
-0.0640638	0.0681584	-0.400515	-0.761986	0.204779	-0.0621758
0.243436	-0.254985	0.72013	0.0777279	0.221518	-0.190591
0.047296	-0.244938	-0.244999	0.880918	0.00192246	-0.293398
0.171619	0.362676	-0.805774	-0.603813	-1.08686	0.0638996
-0.26805	0.368802	0.317035	0.0404311	0.560016	-0.107615
0.0745742	-0.045159	0.156243	-0.0683393	0.281196	0.0489342
0.0347206	0.150737	0.361159	0.178411	-0.5116	-0.349643
0.0441446	0.0753552	-0.0279051	0.27171	-0.161147	0.050799
0.170624	0.304826	0.218198	-0.106206	-0.177164	-0.348358
-0.0148391	-0.0578083	-0.0278905	-0.213569	-0.193475	0.306615
0.0557915	-0.0222211	0.14546	0.253001	-0.218996	-0.131523
-0.332281	0.184865	-0.205793	-0.220808	-0.241108	0.261721
0.165342	0.170945	0.0699376	0.102946	-0.000731753	0.486307
-0.0483518	-0.383529	0.165405	-0.27136	0.751891	-0.138793
-0.126343	-0.209048	-0.617068	-0.650953	0.59937	0.150358
-0.0122262	-0.164281	-0.391172	-0.243954	0.419326	0.0370566
-0.245923	0.210908	0.19953	-0.569958	-0.140981	-0.670026
-0.0288788	-0.0231403	0.443681	-0.307863	0.00530292	-0.168299
0.263348	0.124514	-0.538366	-0.203568	-0.171715	1.08884
-0.187386	-0.050941	-0.198289	-0.299579	-0.109144	-0.0626303
-0.101253	-0.0417846	-0.0424156	0.0794389	-0.383367	-0.102219
0.0871235	0.158501	-0.290039	0.346541	0.55766	-0.388713
-0.133653	0.303238	-0.118976	0.0599901	-0.205188	-0.243336
0.00347345	-0.266189	-0.224999	0.0317627	-0.0833715	0.0544413
-0.0628978	-0.210445	0.0983804	0.113794	-0.110573	-0.0829483
-0.0850924	-0.317511	-0.250683	0.158398	0.669499	-0.177308
-0.0709027	0.449657	-0.328033	-0.456011	-0.708774	0.452674
-0.12281	0.20769	-0.478144	-0.51833	0.202131	0.166853
-0.12296	-0.377938	-0.0349219	0.584128	-0.391523	-0.48267
-0.0597372	0.037793	0.223052	-0.423721	0.0109244	-0.223087
-0.106032	-0.656006	0.491557	-0.120701	-0.136974	-0.31545
0.166414	-0.287982	-0.190971	-0.0696468	0.861819	0.0489865
0.0573151	-0.35139	0.516072	0.0954558	0.380356	-0.0551666
-0.375608	-0.709247	-0.622143	-0.219461	-0.173723	0.0238037
0.197729	0.362082	-0.386256	-0.473431	-0.194862	0.154764
0.225719	0.0619581	-0.799802	-0.137297	0.66188	-0.175538
0.480749	0.0841097	-0.0401082	-0.651792	0.0276352	1.26249
0.284302	-0.651072	0.520614	0.798378	0.0373291	0.114762
0.174197	-0.300606	0.0151584	0.091523	0.499393	0.0640007
-0.00770088	0.0354738	-0.139494	0.18352	-0.547698	0.0294764
0.109188	0.196433	-0.958799	-0.173066	-0.114421	0.137116
-0.121214	0.590773	-0.400642	-0.583821	-0.420255	0.0837716
-0.166254	-0.330242	0.0663676	-0.176681	-0.390449	-0.101796
-0.145258	-0.603745	-0.323848	-0.542098	0.058719	0.0570915
-0.24447	-0.302625	-0.0866268	-0.165756	-0.304806	-0.105161
0.045382	-0.124492	-0.203704	0.155058	0.350492	-0.0426479
0.105311	0.120347	-0.19224	-0.06123	0.0576034	0.279172
0.264486	-0.195576	-0.0340005	0.573739	-0.299348	-0.155399
0.553914	0.279662	0.660823	-0.955812	-0.266235	-0.706538
0.216696	-0.0941916	-0.0322049	0.261509	0.334898	0.194059
0.0541008	0.100103	0.225867	-0.145338	0.0766264	0.208867
-0.0988297	-0.536835	0.0287345	-0.153494	-0.0722509	-0.00285198
0.150564	-0.0565233	-0.366603	0.0367299	0.301941	-0.190582
-0.0945562	-0.324297	0.0372092	-0.0758619	0.0636937	0.0277464
-0.01435	-0.0697992	-0.249586	0.0234542	-0.000686656	0.194027
-0.0892395	-0.409331	0.37629	-0.0220407	-0.294641	0.00411418
0.244525	0.0996657	-0.454106	0.317466	0.18577	0.0122766
0.545387	0.0566279	-0.116821	0.0631976	-0.129967	0.370926
0.0885149	0.192131	-0.0370411	0.610756	-0.711323	-0.1608
-0.0727576	-0.117643	0.104112	-0.659086	0.135234	0.0600276
-0.064125	0.0133619	-0.444812	-0.296818	0.234649	0.0565652
-0.0386688	-0.254891	0.0617341	0.592152	-0.151807	0.0317631
0.0291783	0.192591	0.141791	-0.118935	-0.340915	0.0200446
0.186034	0.119489	0.52338	0.225096	0.0622147	-0.0282479
-0.0785291	0.0515882	0.0998529	-0.569538	0.127856	-0.148542
-0.224709	-0.454841	-0.0843953	-0.170996	-0.0544023	-0.0442357
-0.058628	0.202822	-0.228364	0.30876	0.248638	-0.369607
0.0279283	0.0192742	0.240944	-0.157926	0.00791173	0.00745294
0.549797	-0.767798	0.521878	0.872013	0.369226	0.365497
0.29167	-0.576625	0.966688	0.317893	-0.141843	-0.400736
0.0505396	-0.429146	0.356889	0.416596	-0.178586	-0.0161731
0.068227	0.184817	0.00456057	-0.0847288	-0.371528	0.34791
0.0987521	0.0998183	0.246249	0.369191	0.646829	-0.121039
0.0717617	0.0293704	0.154149	-0.548597	0.402998	0.0687222
-0.112775	-0.364112	-0.134511	-0.188703	0.444093	-0.0405198
-0.0483182	-0.275558	-0.0307839	0.0661275	-0.079799	0.253403
0.518169	-0.35399	-0.20498	0.730081	0.237061	-0.0327122
-0.220794	0.333396	0.149505	-0.228949	-0.589595	-0.192579
0.253048	-0.541247	-0.479157	-0.16007	-0.969444	0.0370224
-0.0998419	-0.498885	-0.413375	0.107453	0.162729	0.251584
0.0891066	-0.156789	-0.243337	-0.164103	0.00615107	0.266562
-0.194717	-0.337302	-0.126302	-0.4362	-0.0609935	-0.246894
-0.110744	0.178759	-0.590648	0.161626	-0.399033	-0.0105448
0.199668	0.0268553	-0.899503	0.638604	0.208892	0.0887991
-0.0156122	-0.0479598	0.31762	-0.191811	-0.0603431	-0.0123282
0.179584	0.0129904	-0.0800383	-0.0151294	0.706381	-0.254543
0.119394	-0.144163	0.160338	0.225403	-0.0184336	0.324058
0.0170502	-0.0685831	0.392966	-0.2141	0.105161	-0.166364
-0.00438777	-0.0176203	0.408	-0.637187	0.0285864	-0.250095
-0.32455	-0.690877	-0.350399	-0.490356	-0.157422	-0.000617871
-0.152609	-0.122442	0.0251464	-0.461331	0.192976	-0.264804
0.0689393	-0.00597817	-0.166559	-0.120889	0.542079	-0.371122
-0.157664	-0.339032	-0.315268	-0.107705	0.293927	0.0615036
-0.146076	-0.36359	-0.425611	0.267175	-0.073136	0.102927
0.0281208	0.119319	0.186598	-0.34706	0.134693	0.268749
0.122789	-0.263172	0.542697	-0.0878544	-0.987107	0.490502
-0.0193452	-0.231306	0.242193	-0.15857	0.427235	-0.196675
-0.127314	-0.463741	-0.197409	-0.184075	0.347657	-0.00953789
0.164183	0.169323	0.0557263	0.567683	-0.549188	-0.0256834
0.0178881	0.25232	-0.0347949	-0.192047	0.135442	-0.0159857
0.0309529	0.0936668	0.2561	-0.520425	0.098703	0.362752
-0.0506483	0.00348595	-0.169853	-0.0398516	0.487091	-0.521182
-0.0828405	-0.00827881	-0.32183	-0.0766044	0.0931252	0.216994
0.627894	-1.51495	-0.134811	0.0562216	0.215198	0.705126
-0.0370442	-0.0951153	0.0305326	-0.398711	0.270972	0.0622101
0.125013	-0.253873	0.0818767	-0.531111	0.387579	-0.463646
0.283097	0.135561	-0.046943	0.135586	0.0131702	-0.268538
0.351964	-0.0517868	-0.00532464	1.05436	0.01615	-1.19542
-0.0275654	0.21552	-0.0334843	-0.0718679	0.150331	-0.0677288
0.509797	-0.0729803	-0.631287	-0.102303	-0.429886	0.548868
-0.0992122	-0.53272	0.286837	-0.163811	-0.202441	-0.214015
0.358928	0.168062	-0.359199	-0.166764	-1.11235	0.168838
0.0164779	-0.460602	-0.0655758	0.119543	0.26651	-0.00756308
-0.0837705	0.00571517	0.0324271	-0.297161	0.150667	0.23465
0.0157167	0.40788	0.313568	-0.168926	-0.032759	0.116126
0.350715	0.0919604	0.110991	0.154391	0.30608	-0.0812626
0.255967	0.102477	-0.549172	0.099312	0.0670255	0.505259
-0.0358828	0.197204	-0.206417	0.185393	-0.321358	0.0194513
-0.105595	0.242376	-0.156956	0.0805498	0.372532	0.154057
0.151522	0.206966	0.278451	-0.0586069	0.284271	0.152725
0.00655308	-0.0278229	-0.32469	0.374121	-0.0075281	-0.0751139
0.0107478	0.168533	-0.161357	-0.0849919	-0.136818	0.468876
0.00139056	0.34527	-0.606394	0.286063	-0.727747	-0.5144
0.181899	-0.046305	0.00380768	0.499469	0.718801	-0.130045
0.0423722	-0.228113	0.171162	-0.474668	0.0556968	0.302247
0.0105753	0.0174328	0.469512	-0.0891619	-0.40558	0.268806
-0.0699328	0.0730609	0.0052686	0.0406481	-0.309732	-0.0698573
-0.187034	-0.615005	-0.114585	0.116754	0.0679072	-0.129259
-0.232662	-0.647427	-0.0884686	-0.207184	-0.0709215	0.0346682
0.256503	-0.269623	0.744708	0.0940536	-0.216018	0.148292
-0.127625	0.0485958	-0.156076	-0.246554	0.17195	-0.0713923
0.0585805	0.254373	-0.0328007	0.23666	-0.110069	0.123975
0.167393	0.108217	0.0798102	0.27058	0.57507	0.0384435
-0.0479746	-0.470834	-0.264505	0.343886	0.0828547	-0.137845
-0.0436276	-0.104789	-0.56461	0.183264	-0.199808	0.248476
-0.0328516	0.401639	-0.0324664	-0.183991	-0.722314	0.18108
0.275766	-0.507147	0.191216	0.657253	0.281329	0.061107
0.0506695	-0.499021	-0.19884	0.391213	0.349211	-0.100338
-0.15703	0.446947	-0.0921698	-0.689236	-0.251639	-0.257648
-0.124551	-0.256333	-0.607712	0.239032	0.0182389	0.0499105
-0.327658	-0.192541	-0.616679	-0.201378	-0.325013	0.126296
-0.145005	0.137228	0.142014	0.10818	-0.682796	-0.232946
0.177821	-0.211274	-0.242697	-0.663628	0.724392	-0.209498
-0.0842729	-0.50012	-0.196646	0.117103	0.0563191	-0.0184846
-0.0421326	-0.406959	1.85625	0.237297	-0.216723	0.289558
-0.211616	0.0126832	-0.232304	-0.166074	-0.617118	-0.098504
-0.0557294	0.156103	-0.258549	-0.325699	-0.00244483	0.341768
0.301806	-0.0248799	0.647392	0.0132467	0.273564	0.235446
-0.184148	0.143742	-0.0145506	-0.494355	-0.0584124	-0.302602
-0.0730664	-0.04254	0.00997019	0.334182	0.159019	-0.26421
-0.00823934	0.00364359	-0.533472	0.247002	-0.248541	0.363785
-0.339074	0.0782622	0.09092	-0.340855	0.0407866	0.0265767
-0.122209	-0.137815	0.0284985	-0.182663	-0.58064	0.472214
-0.343787	0.153942	0.125156	0.13156	0.187948	-0.117038

Annot Parameters for each context in the alphabet: PHIME
P	0.0666079
H	-0.0105291
I	0.0681607
M	0.0217419
E	0.271111


Beta_s (bias in sequence model) : -8.1592
Beta_p (bias in structure context model) : -0.69464
alpha (scaling factor) : 3298.3
b (bias in least squares error model) : 0.468456

Top 20 kmers: 	 sequence number 	 kmer number
           CUACA           1566             18
           CUACA             91             11
           GACUA           1034             29
           AUCAU           1756              1
           AUCAU            807             22
           AUCAU            545              2
           AUCAU            283              2
           GACUA            187             35
           AUCAU            748             21
           AUCAU            316             20
           UCUAU            342              8
           UGGCG           1580             37
           AGUCA            395             16
           AUCAU            541             15
           UCUAU            432             15
           AUCAU             83             14
           GCCGU            143              6
           AUCAU            891             21
           UUCAG            565             15
           AUCAU           1392             10

Averaged annotation profiles of the top 20 kmers
P	0.30701	0.22024	0.236185	0.231795	0.32221	
H	0.249855	0.254225	0.291165	0.27827	0.256985	
I	0.347055	0.427975	0.37793	0.37699	0.31929	
M	0.06093	0.05962	0.057225	0.063965	0.060195	
E	0.03515	0.03794	0.037495	0.04898	0.04132	
