Motif width 5
Base parameters 
AAAAA	1.41034	0.0666079	-0.0105291	0.0681607	0.0217419	0.271111
CAAAA	1.25645	0.575285	-0.654776	-0.311822	-0.209286	0.0205694
GAAAA	-0.0429366	0.274374	-0.064553	-0.00299701	-0.0790058	-0.265722
UAAAA	0.325147	0.0107454	0.0856335	0.577359	0.0110376	-0.21039
ACAAA	1.01559	0.138885	-0.222314	-0.137203	-0.236443	0.00601082
CCAAA	1.15183	-0.0385821	-0.552186	-0.00814169	-0.26566	-0.215468
GCAAA	-1.59568	0.263171	-0.144292	0.0360104	-0.950186	0.0491541
UCAAA	-0.986746	-0.00048634	0.00688753	-0.157725	0.266297	0.0420787
AGAAA	-0.985565	-0.446242	-0.00710604	0.214716	-0.288356	0.440296
CGAAA	-3.58617	-0.269489	-0.284762	1.11182	-0.197219	0.275118
GGAAA	1.47508	0.101344	-0.671149	0.263885	0.136965	-0.0275866
UGAAA	-0.358856	-0.406407	0.337844	0.225259	-0.360611	0.208608
AUAAA	0.819542	-0.142025	0.377934	-0.227406	0.141062	-0.0509351
CUAAA	0.669437	-0.363433	-0.0834007	-0.0708102	-0.32008	0.34135
GUAAA	0.813932	0.260313	-0.0850766	-0.360207	0.272319	-0.144924
UUAAA	1.25633	0.128293	-0.358264	-0.42805	0.0981277	-0.189781
AACAA	-0.982572	-0.876861	0.0703713	-0.1215	0.766882	0.5266
CACAA	-0.665168	0.162853	0.445464	-0.00792869	-0.418718	-0.00275573
GACAA	-2.40533	-0.597047	0.33049	0.80727	-0.101544	-0.168468
UACAA	0.221289	0.118598	-0.316176	-0.400898	-0.210562	-0.24081
ACCAA	-2.23297	0.29858	-0.516644	-0.122838	0.107206	-0.559389
CCCAA	0.744668	-0.0274662	-0.263642	-0.302823	-0.119255	0.209769
GCCAA	1.16901	0.38002	-0.0677607	0.338743	0.00444203	-0.0813489
UCCAA	-2.10946	-0.39303	0.352284	0.698925	-0.180935	0.674659
AGCAA	-1.78176	-0.361353	0.290296	0.356318	0.10241	0.496399
CGCAA	-1.31154	-0.484231	0.0696117	1.04879	-0.863629	0.204704
GGCAA	-1.44673	0.01361	-1.09042	-0.529562	0.452687	-0.449428
UGCAA	0.191336	-0.343222	0.0726316	0.0982326	0.182507	0.0217199
AUCAA	1.1975	0.357841	-0.128454	0.166161	0.275046	-0.0652565
CUCAA	-0.279952	-0.272733	0.440665	-0.108261	-0.179748	0.47819
GUCAA	-1.23562	0.135445	0.337275	-0.218166	-0.451228	0.101907
UUCAA	-1.36927	-0.100379	0.0972436	-0.0735109	0.246827	-0.481025
AAGAA	-0.257022	0.0441994	0.499959	-0.304864	0.312766	0.154235
CAGAA	-2.20199	-0.223093	0.0230592	0.708866	-0.215452	0.366988
GAGAA	0.358561	0.197302	-0.254878	0.0969871	-0.0759484	-0.30541
UAGAA	-1.16357	-0.00395098	0.184801	-0.131471	1.04947	0.465018
ACGAA	-0.80977	0.451868	0.106387	0.145043	0.0579496	0.0765074
CCGAA	-2.38979	0.541296	0.152236	-0.2054	-0.69662	-0.0448649
GCGAA	-2.55879	0.140128	0.439173	0.597598	-0.248067	-0.239204
UCGAA	0.251684	-0.220639	-0.161977	0.0960526	-0.169242	0.0400884
AGGAA	-0.544315	-0.0861722	-0.0802278	0.110285	0.323874	0.222243
CGGAA	0.815371	-0.247288	0.0732243	-0.168099	0.0833412	-0.0495879
GGGAA	1.46851	-0.245793	0.54142	-0.150288	0.0860546	0.178264
UGGAA	2.32142	0.200163	-0.497048	-0.757344	-0.54611	-0.0731973
AUGAA	1.31995	-0.500198	-0.138304	-0.245863	0.0782399	-0.024614
CUGAA	-0.611871	0.0604484	-0.0856087	-0.347056	0.0132494	0.504411
GUGAA	1.44017	0.0265026	-0.222561	-0.101562	-0.479467	-0.203549
UUGAA	-1.34528	-0.664144	0.0332938	-0.430302	0.991609	-0.170918
AAUAA	0.734163	0.163022	-0.196823	0.232044	0.0398913	-0.382095
CAUAA	-1.40236	-0.137532	0.478549	-0.702236	-0.661183	-0.0782415
GAUAA	0.825586	-0.729533	-0.264769	-0.110931	0.251993	0.0174536
UAUAA	0.763935	0.12853	-0.0502439	-0.118464	-0.109778	-0.00507867
ACUAA	0.115403	0.510145	-0.664153	-0.374756	-0.670134	-0.13958
CCUAA	0.275973	0.109813	-0.27531	-0.178771	-0.0602449	0.285239
GCUAA	-0.814197	-0.113156	0.0876114	0.532313	0.144006	0.263273
UCUAA	-1.57609	0.133927	0.00599824	0.445242	0.31513	0.442292
AGUAA	-0.284874	0.199919	-0.129373	-0.725235	0.174092	0.391544
CGUAA	-0.279035	0.773771	-0.320532	-0.20126	-0.254138	-0.20076
GGUAA	0.599212	0.166692	-0.32582	0.31816	-0.242656	-0.297151
UGUAA	-0.719459	0.0300376	-0.121024	-0.13248	0.482036	0.276411
AUUAA	0.329059	0.433114	-0.791234	0.616156	-0.309364	0.396364
CUUAA	-0.0834635	-0.138457	0.0104734	0.324034	-0.479611	0.221841
GUUAA	1.12093	-0.0451225	-0.174074	-0.455442	-0.0315365	-0.0302176
UUUAA	0.73567	0.155501	0.16322	0.0237141	0.0681432	-0.452174
AAACA	-3.69375	-0.24695	-0.00910491	0.369536	-0.105196	-0.923709
CAACA	-1.77606	0.134574	0.0647067	-0.276541	0.340772	0.256986
GAACA	0.673926	-0.10546	-0.123546	0.246284	-0.663248	0.0658311
UAACA	0.118433	-0.0800584	0.616295	-0.504848	-0.0800996	-0.177524
ACACA	-0.981207	-0.264953	-0.891045	-0.3406	0.150048	-0.00523973
CCACA	-0.36642	0.23641	-0.0877304	-0.175125	0.335387	-0.567694
GCACA	0.657264	0.0141296	0.29969	-0.131541	-0.00643085	0.279683
UCACA	-0.378247	-0.481407	0.215866	0.64478	-0.237924	-0.174668
AGACA	-0.86648	0.103429	-0.339946	0.491482	0.674052	-0.202459
CGACA	0.441855	0.321153	0.24375	-0.362475	-0.576856	-0.110407
GGACA	-0.329334	0.327607	-0.0289318	0.364957	-0.0996575	-0.316308
UGACA	-0.0204688	0.339997	-0.198965	0.0665849	-0.0484558	-0.550081
AUACA	-0.366208	-0.236773	0.674489	0.0097257	0.397636	-0.39669
CUACA	-4.34125	-0.265744	0.523211	-0.43288	0.0869541	1.15506
GUACA	-1.66202	0.377132	-0.522863	0.45362	-0.835727	-0.158341
UUACA	-1.13058	0.17054	-0.259495	0.0437569	-0.231762	-0.0733192
AACCA	0.462957	0.292053	0.276396	-0.421359	0.0509338	0.0395277
CACCA	0.00187404	-0.149578	-0.622731	-0.371915	0.226636	0.17881
GACCA	-0.922939	-0.457984	0.337973	0.198239	0.223171	0.139648
UACCA	-4.6905	-0.652742	0.228361	-0.337157	0.311769	0.0843281
ACCCA	-0.836234	0.183603	-0.145243	0.512419	-0.231512	-0.388583
CCCCA	1.5359	0.523365	-0.0941382	0.620555	-0.24732	0.499533
GCCCA	0.0734278	0.196002	0.0430156	-0.862064	0.234387	0.0458811
UCCCA	-1.56104	-0.221261	0.316383	0.624793	0.132209	0.210731
AGCCA	0.808038	-0.0373612	0.483685	-0.22115	0.41183	-0.311037
CGCCA	-1.92088	0.00913422	0.498499	-0.459969	0.393374	0.240823
GGCCA	-0.391486	-0.175933	-0.361499	0.235487	0.379831	0.0353243
UGCCA	-1.49001	0.109127	0.123909	-0.506239	-0.22806	0.211391
AUCCA	0.660389	0.254462	0.215654	-0.079922	-0.597166	0.234535
CUCCA	-0.574492	0.123255	-0.195515	-0.423524	-0.257239	-0.132741
GUCCA	0.806536	-0.176843	-0.0930903	0.210389	0.221755	0.167852
UUCCA	0.0417449	0.238731	-0.690814	0.27367	0.446724	-0.500133
AAGCA	0.434585	-0.337389	0.021879	0.286694	-0.615668	0.317897
CAGCA	0.572151	0.243979	0.495278	-0.693904	0.0467612	0.0661431
GAGCA	3.16673	0.492857	-0.494503	-0.398983	0.318563	0.397952
UAGCA	0.41682	-0.0415655	-0.436591	0.244436	0.0437946	-0.0193097
ACGCA	-0.061706	-0.00603203	-0.0450868	-0.0433334	-0.171794	0.0781448
CCGCA	1.20923	-0.722152	-0.103164	0.264985	-0.367548	-0.0778673
GCGCA	-0.518143	0.357247	-0.444639	0.263139	-0.263053	0.0742951
UCGCA	0.615921	-0.357998	0.128946	-0.0960448	0.138737	-0.081516
AGGCA	0.533261	0.21148	0.177494	-0.109891	-0.562743	-0.120613
CGGCA	-0.0441695	-0.00219323	-0.0645168	0.301538	0.371233	0.357306
GGGCA	1.88814	0.625786	-0.680597	-0.974117	0.320982	0.11171
UGGCA	0.602588	0.51263	-0.25493	0.263459	0.125254	-0.416904
AUGCA	1.13051	0.0385326	-0.441436	-0.15582	-0.267729	0.179873
CUGCA	-0.770046	-0.170431	0.0671783	0.405447	0.478269	-0.248531
GUGCA	-0.149905	0.18911	0.220096	0.0110652	-0.222518	-0.0421422
UUGCA	-0.801304	-0.19033	-0.437872	0.915443	-0.126062	0.09462
AAUCA	1.55862	0.0564019	-0.27813	-0.230467	-0.594073	-0.146751
CAUCA	26.8491	0.395395	0.111493	0.174877	0.156075	0.0255227
GAUCA	1.91117	-0.332407	-0.297757	-0.389418	0.0229737	-0.0394224
UAUCA	1.33418	-0.685828	-0.328828	-0.0817587	-0.474213	-0.103653
ACUCA	-1.03763	-0.150446	-0.0321938	0.357388	-0.280082	-0.14894
CCUCA	-0.420014	0.170504	0.127487	-0.140844	-0.686612	0.35852
GCUCA	0.3712	-0.012505	-0.171875	-0.372321	0.0682406	0.10676
UCUCA	0.677189	-0.41545	-0.457185	0.258728	-0.00268377	0.0648709
AGUCA	-2.74443	-0.794633	0.699458	-0.371967	1.69134	0.0460055
CGUCA	0.805307	0.223247	-0.0885585	-0.214372	-0.497	-0.03437
GGUCA	0.567848	0.0512985	-0.590017	-0.170788	-0.0384846	0.463531
UGUCA	1.37498	-0.0848605	-0.0289405	0.0255417	-0.658316	-0.148785
AUUCA	0.768253	0.160671	-0.864047	-0.90521	0.495603	-0.315732
CUUCA	4.63528	0.0666569	-0.460938	-0.183761	-0.0751645	-0.0339085
GUUCA	1.13936	-0.136177	0.0616928	-0.0425237	-0.818044	-0.0387435
UUUCA	0.0245223	-0.249246	0.26592	-0.328256	0.260522	0.23878
AAAGA	1.38452	-0.65794	-0.420677	0.368559	-0.167044	-0.368114
CAAGA	4.27952	-0.733181	-0.173868	-0.324169	0.011094	-0.013915
GAAGA	1.51291	-0.19278	0.690876	-0.947085	0.661745	-0.0625274
UAAGA	-1.15219	-0.244712	-0.224523	0.102133	0.299727	0.115544
ACAGA	-4.59567	-0.0011558	-1.2703	0.215657	-0.809478	0.229614
CCAGA	2.18046	0.453352	0.191123	-0.015476	-0.8904	-0.0448685
GCAGA	4.93566	0.112454	0.102705	0.27092	-0.2071	0.0283866
UCAGA	2.34334	-0.728671	-0.372183	-0.1173	-0.0995475	0.0842213
AGAGA	0.621686	-0.129712	0.396563	-0.481299	0.033161	-0.300598
CGAGA	1.01373	-0.301054	0.056409	-0.354333	-0.0786645	0.0639596
GGAGA	4.01127	-0.0585657	-0.14606	0.459438	-0.114125	-0.231778
UGAGA	0.745361	-0.307942	-0.404671	0.0422677	-0.222932	0.229854
AUAGA	0.219521	-0.542139	-0.297818	0.27624	0.123399	-0.0479653
CUAGA	0.598905	-0.889201	0.206359	-0.0256595	0.333249	-0.105248
GUAGA	1.24881	-0.007546	-0.135624	-0.341344	-0.247082	-0.158217
UUAGA	0.208214	0.0241794	-0.388309	-0.299038	0.309916	0.128558
AACGA	0.357298	-0.139703	-0.312084	0.0248815	0.298337	0.127393
CACGA	0.409141	-0.0124365	-0.152162	-0.0300993	0.0851089	-0.0722294
GACGA	-0.453938	-0.18572	-0.292431	-0.0542372	-0.307101	-0.0388072
UACGA	-2.78191	0.686375	-0.560297	0.214072	0.25862	-0.149059
ACCGA	1.02841	-0.177265	-0.229677	-0.111854	-0.179943	0.00207881
CCCGA	-1.36088	-0.0193649	0.221832	0.637327	-0.0653264	0.116265
GCCGA	0.696194	-0.140091	-0.220969	-0.257417	-0.0829264	0.0316491
UCCGA	-0.407989	0.139837	-0.0710498	0.149873	0.290476	0.0422984
AGCGA	1.08938	0.0291071	-0.141264	-0.406281	-0.00816157	-0.0266329
CGCGA	0.0449941	-0.145402	-0.067106	0.113869	0.248548	-0.0239928
GGCGA	0.634888	-0.188831	-0.702207	-0.128776	-0.209194	-0.0361496
UGCGA	0.699616	-0.427832	0.0816833	0.051855	-0.196485	-0.170697
AUCGA	-1.33907	0.209153	0.162611	-0.376751	-0.540716	-0.387899
CUCGA	1.36081	-0.382647	-0.219499	-0.20429	-0.207112	0.0154231
GUCGA	0.773709	-0.420603	-0.148385	-0.0814688	-0.032246	0.0440445
UUCGA	-1.38406	0.118035	-0.074533	-0.0891237	-0.00798167	0.196917
AAGGA	-0.803811	0.15531	0.152643	-0.208632	-0.197324	0.450804
CAGGA	1.19425	-0.238607	-0.417331	-0.101606	0.0602269	-0.0741719
GAGGA	1.24867	0.0448141	0.877516	-0.168421	0.0434267	-0.0608507
UAGGA	1.37667	-0.0404284	-0.259739	-0.239214	-0.302272	-0.0932435
ACGGA	0.0126375	0.00488979	0.223744	-0.508716	-0.0846773	-0.00119692
CCGGA	-0.836083	0.0869898	0.368504	-0.168189	0.154695	0.0473097
GCGGA	0.177268	-0.0958248	0.0563925	-0.0446245	0.0931324	0.015931
UCGGA	1.19314	-0.630308	-0.234504	-0.0916394	0.0767587	-0.0052679
AGGGA	-1.10877	0.351603	0.0868205	0.0315941	-0.502329	-0.336171
CGGGA	3.44749	0.594277	-0.0695167	0.353071	0.0355638	0.0266782
GGGGA	3.3356	1.21407	0.0120687	0.236504	0.188188	0.0642758
UGGGA	-0.733408	-0.22113	0.483364	0.0594742	0.375695	0.0329679
AUGGA	-2.0124	0.00197607	0.00740611	-0.187427	0.767789	0.254355
CUGGA	3.60292	0.57629	0.210293	0.67982	-0.234705	0.251695
GUGGA	1.67241	0.42045	-0.125303	0.100032	0.422848	-0.020544
UUGGA	-0.721568	-0.329876	0.702744	0.342495	0.181747	0.0149573
AAUGA	-1.40301	-0.238366	0.124275	0.355308	-0.196395	0.827209
CAUGA	0.778751	-0.253597	-0.41692	0.00812696	0.157135	-0.0799727
GAUGA	-2.11235	-0.232679	0.131054	0.365613	0.545222	0.366252
UAUGA	0.804074	-0.566988	0.15587	-0.573111	0.538556	-0.123774
ACUGA	-3.48012	-0.5101	-0.498488	0.907363	0.115222	0.107047
CCUGA	0.672966	-0.346441	-0.190371	-0.2788	0.550556	-0.237515
GCUGA	5.49367	0.213973	0.175586	0.315177	-0.101629	-0.0386533
UCUGA	1.34096	-0.566317	0.0996401	-0.129481	-0.210112	-0.122137
AGUGA	0.437776	0.193649	-0.628603	-0.280423	0.148355	0.20361
CGUGA	-0.211346	0.224652	-0.0409025	0.020328	-0.355044	-0.0314986
GGUGA	0.625023	0.209386	-0.365339	-0.327368	-0.0572163	-0.234939
UGUGA	0.351101	0.0867761	0.119733	0.39349	-0.354089	-0.0614194
AUUGA	-0.71235	0.0434869	-0.15093	0.254559	0.242531	-0.057033
CUUGA	-1.32559	0.584987	-1.19532	-0.556473	0.62694	-0.137826
GUUGA	-1.5235	0.0340953	0.480982	0.530374	-0.621569	-0.0948625
UUUGA	0.617722	-0.530413	0.11844	-0.103512	0.148453	-0.114754
AAAUA	0.673029	-0.197459	0.193446	0.174568	0.0987198	0.458048
CAAUA	0.599876	0.188659	-0.165491	0.065055	-0.16216	-0.0473629
GAAUA	0.802879	-0.406289	-0.345128	-0.015502	0.194902	-0.0520273
UAAUA	1.19201	0.252174	-0.160673	-0.162662	-0.283488	0.0837339
ACAUA	0.964802	0.642707	-0.326691	-0.255159	0.193479	0.0403284
CCAUA	-1.10562	-0.827492	0.163105	0.158824	0.19476	-0.0108707
GCAUA	1.86683	-0.0982836	-0.217099	-0.566793	-0.31412	-0.180559
UCAUA	0.652529	-0.184416	0.355198	-0.359461	-0.337205	-0.245598
AGAUA	-0.448844	0.227667	-0.0565719	0.458287	-0.0216336	-0.0702394
CGAUA	-0.838974	0.052516	0.366401	-0.103575	0.155565	0.0078357
GGAUA	-0.491587	-0.30235	-0.558785	0.802315	0.092656	-0.0559273
UGAUA	0.171589	0.237139	-0.382006	0.128386	-0.0784071	-0.04522
AUAUA	0.0916984	-0.185099	-0.388018	0.748345	0.220732	-0.324135
CUAUA	1.62802	-0.453002	-0.275833	-0.115523	-0.0300324	-0.166522
GUAUA	0.44607	0.306064	-0.183941	0.367092	-0.779404	0.366088
UUAUA	1.12589	-0.194449	-0.234223	-0.302663	-0.183997	0.0248817
AACUA	-1.03037	-0.316462	-0.604156	-0.230783	0.677662	0.545751
CACUA	-1.65633	-0.00333725	0.19441	0.479097	-0.603949	-0.268481
GACUA	-4.18985	-0.525526	0.199955	0.851202	0.481862	-0.221801
UACUA	-0.454948	-0.326864	0.78344	0.200874	-0.179105	-0.127834
ACCUA	0.57288	-0.232777	0.114771	-0.132785	-0.284555	0.0646355
CCCUA	0.316178	0.3852	-0.252613	0.16271	-0.173105	-0.10973
GCCUA	-0.596927	0.0963897	-0.287111	0.246916	0.42049	-0.0262816
UCCUA	-0.70466	-0.213015	-0.425341	0.505968	0.223115	0.0866468
AGCUA	-0.79245	0.0698579	0.0516237	-0.233491	0.320225	0.352759
CGCUA	-0.962178	0.0609586	0.00951072	0.386709	0.00568278	0.0256637
GGCUA	0.751686	-0.0637036	0.102629	-0.159267	0.0286739	-0.102154
UGCUA	1.28125	0.204196	-0.421563	-0.0213119	-0.202261	-0.0198139
AUCUA	-1.03032	0.0087409	-0.0816539	-0.566403	0.432807	0.609888
CUCUA	-0.0736905	-0.135696	0.497548	0.675634	0.234852	-0.479128
GUCUA	0.921308	-0.0545948	-0.7086	-0.0954824	0.0864906	0.107178
UUCUA	0.501179	-0.331319	0.0543609	-0.078527	0.0499958	-0.0320561
AAGUA	0.639893	-0.409498	0.0129872	-0.00893944	-0.258313	-0.00716985
CAGUA	0.584044	-0.547656	-0.346589	0.0332368	0.263994	-0.00913305
GAGUA	0.940395	-0.347644	-0.17209	0.00976227	-0.111307	-0.0137009
UAGUA	0.703457	0.298205	0.00510458	-0.418213	0.24581	0.18477
ACGUA	0.128871	0.507769	-0.376805	-0.301803	-0.534354	0.140403
CCGUA	-2.24914	0.100257	0.394385	0.222614	-0.0542633	0.38698
GCGUA	-0.309385	-0.313724	0.140581	0.134927	0.215129	-0.042554
UCGUA	1.30154	-0.0762399	-0.358425	-0.0992732	-0.184984	-0.018131
AGGUA	1.04394	0.0745073	-0.184579	-0.286643	-0.0322292	-0.169624
CGGUA	0.284094	-0.387843	0.0477701	-0.121101	0.0193624	-0.054682
GGGUA	-0.241549	0.221426	0.121571	0.334742	-0.135688	-0.329306
UGGUA	0.0472654	0.0484979	0.32429	-0.721837	0.0112016	-0.0109312
AUGUA	-0.726542	-0.112857	-0.00421075	0.365902	-0.129363	0.232993
CUGUA	0.170932	0.1088	-0.379144	0.0635483	0.439346	0.12097
GUGUA	-1.2179	-0.199999	0.86959	-0.0338176	-0.574221	-0.106996
UUGUA	2.45669	0.593568	-0.368261	0.236671	-0.0718181	-0.412817
AAUUA	-0.816288	-0.074153	-0.697684	-0.103445	0.587542	0.468101
CAUUA	-0.62002	-0.121582	0.239012	-0.196915	0.565002	0.347576
GAUUA	0.382406	0.0790451	0.00405451	0.393123	-0.607675	-0.0580958
UAUUA	-0.091194	0.704855	0.395434	-0.625361	-0.209503	0.326132
ACUUA	-2.19943	-0.712127	0.628703	0.201373	0.199929	0.116444
CCUUA	0.270885	0.166326	-0.648465	-0.0919215	0.0162869	0.0704392
GCUUA	1.00836	-0.319087	0.138759	-0.185548	-0.26352	-0.141507
UCUUA	-0.853658	-0.0589147	-0.154528	0.228125	0.642988	0.102703
AGUUA	0.845754	-0.0982404	-0.245283	0.12413	0.123908	-0.164122
CGUUA	-0.457541	0.0226046	-0.043555	0.097178	0.122102	0.0745959
GGUUA	0.85835	-0.450433	-0.340515	0.00685478	-0.0243561	0.0514853
UGUUA	-0.708246	-0.139155	0.836332	0.773984	-0.0670539	-0.0192697
AUUUA	0.0480032	0.143388	0.397555	0.169723	0.00378014	-0.624486
CUUUA	0.493697	-0.00748294	0.107932	-0.326168	0.0580773	-0.368098
GUUUA	0.923294	-0.238134	-0.300623	-0.0621644	-0.200432	0.0908272
UUUUA	0.602074	0.259664	0.499227	0.498334	-0.129215	0.717029
AAAAC	-0.1651	-0.0866246	0.36023	-0.227998	0.0293525	-0.708369
CAAAC	-1.72435	0.323709	0.318459	0.17248	-0.49939	-0.16485
GAAAC	-0.161377	-0.443057	-0.159802	0.604905	-0.23737	0.44595
UAAAC	-0.787754	-0.0882176	0.583648	-0.398898	0.771286	0.306998
ACAAC	-3.88859	-0.611929	-0.591007	0.579688	-0.0798323	0.044741
CCAAC	0.66411	-0.181168	0.408588	-0.717776	-0.105536	0.168307
GCAAC	-1.50778	-0.571824	-0.247318	0.923782	0.336064	-0.0704927
UCAAC	-1.02249	0.208992	-0.0210617	0.188197	-0.012679	0.25758
AGAAC	-0.0683326	0.351645	-0.758004	-0.613876	0.387445	0.182136
CGAAC	-1.00884	0.211413	0.0179514	0.100403	0.177724	-0.0104607
GGAAC	-0.20489	-0.0303406	0.0629192	0.201952	-0.0709972	0.0632794
UGAAC	0.312725	0.47194	-0.315761	-0.0882606	-0.284548	0.192909
AUAAC	-0.37882	0.212292	-0.415632	-0.472583	0.646365	-0.238929
CUAAC	-1.65916	-0.595888	0.603556	0.106702	-0.716146	0.0710939
GUAAC	1.25165	0.199592	-0.572731	-0.0867995	-0.257154	-0.209492
UUAAC	-2.69266	-0.210028	0.669933	-0.00996102	0.378926	-0.191162
AACAC	-2.01299	0.503634	-0.40577	-0.148758	-0.419618	-0.361008
CACAC	-0.57511	0.46361	-0.0313797	0.0450514	0.322626	-0.639454
GACAC	-1.92082	-0.0161699	-0.798066	-0.0211063	0.409773	-0.316014
UACAC	-3.64182	-0.0120158	0.0397658	0.308216	0.122133	0.136516
ACCAC	0.020349	-0.309082	-0.0247805	0.284537	0.229292	-0.189702
CCCAC	0.522936	-0.257132	-0.280967	0.16705	0.162116	-0.187551
GCCAC	1.07363	0.033855	0.0642725	-0.298289	0.0684944	0.0267048
UCCAC	0.358855	-0.0463687	-0.201886	0.0828699	0.212171	-0.144363
AGCAC	-0.195424	-0.279585	-0.125717	0.376729	-0.314988	0.119548
CGCAC	-0.251034	-0.164549	0.257686	0.239238	-0.439817	0.140654
GGCAC	-0.586912	-0.0385958	-0.100447	0.733477	-0.433373	0.191469
UGCAC	0.488173	0.234646	-0.585834	-0.546138	-0.267934	0.226499
AUCAC	-0.813125	0.437043	0.550647	-0.52889	0.0263697	-0.122766
CUCAC	-0.86929	-0.0416258	0.0829486	0.178718	0.097748	0.151305
GUCAC	-0.091146	-0.0318332	0.267336	0.400869	-0.47255	-0.238702
UUCAC	-0.408682	-0.181495	0.209553	0.417103	0.274701	-0.192399
AAGAC	0.280626	0.265066	-0.424053	0.0537728	0.0105903	-0.0822795
CAGAC	-1.35633	-0.0542395	-1.11634	0.677587	-0.00535982	0.0513217
GAGAC	0.413708	0.222005	-0.216637	-0.102987	-0.34276	0.0227612
UAGAC	-1.98457	-0.403421	0.392245	0.249011	0.458411	0.139341
ACGAC	-1.24729	0.245384	-0.512541	0.346111	0.244434	0.0681434
CCGAC	0.644137	-0.497431	-0.0554057	-0.00312363	0.0194736	0.0278028
GCGAC	0.448678	0.212441	-0.377468	-0.074798	-0.124376	-0.0760026
UCGAC	-4.47263	-0.544251	-0.021036	0.0609002	-0.421875	0.0418988
AGGAC	0.0580578	0.456619	0.233107	0.239095	-0.732878	-0.00174082
CGGAC	-0.482042	0.0643846	0.243201	0.0345157	0.048696	-0.0913889
GGGAC	1.69354	0.196402	0.312137	0.0951806	0.418782	0.092733
UGGAC	3.09415	-0.124306	-0.332957	-0.08396	0.0140057	-0.0379563
AUGAC	-1.5482	-0.0309502	-0.226832	0.0784102	0.411383	0.456845
CUGAC	-0.430499	0.271257	-0.0801562	0.244375	-0.183096	-0.869836
GUGAC	-1.10996	-0.260117	0.337843	0.552798	-0.136329	-0.158073
UUGAC	1.26516	-0.533862	-0.296719	0.16647	-0.00680822	-0.171196
AAUAC	-0.882272	0.224859	-0.34063	0.127351	0.0858928	0.441901
CAUAC	-1.88731	-0.0244979	-0.520232	-0.0139863	-0.844115	-0.0539464
GAUAC	-0.344198	0.29158	-0.314585	-0.0691698	-0.278181	0.175449
UAUAC	0.110794	0.168461	-0.285799	0.313493	0.0283027	-0.382926
ACUAC	1.14267	-0.363063	0.310143	0.321574	-0.340403	-0.305439
CCUAC	0.386251	-0.152324	-0.234176	0.0168238	0.114819	-0.240728
GCUAC	-0.616787	-0.0318915	-0.315427	-0.202842	0.564728	0.21431
UCUAC	-0.477324	0.167313	0.0144854	-0.00735398	-0.457144	-0.230439
AGUAC	-0.224105	0.116964	0.342309	-0.424139	-0.39579	-0.0318017
CGUAC	-2.42753	-0.0394961	0.342273	-0.113601	0.273897	0.401458
GGUAC	-1.96421	-0.0516389	0.271216	-0.182786	0.3185	-0.265637
UGUAC	0.699855	0.100581	-0.62615	0.2575	-0.622953	-0.144818
AUUAC	-0.441922	-0.266936	0.53255	-0.252825	0.285927	0.21978
CUUAC	-3.00973	-0.362256	-0.153903	-0.0555458	0.742432	0.505149
GUUAC	-3.7523	-0.437465	-0.832785	0.662562	-0.0182978	0.56845
UUUAC	-2.13396	0.0780815	-0.0877525	0.68871	-0.17873	-0.529056
AAACC	-0.706694	-0.189861	-0.496837	0.108102	0.289789	0.483125
CAACC	1.34583	0.366522	-0.184001	-0.349123	-0.498335	-0.326807
GAACC	0.89468	-0.231802	-0.614309	-0.177294	0.0529493	0.259861
UAACC	0.045976	-0.412583	0.0468446	0.183644	0.114621	0.00387525
ACACC	0.729468	-0.190354	-0.0386838	-0.0495032	-0.355251	-0.169729
CCACC	-2.72316	-0.423897	-0.0428609	0.0212537	0.404807	-0.134418
GCACC	-1.7992	0.485142	-0.352961	-0.238422	-0.549503	0.668884
UCACC	0.122378	0.285844	-0.400268	-0.497091	-0.0678233	0.168325
AGACC	-1.10686	-0.0904485	0.329338	-0.339423	0.391404	0.349784
CGACC	0.00688508	-0.033095	-0.39257	0.129455	0.166825	0.00753349
GGACC	1.7145	0.0677472	0.125312	0.217137	-0.195149	0.0781996
UGACC	-0.406068	-0.117459	-0.511202	0.263109	0.40508	0.0545782
AUACC	-0.80888	-0.364246	-0.328014	0.585146	0.154814	0.239029
CUACC	-0.114451	0.759116	0.424622	-0.440174	-0.487635	-0.917304
GUACC	0.213851	0.356945	0.0125681	-0.271843	-0.0979337	-0.197888
UUACC	-1.38657	0.175352	-0.280999	-0.165913	0.107129	0.126763
AACCC	-2.01777	-0.0919313	-0.0957882	-0.141113	-0.151843	0.123072
CACCC	-0.219422	-0.0906141	0.334382	-0.130258	-0.442968	0.475235
GACCC	1.47457	-0.432409	-0.313456	0.0657023	-0.133958	-0.0597536
UACCC	0.384586	-0.15445	-0.0883515	0.339759	-0.589658	-0.154687
ACCCC	-1.36975	-0.638443	0.334955	0.0322398	0.0623126	0.518894
CCCCC	0.0513162	-0.0542239	-0.076526	0.547996	-0.245373	0.119551
GCCCC	1.81819	-0.281632	-0.369398	0.238626	0.286776	0.0406961
UCCCC	-1.30496	-0.118496	-0.268799	0.925017	-0.396482	-0.0544083
AGCCC	0.732926	0.115723	-0.403175	0.477166	0.626063	0.053123
CGCCC	-1.74199	0.0780402	0.566535	0.33769	-0.00420389	0.140604
GGCCC	0.61638	0.349458	0.661465	-0.298644	0.317215	0.315666
UGCCC	-0.0527219	0.0270666	0.0183497	0.185074	0.156274	0.0684698
AUCCC	0.238749	0.249319	-0.0001566	0.450898	-0.773849	-0.145681
CUCCC	-0.170009	-0.254731	0.125293	0.2888	-0.0669825	0.106746
GUCCC	0.687338	-0.269792	0.0474985	-0.217892	-0.000913245	-0.0433876
UUCCC	1.70008	0.0170558	0.138974	0.00740142	-0.270015	0.210078
AAGCC	1.31376	0.167966	0.625054	-0.0618019	-0.828939	0.00996532
CAGCC	0.858293	0.30052	-0.159462	-0.160031	-0.268534	-0.0533524
GAGCC	3.47283	0.964434	-0.462874	-0.0757271	0.222367	-0.0529046
UAGCC	-0.407172	-0.0131352	0.0425461	0.202072	0.151579	-0.0967099
ACGCC	-0.271878	-0.347622	-0.382334	0.160603	0.341173	-0.0819552
CCGCC	3.46017	-0.322804	-0.0783869	0.140005	0.214163	0.0390296
GCGCC	0.464609	-0.437331	0.135136	0.103888	0.012331	-0.0177398
UCGCC	-2.56249	-0.321939	0.412193	-0.405511	-0.0620849	0.021221
AGGCC	4.43799	0.0533138	0.135189	-0.305864	0.110907	-0.0762245
CGGCC	0.838112	-0.0439188	0.229807	-0.0978792	-0.10882	-0.0219991
GGGCC	3.5412	0.468883	-0.2179	0.165978	-0.148143	0.0730257
UGGCC	-0.785031	-0.180574	-0.0922339	0.5368	-0.233757	0.124627
AUGCC	1.29408	-0.253016	-0.129882	-0.246484	-0.291276	-0.00811299
CUGCC	0.279228	-0.0781289	0.0277653	-0.0592554	0.369047	0.0966135
GUGCC	0.0587094	-0.0221832	-0.500532	0.574714	-0.0186582	0.272989
UUGCC	0.00468504	0.160007	0.0791954	-0.113774	0.0760374	-0.13859
AAUCC	-0.22979	-0.0644607	0.0733357	0.148803	0.181241	-0.195553
CAUCC	-0.326391	0.403781	-0.25397	-0.539344	-0.650089	0.869621
GAUCC	-0.613052	-0.335152	0.36776	0.215504	-0.109436	-0.0424231
UAUCC	-2.22739	-0.00760108	-0.792968	0.258699	0.120743	0.170605
ACUCC	-1.75113	-0.132494	0.255618	-0.0637608	0.0849233	-0.0508137
CCUCC	-0.340863	0.133539	-0.29288	0.319158	0.0674886	-0.779974
GCUCC	0.682118	0.451859	0.509263	-0.110787	-0.291585	0.18742
UCUCC	-1.86747	-0.0251203	-0.298224	0.00117975	0.749928	-0.0598362
AGUCC	-1.09497	-0.0806564	0.392642	0.279023	-0.424934	0.0503503
CGUCC	-1.56777	-0.201995	0.456558	-0.177011	0.0884957	0.109531
GGUCC	-1.98613	-0.00426574	0.387627	0.225823	-0.335238	-0.287001
UGUCC	-4.6782	0.257483	-0.412284	-0.711265	-0.427149	0.284053
AUUCC	0.0103617	0.190531	-0.0725489	-0.441384	0.0170157	0.195789
CUUCC	1.46887	-0.072376	0.298386	0.536628	0.153983	0.0851329
GUUCC	0.34957	0.0593283	-0.260166	0.0851936	0.039389	-0.147765
UUUCC	-0.696262	-0.0742243	0.21806	0.676752	-0.232162	0.256237
AAAGC	0.103632	0.101264	0.98743	0.107111	-1.37835	0.0469201
CAAGC	0.899676	-0.556922	0.322413	-0.0831612	-0.168376	0.312531
GAAGC	4.12896	0.248921	-0.31787	-0.108069	0.0615798	-0.0728292
UAAGC	-1.15578	0.0398636	0.386086	0.227747	-0.165276	0.619883
ACAGC	4.2296	-0.238411	0.203002	0.0487365	-0.192732	-0.284744
CCAGC	0.599015	-0.359305	-0.0285316	0.242613	-0.444402	0.1005
GCAGC	8.25128	-0.157586	-0.231458	-0.0277603	0.175689	0.130813
UCAGC	0.130859	-0.626321	0.233541	0.0494346	0.00668335	0.213304
AGAGC	-0.156966	0.311949	0.505859	-0.153509	-0.326769	0.139998
CGAGC	-2.78876	0.226724	0.341401	-0.126787	-0.258644	0.15896
GGAGC	4.13985	0.377756	-0.048551	-0.00201664	-0.0867884	0.0386747
UGAGC	1.4301	-0.0361783	-0.231194	-0.274367	0.468169	0.0333846
AUAGC	0.573293	0.158094	-0.311342	0.148504	0.0136393	-0.0869437
CUAGC	0.100709	-0.745737	0.114034	0.507981	-0.0716618	-0.123912
GUAGC	-0.0196087	-0.16114	-0.0254014	-0.0255009	0.173628	0.167586
UUAGC	-0.710232	-0.314293	0.266676	0.0950851	0.379792	-0.00712497
AACGC	0.101003	0.183728	-0.666419	-0.203026	-0.495265	0.217783
CACGC	1.01336	-0.510206	-0.0255296	-0.162761	-0.195579	-0.046499
GACGC	0.344055	-0.253148	0.0136212	-0.0472213	0.22725	-0.00372227
UACGC	2.01982	-0.695552	-0.123208	-0.173147	-0.212581	-0.00359382
ACCGC	-0.65725	-0.0392455	0.0407906	0.290507	0.268275	0.119965
CCCGC	-0.675659	0.0505075	0.602085	-0.167715	0.0355922	-0.055349
GCCGC	4.05224	0.545403	-0.0260311	0.0994143	0.176473	0.0390043
UCCGC	-1.1539	0.222844	-0.565166	0.732902	-0.325555	0.123846
AGCGC	0.541492	0.143718	0.128325	0.406118	-0.0511917	0.0115613
CGCGC	-2.07256	-0.1042	0.583323	0.225556	0.273743	0.0642632
GGCGC	2.08684	-0.147729	-0.363245	0.0203611	-0.228148	0.137303
UGCGC	0.938937	-0.508443	-0.17649	-0.311061	0.130867	-0.0926823
AUCGC	-3.06409	-0.0233678	0.095634	-0.144343	0.66476	-0.132231
CUCGC	-3.65692	-0.0776138	0.161267	0.080426	-0.0541501	0.148558
GUCGC	-1.79185	-0.191684	0.729042	-0.0833111	0.164219	0.0257764
UUCGC	0.555812	-0.232965	0.0168111	-0.153168	0.200419	-0.199347
AAGGC	-0.749006	0.237311	-0.0439473	0.211953	-0.157823	-0.0626608
CAGGC	1.04752	-0.172837	-0.324234	-0.0466082	0.0500371	-0.190976
GAGGC	1.41484	0.160658	0.414747	0.0178178	-0.418485	0.0820268
UAGGC	-0.509185	0.0719863	0.106257	0.261914	0.0410578	-0.299308
ACGGC	-0.0309334	-0.260894	0.283541	0.245395	0.210796	0.126007
CCGGC	-0.0868159	0.138431	-0.343021	0.17431	-0.258545	0.158908
GCGGC	6.49841	0.308535	-0.0394857	0.0155183	-0.113545	0.0819537
UCGGC	2.35327	0.0191401	0.0836513	0.00559123	-0.332204	-0.0797014
AGGGC	-0.548326	-0.207434	0.337607	0.148977	0.318263	-0.113688
CGGGC	2.80216	0.277311	-0.866002	0.050309	-0.0193892	0.0579068
GGGGC	6.56269	0.899472	0.442953	0.255398	0.0634773	0.0531916
UGGGC	4.39653	0.0721585	-0.0477535	-0.368265	0.112585	0.112549
AUGGC	1.8864	-0.154321	0.543821	0.360316	0.323938	0.0228983
CUGGC	0.524642	-0.364902	-0.267221	-0.102501	0.456504	-0.106631
GUGGC	3.19174	0.169647	0.868414	0.0848144	-0.19912	0.00195886
UUGGC	1.74165	-0.306633	-0.590525	-0.0878666	-0.240693	-0.118156
AAUGC	0.70149	-0.220691	-0.0163976	-0.0997508	-0.259074	0.0490265
CAUGC	0.989269	0.328019	-0.478587	-0.397367	-0.360188	0.146174
GAUGC	-1.58494	-0.266846	0.216874	0.475762	0.103826	-0.246774
UAUGC	0.768322	0.259377	-0.103866	-0.0960421	-0.201658	0.214527
ACUGC	-0.940086	-0.261447	-0.0869823	0.451138	0.587904	0.21015
CCUGC	3.64419	0.626896	0.343542	-0.307321	-0.417271	-0.190766
GCUGC	2.44437	0.383817	0.0799979	-0.519552	-0.0852041	-0.226181
UCUGC	-2.04375	-0.36351	-0.424272	0.698549	0.476619	0.00238321
AGUGC	-0.257073	-0.265993	0.860489	0.275334	-0.116021	0.335106
CGUGC	-0.383307	0.0832478	0.785854	-0.0978658	-0.18204	0.0709446
GGUGC	-0.00191486	-0.0937441	-0.569523	0.351525	0.732038	-0.0921178
UGUGC	-0.916624	0.0350826	0.31507	-0.133084	0.379864	0.029035
AUUGC	0.315133	0.0916862	0.326662	-0.0505512	-0.471562	0.153498
CUUGC	0.791137	0.301897	-0.0599816	0.16003	-0.0858675	0.132581
GUUGC	-0.192541	-0.237596	0.344135	0.0197377	0.0803008	-0.0477644
UUUGC	1.28703	-0.185135	-0.188015	0.408333	0.290624	-0.0629909
AAAUC	-0.858439	-0.0761977	-0.0906495	0.0150659	-0.35217	-0.0893357
CAAUC	1.04789	-0.365512	-0.257741	0.115713	-0.111956	-0.206795
GAAUC	-1.63626	0.150373	-0.215873	-0.276964	-0.11152	-0.141384
UAAUC	1.60811	-0.633737	0.0482828	-0.415672	-0.142454	-0.110455
ACAUC	1.98182	0.0114232	-0.0399884	0.202911	-0.434016	0.660715
CCAUC	2.56649	0.386929	0.559951	-0.523187	0.29955	-0.331875
GCAUC	1.66747	-0.102975	-0.180981	0.0444279	-0.12641	0.0576669
UCAUC	14.0074	0.802579	0.196583	0.19472	0.0874195	0.0786935
AGAUC	-0.423769	0.1638	0.313493	-0.637524	0.264865	0.0843933
CGAUC	-0.64359	-0.294418	-0.566888	0.380703	0.50319	0.0376188
GGAUC	0.0440706	-0.145488	-0.35837	0.317284	-0.051632	0.242266
UGAUC	1.33078	-0.684369	0.129347	-0.327447	-0.269745	0.0286295
AUAUC	-1.87725	0.288669	0.033624	-0.557214	-0.0202965	0.0347856
CUAUC	0.142914	-0.511492	-0.143502	0.0416025	0.255383	0.183484
GUAUC	-2.86058	0.0500226	-0.620648	-0.181507	0.662998	0.0352563
UUAUC	-0.664946	-0.502145	-0.16837	0.625155	-0.281928	-0.0529734
AACUC	-0.169859	0.00618162	0.226583	-0.755741	0.359984	0.13949
CACUC	-0.283585	0.147214	0.229371	-0.0237846	0.12894	0.0913125
GACUC	-2.26417	0.17857	-0.374107	-0.498325	0.824983	-0.0468131
UACUC	-0.120062	0.186206	-0.719999	-0.301186	0.420051	-0.0792615
ACCUC	1.57239	-0.539512	-0.208987	0.197569	-0.0317857	-0.426192
CCCUC	1.18306	0.104605	0.175099	0.458904	-0.0395885	-0.0206373
GCCUC	-0.0511093	-0.753476	0.372848	0.332517	-0.244198	-0.0196638
UCCUC	-1.1364	-0.0135511	0.514818	-0.368528	-0.0597488	-0.118174
AGCUC	-0.963924	0.403211	-0.608882	-0.944238	-0.0655855	0.19461
CGCUC	1.13204	-0.721076	-0.0503104	-0.0918056	-0.0370549	-7.59241e-06
GGCUC	2.58014	0.29059	-0.212178	0.0954508	0.432673	-0.0700513
UGCUC	0.429557	-0.394274	0.181927	0.0173121	-0.353392	-0.0140189
AUCUC	-1.00482	0.0606873	0.158052	0.0516056	0.0432704	0.154163
CUCUC	2.39026	0.632855	-0.177498	-0.452662	0.493704	-0.241384
GUCUC	1.81287	-0.613846	-0.443439	-0.221842	-0.310789	0.0525397
UUCUC	1.82006	0.302234	-0.00587236	0.050662	-0.219913	-0.491144
AAGUC	-0.567727	-0.0502215	0.70404	-0.412989	-0.248433	0.0698666
CAGUC	-1.22161	0.0687487	-0.0106284	0.510849	0.0757519	-0.175321
GAGUC	-0.158624	-0.351179	-0.44088	-0.0209588	0.414766	0.285109
UAGUC	-2.19669	-0.210304	0.218015	0.335952	0.465564	0.303686
ACGUC	-0.418987	0.234904	0.121585	-0.0668244	-0.169527	-0.0694196
CCGUC	-1.97522	0.307167	-0.175618	-0.552284	0.282981	-0.0183397
GCGUC	0.911966	-0.385009	-0.0203816	-0.0899634	0.0596057	0.0838635
UCGUC	-2.75707	0.123233	-0.336096	0.00675973	0.301152	0.247257
AGGUC	-0.524008	0.111024	-0.113703	-0.0347481	0.689244	-0.0221336
CGGUC	-0.14965	0.150152	-0.100568	-0.0985137	0.190825	0.00433468
GGGUC	0.0139932	0.331783	0.0374674	0.174668	-0.191613	-0.0495192
UGGUC	0.0240358	-0.142105	-0.0496399	0.0723805	-0.0167499	0.133958
AUGUC	-0.932912	-0.23342	-0.0676992	0.360378	0.179739	0.102495
CUGUC	-0.495436	0.244406	-0.242077	0.28286	-0.841481	0.0873891
GUGUC	-0.299061	-0.388454	-0.654163	0.598403	0.353512	-0.0178713
UUGUC	0.608006	0.161948	0.186572	-0.826595	-0.112671	-0.136258
AAUUC	0.17753	0.0130947	-0.0592809	0.346585	-0.348443	-0.237614
CAUUC	-1.0496	0.0748807	0.448061	-0.0830264	-0.218161	0.208825
GAUUC	-0.50725	-0.101565	0.124445	-0.061154	0.469258	-0.430545
UAUUC	-0.207904	0.0470714	-0.292556	-0.101076	0.58889	-0.338313
ACUUC	2.07534	0.307516	0.111304	0.394202	0.638187	0.107016
CCUUC	1.8515	0.637159	0.556235	-0.333544	-0.00815773	0.0730488
GCUUC	1.34086	-0.148725	-0.126565	0.099569	0.269593	0.0172886
UCUUC	-6.06414	0.00857636	-0.0756219	-0.625045	-0.726472	0.0860958
AGUUC	0.250578	-0.0351315	0.280513	-0.126125	-0.451137	0.0338627
CGUUC	-0.464961	0.445312	-0.235786	-0.125925	-0.137737	-0.258703
GGUUC	0.690499	-0.193224	-0.3209	0.0548072	0.124867	0.0489844
UGUUC	0.900987	0.120103	-0.0129063	0.198603	-0.215804	-0.205881
AUUUC	0.208422	0.477503	-0.405329	0.104837	-0.471919	0.245671
CUUUC	0.153685	0.0205895	0.291048	0.188467	-0.396086	0.393432
GUUUC	-0.435087	0.0804075	0.0330136	-0.0565338	0.479169	-0.464
UUUUC	-0.222393	0.0678715	-0.0440641	0.669274	0.115355	-0.00198999
AAAAG	0.425336	0.0812987	0.229832	0.0178085	0.0988989	-0.273839
CAAAG	-2.69286	-0.0336073	0.0941942	-0.334771	-0.125208	-0.182878
GAAAG	-1.54787	-0.128101	-0.133333	-0.152817	0.693902	0.502795
UAAAG	0.903152	0.343117	0.738755	0.0398704	0.0579561	-0.0578857
ACAAG	-1.74655	-0.113288	0.320149	-0.214749	-0.01392	0.773244
CCAAG	0.70608	-0.00895869	0.0743205	0.832359	-0.409683	0.573827
GCAAG	-0.58562	0.147908	0.16724	-0.168254	0.386242	0.208158
UCAAG	-1.7904	0.271252	0.0660399	0.292073	-0.0364381	-0.0321446
AGAAG	1.99128	0.254426	-0.209991	-0.155729	0.277157	-0.134972
CGAAG	-0.7843	-0.0368323	0.22816	-0.162768	-0.481323	-0.0097533
GGAAG	1.97463	0.925296	-0.0392472	-0.386814	0.130758	0.229006
UGAAG	-0.684877	0.110953	0.818166	-0.0361636	1.00192	-0.695038
AUAAG	0.658313	-0.496775	0.179081	0.135828	-0.336609	0.0160969
CUAAG	-0.338468	-0.360634	-0.514122	0.399461	-0.0716752	0.566052
GUAAG	0.336933	-0.370522	-0.293019	-0.416538	0.366218	0.171702
UUAAG	0.619404	-0.0932229	0.233548	0.0502011	-0.307626	0.0869835
AACAG	-1.98894	-0.16072	-0.100554	0.489939	-0.00204525	0.0207865
CACAG	1.33408	0.183144	0.188747	-0.479768	0.124205	-0.025123
GACAG	3.70681	0.241792	0.326011	-0.385313	-0.104231	-0.479986
UACAG	-1.10434	0.0869284	-0.0160633	-0.142211	-0.348866	-0.295913
ACCAG	-1.17967	-0.0799764	0.381419	-0.146402	0.274115	0.235939
CCCAG	0.861559	0.108938	0.111417	-0.0932488	-0.317563	-0.0345275
GCCAG	0.879291	0.512762	0.382938	0.198606	-0.333584	-0.155649
UCCAG	1.13906	-0.317076	-0.433526	1.04903	0.109699	0.202914
AGCAG	0.825181	0.813945	0.109691	-0.788566	-0.318858	0.0928046
CGCAG	-2.02926	-0.107423	0.378574	0.665939	0.235858	-0.0919435
GGCAG	3.18852	0.0693166	0.258109	-0.277865	0.644455	0.110674
UGCAG	1.93782	0.349457	-0.154557	0.499396	0.44229	0.0940501
AUCAG	-2.14192	0.306802	0.731765	-0.114681	0.225993	0.653642
CUCAG	-3.0783	0.0611521	0.120036	0.196483	-0.14781	0.813929
GUCAG	0.0554569	0.324679	-0.859712	0.160571	-0.328049	0.206038
UUCAG	-3.59306	0.122094	-0.162925	0.433012	-0.179997	1.01222
AAGAG	0.347317	0.273422	0.232614	0.0476215	-0.238854	0.0678713
CAGAG	2.53588	0.666965	-0.806797	-0.907265	-0.871738	-0.242778
GAGAG	-1.09342	-0.0449575	0.2537	0.255748	0.375309	0.187356
UAGAG	-0.0576463	-0.0899513	-0.0144432	0.39388	-0.0268382	-0.28704
ACGAG	0.69401	-0.144729	-0.205628	-0.0415972	-0.0576828	-0.108436
CCGAG	0.555887	0.163472	-0.391888	-0.258896	-0.179392	-0.0871762
GCGAG	-1.0677	-0.0681953	-0.0587665	-0.139194	0.109129	-0.0450989
UCGAG	-0.575273	-0.0111734	0.0206586	-0.309432	0.542523	0.0407006
AGGAG	0.170049	-0.00705396	-0.033163	0.145271	-0.0939024	0.0859622
CGGAG	-0.794113	0.0488244	0.504497	-0.176145	0.107481	0.0977477
GGGAG	8.05319	0.412544	0.17237	0.228629	-0.173955	0.0825428
UGGAG	2.30439	0.236883	0.880127	-0.122536	-0.311713	-0.125498
AUGAG	0.208586	0.217237	-0.0190368	0.283791	-0.233965	-0.0763618
CUGAG	-0.828476	0.512349	0.156381	-0.284957	0.502482	0.191103
GUGAG	-0.722521	0.023927	0.0123318	0.122796	0.0539575	0.371463
UUGAG	-0.178908	0.159282	-0.0997544	0.324895	-0.626094	-0.0392236
AAUAG	0.294045	0.0980534	-0.252724	0.0251485	-0.0719827	-0.079882
CAUAG	-0.178499	-0.311568	0.277685	0.255952	0.0301911	-0.0679571
GAUAG	0.310939	-0.187318	-0.0666692	0.193393	0.279792	-0.0933327
UAUAG	-0.214724	0.0389002	0.0401999	0.313917	0.253647	-0.202157
ACUAG	-1.50894	0.263893	0.434994	-0.76207	0.261962	0.241456
CCUAG	-0.648038	-0.0207895	0.333421	0.421186	-0.316901	-0.0746971
GCUAG	-0.339162	0.0655629	-0.289985	0.5221	-0.0715694	-0.112487
UCUAG	-0.28673	0.141327	-0.105555	0.423967	0.162187	0.0915218
AGUAG	-0.526264	0.357709	-0.0720941	-0.51345	0.501301	0.551102
CGUAG	0.510535	-0.0977357	0.0816412	-0.285085	-0.0420117	0.070992
GGUAG	-0.0768077	0.0533167	0.531758	-0.408405	0.0668708	-0.216232
UGUAG	-1.52578	-0.057279	0.65075	0.620488	-0.883238	-0.150853
AUUAG	0.901941	-0.126716	-0.419938	-0.131421	-0.244029	0.32917
CUUAG	0.260326	-0.0613272	0.433341	-0.550118	0.0990257	-0.0828721
GUUAG	-0.625313	-0.362363	0.413424	0.330444	0.200049	-0.27413
UUUAG	2.6839	0.5905	-0.74214	-0.0799376	-0.0107603	0.621395
AAACG	-2.97467	-0.449166	-0.0978503	0.728569	0.56048	0.264528
CAACG	-0.994796	-0.0390671	0.0885977	-0.0294926	0.218008	0.302342
GAACG	-1.67346	-0.227238	-0.186637	-0.693277	0.469723	-0.0455567
UAACG	-0.130462	0.39003	0.132612	-0.362369	-0.0394767	-0.10866
ACACG	-0.928479	-0.600694	0.396963	-0.0619311	0.101684	0.137005
CCACG	-0.495273	0.318705	0.36022	-0.565006	-0.102039	-0.00153536
GCACG	-6.54694	-0.243751	-0.188242	0.976727	0.29924	-0.208457
UCACG	0.843529	-0.0818339	0.0109521	-0.169727	-0.123827	0.0222989
AGACG	-0.907755	-0.0851654	-0.183896	0.679544	-0.0102255	-0.160612
CGACG	-1.05306	0.396824	0.218865	0.145614	0.171351	0.0209683
GGACG	0.882983	-0.10479	0.087282	0.242848	-0.0953842	-0.00827817
UGACG	-4.46846	0.165075	-0.218116	-0.0119579	-0.351752	0.00968526
AUACG	-1.48474	0.452864	-1.04873	0.321358	-0.336979	-0.151326
CUACG	-2.31476	-0.41859	0.49696	-0.257203	0.436776	0.0873353
GUACG	-1.88653	0.216277	0.354972	0.184949	0.746167	0.197158
UUACG	0.79321	-0.00828899	-0.366902	0.177486	0.124475	0.0215793
AACCG	-2.73966	-0.147519	-0.269084	0.751307	0.246051	0.540849
CACCG	-0.483059	-0.292823	-0.0903638	-0.179347	0.485023	0.107739
GACCG	1.8753	-0.0297803	-0.105868	-0.708547	-0.311399	-0.0165838
UACCG	0.120224	-0.218442	-0.302741	0.160201	0.23219	-0.0372954
ACCCG	-1.97395	-0.116014	0.987938	0.102427	-0.16298	-0.571809
CCCCG	1.97828	-0.0908003	-0.109062	0.202805	0.0190081	0.0100082
GCCCG	1.63196	0.0641918	-0.0462444	0.448876	0.227489	0.0926392
UCCCG	-0.213391	-0.0279062	-0.624119	0.274617	0.0856618	0.0583014
AGCCG	3.03879	0.0217882	0.0654773	0.303608	0.060925	-0.0585574
CGCCG	-0.193403	0.0850912	-0.158842	0.408098	0.146779	0.194152
GGCCG	2.8116	0.635614	-0.11192	-0.0593002	-0.174373	-0.0132176
UGCCG	-1.80256	-0.128824	0.516209	0.498561	0.148808	-0.0207454
AUCCG	-0.422209	-0.188404	-0.238066	0.199875	0.20497	0.443441
CUCCG	1.18055	-0.596096	-0.0824939	0.0816151	0.083991	-0.0503134
GUCCG	-4.06165	-0.409907	0.26251	0.313278	0.369576	0.189433
UUCCG	-0.0521449	-0.179501	0.179964	0.0359442	-0.0205814	-0.117659
AAGCG	-0.0528978	0.258727	0.181442	-0.309947	-0.269657	0.298122
CAGCG	2.87078	-0.0269663	0.222647	0.00529413	0.0224956	0.0463721
GAGCG	-2.1823	0.0440807	-0.0697881	-0.112467	-0.192773	-0.00466939
UAGCG	-0.503609	0.0824168	-0.303643	0.24186	0.06451	0.00877168
ACGCG	-1.23502	0.198635	-0.0937985	0.195261	-0.293962	0.0814943
CCGCG	0.0292289	-0.191042	0.16099	-0.0307722	0.0991592	0.076797
GCGCG	1.61962	-0.349893	0.0929577	0.0994169	0.0239499	0.0268803
UCGCG	-0.299888	-0.164753	-0.0265357	-0.0700415	0.167673	0.0261343
AGGCG	0.332076	-0.209316	-0.212185	-0.25774	0.247606	-0.011053
CGGCG	2.87862	0.629587	-0.229873	0.0700842	-0.100269	0.0167572
GGGCG	0.645001	0.538346	-0.511718	-0.0352185	0.152658	0.0192556
UGGCG	-3.10325	0.138527	0.895124	0.475903	-0.188419	-0.0833571
AUGCG	-0.77671	0.179778	0.379077	-0.114122	-0.0185289	0.100698
CUGCG	2.25324	-0.32449	0.225327	-0.199988	0.101047	-0.00125289
GUGCG	-2.67075	-0.240844	0.0249947	-0.095616	1.19526	0.00113353
UUGCG	0.383447	-0.0388607	-0.129122	0.260061	-0.143719	-0.149815
AAUCG	-0.961868	0.540706	-0.406153	-0.433888	0.342391	-0.00327343
CAUCG	-3.4163	0.11478	-0.128899	-0.0550628	-1.11584	-0.134291
GAUCG	-0.984168	0.110406	0.272138	0.210114	-0.0312671	-0.169289
UAUCG	0.6251	0.102802	0.393415	-0.197486	-0.135818	0.155845
ACUCG	-2.02509	0.424173	0.489929	0.172581	0.179668	0.11092
CCUCG	0.262377	0.338581	-0.28798	-0.1778	0.115733	-0.0754029
GCUCG	-3.72874	0.0844661	0.0465601	-0.111268	0.0070692	0.0872182
UCUCG	0.832524	0.523197	-0.233254	-0.181406	-0.272446	0.0491583
AGUCG	-0.660917	0.0544759	-0.118988	0.453674	0.271423	-0.164436
CGUCG	-7.68812	-0.459355	0.353019	0.611861	-0.0197273	0.070252
GGUCG	-3.41736	-0.283418	-0.289313	0.272441	0.509283	0.00781282
UGUCG	0.253722	-0.268833	-0.216411	0.31149	-0.087439	0.133743
AUUCG	-0.912048	-0.175969	0.525921	0.262888	-0.0550933	-0.391475
CUUCG	13.9202	0.606482	0.155397	0.0606418	0.189453	0.00769627
GUUCG	-3.95317	-0.315079	0.584553	0.0867418	0.175508	0.0789746
UUUCG	-1.72297	0.128102	0.801559	0.44545	0.0226123	-0.0865926
AAAGG	-0.549839	0.0389133	-0.554409	-0.0831009	-0.00784584	-0.092306
CAAGG	0.875578	-0.408752	0.0700084	-0.205561	0.0605838	-0.11463
GAAGG	1.83932	-0.219994	-0.279094	-0.243077	0.101097	0.456908
UAAGG	-1.81558	-0.260336	0.267624	0.715008	0.0123513	0.276167
ACAGG	-1.12067	-0.209754	-0.291739	0.376212	0.786274	-0.0670362
CCAGG	0.342486	0.0851775	-0.928346	0.387728	0.112158	-0.141402
GCAGG	3.69235	0.143421	0.478263	-0.141815	0.280171	-0.190946
UCAGG	0.0208298	-0.109558	0.341732	-0.604774	-0.194863	0.340368
AGAGG	0.0126798	0.30534	-0.396278	-0.969788	-0.123538	-0.143405
CGAGG	1.13392	0.262027	0.201388	-0.114308	-0.197387	-0.0450182
GGAGG	4.76166	1.06629	-0.0189878	-0.139501	-0.062285	-0.156131
UGAGG	1.26113	-0.176024	0.192969	-0.629102	-0.0471162	0.0247117
AUAGG	-0.728711	-0.147559	0.693833	0.215219	0.0162431	-0.704754
CUAGG	0.310344	-0.521455	-0.11303	0.0686817	-0.047376	0.264866
GUAGG	0.634201	-0.0571465	-0.00241369	-0.167757	-0.0234977	-0.0828484
UUAGG	2.24378	0.756367	-0.372661	0.0906725	-0.467327	0.109085
AACGG	-2.48438	-0.416699	0.575312	-0.705326	0.488846	0.296064
CACGG	0.731428	0.0480674	-0.0615506	0.198876	-0.138072	-0.00300551
GACGG	-0.241792	-0.417549	0.0918858	0.24841	0.0936441	0.0302348
UACGG	-1.94735	0.0580869	-0.0954123	0.204949	0.723225	-0.107053
ACCGG	0.515772	-0.291502	0.203801	-0.0459585	0.187043	-0.0268936
CCCGG	0.849931	-0.305625	-0.147572	0.144087	-0.0591622	-0.1167
GCCGG	3.48886	0.0587089	0.0288937	0.132789	-0.105131	0.0226916
UCCGG	-4.4972	-0.0504	-0.188523	-0.516251	0.452696	0.212286
AGCGG	0.179312	0.185965	0.0104164	-0.115913	-0.459922	0.074343
CGCGG	-0.0870645	0.371827	-0.109805	0.174622	-0.0347753	0.00659525
GGCGG	0.125256	-0.0823166	0.0491861	-0.299871	0.163129	-0.0229234
UGCGG	0.540788	0.0466053	0.444787	-0.35136	0.630699	0.268506
AUCGG	0.11929	0.0426402	0.0790911	-0.000356261	-0.338465	0.0193355
CUCGG	-0.607799	0.0648245	-0.165353	-0.125035	0.453996	0.00620334
GUCGG	-1.15147	0.155805	-0.57019	0.376682	-0.26674	0.0008768
UUCGG	-1.3329	0.497589	-0.108648	-0.72098	-0.359393	-0.151146
AAGGG	-1.0519	-0.39771	-0.159445	0.57723	0.510005	0.165477
CAGGG	2.57273	-0.0179541	1.11434	-0.34015	-0.353919	0.289798
GAGGG	2.49326	-0.103694	-0.350874	0.0236794	0.187118	-0.303343
UAGGG	0.836562	-0.524687	0.225501	-0.220038	-0.228025	-0.159539
ACGGG	1.03218	0.206564	0.0118052	0.117353	0.0543164	0.216023
CCGGG	4.19911	0.40956	0.344093	0.355609	0.00540729	-0.0487538
GCGGG	5.56963	0.399203	-0.0897328	-0.205486	0.0611412	0.0617508
UCGGG	2.19065	-0.0843341	-0.474818	-0.196605	0.194517	-0.0156024
AGGGG	0.212708	0.220511	-0.100356	-0.269021	-0.0691245	0.514182
CGGGG	3.4758	0.311546	0.576498	0.304186	0.056397	-0.00256182
GGGGG	2.40034	0.397269	0.389665	0.803998	0.179615	0.0412455
UGGGG	7.00982	1.04196	-0.0119493	0.209315	0.0566106	0.019176
AUGGG	1.21989	-0.08818	0.00684879	0.196111	-0.488314	-0.3832
CUGGG	0.597942	-0.0845162	0.144944	-0.0126474	-0.16418	-0.0779294
GUGGG	0.946633	0.674654	-0.299657	-0.0172988	0.182409	0.13583
UUGGG	-0.316101	-0.142505	0.0608793	0.380346	0.0538123	-0.0464009
AAUGG	-2.6577	0.433383	-0.603388	-0.52562	-0.377004	-0.734839
CAUGG	4.31155	0.40041	0.215	0.0979891	-0.329567	-0.0821932
GAUGG	2.04971	-0.00292514	-0.16545	0.373011	0.182042	0.310708
UAUGG	-3.43209	-0.064502	0.204829	-0.408907	0.358702	0.540427
ACUGG	0.438387	0.441589	0.231585	-0.141833	0.0129363	0.186088
CCUGG	0.356848	0.239084	-0.347178	-0.422767	-0.119867	-0.346896
GCUGG	0.19172	0.0450586	-0.110272	-0.138392	0.204983	0.0346796
UCUGG	-0.864198	0.0607327	-0.354566	0.37157	-0.641912	0.545083
AGUGG	1.55099	0.148057	0.364096	0.410369	0.149746	-0.0144647
CGUGG	2.57208	0.246817	-0.739406	-0.149411	0.251183	-0.047554
GGUGG	5.88653	0.0651942	0.00520694	0.396779	0.253105	0.225995
UGUGG	-1.83512	-0.354049	1.01418	-0.0827894	0.386253	0.0423465
AUUGG	-0.736966	-0.137916	0.12972	0.275527	0.119146	0.108885
CUUGG	-0.842979	0.0530729	-0.477635	0.281425	0.461595	0.309716
GUUGG	-0.129096	0.189698	-0.184316	-0.0941395	0.0520377	0.116507
UUUGG	-0.558339	-0.427102	0.622242	-0.0350372	-0.110294	-0.491056
AAAUG	0.306515	0.385658	0.169315	0.311403	2.44577e-05	0.536889
CAAUG	-2.6021	0.137289	0.246815	-0.133687	-0.0796803	-0.220138
GAAUG	1.17198	0.150311	0.119584	-0.202751	-0.624698	-0.492079
UAAUG	-1.47609	0.00436392	0.056741	0.193602	0.341508	0.553272
ACAUG	0.297757	0.243041	-0.0854082	0.422709	0.280214	0.122345
CCAUG	-0.204206	-0.0838931	-0.736132	0.644532	0.0839826	0.0750029
GCAUG	-1.43259	-0.139409	0.513041	-0.557655	-0.340628	0.0858727
UCAUG	1.99811	-0.321876	-0.552903	-0.397334	-0.207102	0.0306006
AGAUG	-1.46851	-0.0929885	0.301967	0.325703	-0.0461462	0.0354613
CGAUG	-5.63184	-0.453595	-0.0173256	0.655561	0.313337	0.00732393
GGAUG	2.60534	0.331857	0.145896	0.115369	0.142904	0.150264
UGAUG	5.57286	0.719278	-0.0479454	0.56123	0.234477	0.130701
AUAUG	-1.39032	-0.274622	0.573121	0.105298	0.20159	0.00329267
CUAUG	-1.438	-0.469753	0.045415	-0.137971	0.0565118	-0.310935
GUAUG	-0.890212	-0.124768	0.322513	0.0127516	0.475908	-0.232229
UUAUG	-1.74327	-0.143942	0.23941	0.120329	-0.353	1.13755
AACUG	-0.261169	0.113917	-0.229471	0.354627	0.132953	-0.0717756
CACUG	-0.150931	0.394788	0.155452	-0.814695	-0.814093	0.20219
GACUG	0.132847	0.112593	0.643095	0.139042	-0.0704012	0.168653
UACUG	-3.00893	-0.164685	-0.57166	-0.178839	0.493209	-0.0986723
ACCUG	-2.92245	-0.13795	0.171736	0.141902	-0.497501	0.0328849
CCCUG	-1.36301	0.12461	0.20141	-0.174013	0.597069	-0.289195
GCCUG	1.40307	0.07177	-0.408493	-0.578901	-0.265752	0.149249
UCCUG	0.318419	0.098351	0.158085	0.0790708	-0.313505	-0.182159
AGCUG	0.773185	0.445303	-0.0573342	0.267832	-0.515517	-0.145254
CGCUG	-1.87841	-0.034983	0.130788	0.545965	-0.34232	-0.0282044
GGCUG	5.31329	0.563086	0.00961418	0.378064	0.312617	-0.028229
UGCUG	4.69524	0.317428	0.0268796	-0.419291	0.314923	0.00324228
AUCUG	-0.452898	-0.107936	0.630727	-0.594862	0.00195733	-0.311463
CUCUG	-0.182824	0.0777209	-0.0828852	-0.172227	0.154804	0.148293
GUCUG	-0.0272298	0.0109931	-0.148016	-0.00465907	-0.252282	0.200653
UUCUG	-0.652684	0.0360521	0.855419	0.326545	-0.232325	-0.447028
AAGUG	0.500603	-0.136067	-0.414275	0.17602	0.0922418	0.111675
CAGUG	-0.951099	-0.22787	0.21099	0.147036	0.593568	0.00787374
GAGUG	-0.785026	-0.224264	0.557783	0.0668241	-0.586036	0.0599114
UAGUG	1.08674	-0.163024	-0.265033	-0.294031	-0.194934	-0.0221699
ACGUG	1.2774	0.198031	-0.445492	-0.394849	0.0941588	0.0735365
CCGUG	0.696216	-0.175452	-0.132613	-0.228276	-0.205752	-0.0752296
GCGUG	-0.243387	0.0481713	0.175168	0.18795	0.116091	0.086535
UCGUG	0.882016	-0.62726	0.0780164	0.109902	-0.080352	0.0353909
AGGUG	-0.793959	-0.102052	0.245359	0.0538318	0.364806	0.204255
CGGUG	0.442404	0.0245905	0.468235	-0.300824	-0.180872	-0.0119368
GGGUG	0.948929	0.364638	-0.1923	-0.492381	-0.0287325	-0.0641038
UGGUG	0.362139	-0.055141	-0.0698662	-0.133896	0.626132	0.181492
AUGUG	1.11564	-0.0335763	0.183516	-0.644204	-0.0844946	-0.354202
CUGUG	0.628991	0.166157	-0.266054	0.149631	0.106749	0.0968765
GUGUG	0.800314	-0.306723	-0.0227087	0.0801423	-0.110991	0.00549417
UUGUG	1.11106	0.157593	-0.0436259	-0.436806	-0.340092	0.128325
AAUUG	-0.317399	0.198984	0.0327507	-0.277164	0.177609	-0.0318919
CAUUG	-1.36833	-0.0334999	-0.147645	-0.238241	0.0564456	0.671695
GAUUG	-0.45975	0.112766	-0.11636	0.317314	0.444213	-0.367597
UAUUG	-0.340622	0.182395	0.868836	-0.31406	-0.558876	0.351664
ACUUG	0.780067	-0.130667	-0.489846	0.0316997	-0.0211386	-0.127909
CCUUG	0.378853	0.113035	0.486685	0.104184	-0.152416	-0.116772
GCUUG	-0.733406	-0.576118	0.196578	0.435955	0.404684	0.0567169
UCUUG	-0.700002	-0.354069	0.179035	0.647595	0.181279	0.273028
AGUUG	-0.928684	-0.209102	0.337535	-0.122141	0.499447	-0.0869966
CGUUG	-0.931378	0.0381126	0.38821	0.0417349	0.0409951	0.00857626
GGUUG	-0.962755	-0.402225	0.342629	0.445076	0.0674594	-0.163973
UGUUG	0.178383	0.333058	-0.15739	-0.183149	-0.00547382	0.286874
AUUUG	-0.107505	0.459391	0.113096	-0.476922	0.207902	0.239574
CUUUG	-1.32869	0.0928834	0.642037	0.231687	-0.353285	-0.482833
GUUUG	-1.30131	-0.0977623	0.076488	0.409384	0.584051	-0.202874
UUUUG	-0.929441	0.164547	0.113286	0.158775	0.196487	0.0911428
AAAAU	0.500728	-0.144287	-0.0993878	-0.390589	0.306976	-0.180016
CAAAU	0.963527	-0.190096	0.307309	-0.291626	0.455981	0.496057
GAAAU	-2.01235	0.0129654	0.169185	0.339926	-0.0723475	0.555793
UAAAU	-0.592008	-0.00954735	0.544155	0.0874479	-0.272449	0.625871
ACAAU	-1.90968	-0.185142	-0.346855	0.478059	-0.603687	-0.538198
CCAAU	-1.84938	-0.43514	0.0891497	-0.883164	0.752235	-0.67542
GCAAU	0.617194	0.089204	0.0322453	-0.213168	0.215856	-0.0728628
UCAAU	-0.00552889	-0.237704	-0.275041	0.450738	0.102145	-0.239154
AGAAU	-4.16399	-0.0917965	-0.0535364	-0.141823	-0.349428	0.387094
CGAAU	-1.00305	0.198994	0.0924766	0.402213	-0.282024	-0.31423
GGAAU	-0.562522	-0.0344085	0.761234	-0.0811738	0.527138	-0.0391372
UGAAU	-1.22464	-0.00783787	-0.352921	0.459903	0.523193	0.0463219
AUAAU	-0.464849	-0.144937	0.167734	0.172338	0.318057	-0.117577
CUAAU	-0.427626	0.196495	0.838101	-0.259042	-0.107334	-0.358041
GUAAU	0.138379	-0.37315	-0.285899	-0.36888	0.190688	0.497193
UUAAU	-2.58485	-0.415542	-0.0890123	0.466078	-0.104328	1.14308
AACAU	-0.247139	0.117102	-0.875915	0.0810385	-0.26909	0.0487576
CACAU	-0.922694	-0.638797	-0.282477	1.18921	-0.172265	0.0816748
GACAU	0.663736	-0.22535	0.104313	-0.30026	0.235522	0.166932
UACAU	1.57221	-0.210476	0.176881	-0.0914254	-0.328413	0.285635
ACCAU	-1.43125	0.240701	0.016271	0.0886311	-0.411281	0.553308
CCCAU	-0.89087	-0.215174	0.272388	0.581943	-0.00988106	-0.255653
GCCAU	0.585852	0.0985272	-0.000713516	0.497236	0.605382	0.163225
UCCAU	-1.93918	0.0429853	0.604977	-0.50681	-0.160301	-0.462062
AGCAU	-0.0883323	0.175549	0.234071	-0.144517	-0.399396	0.17956
CGCAU	1.49877	-0.520383	-0.243957	-0.0768734	-0.100664	-0.128239
GGCAU	1.20734	0.0883168	-0.544025	-0.198558	0.316654	0.133803
UGCAU	-0.628823	0.21009	-0.458267	-0.907177	0.70248	-0.0534948
AUCAU	-3.07801	0.210116	0.316053	0.872248	0.0488673	0.740622
CUCAU	-1.39631	0.10203	0.794262	0.0256302	0.222724	-0.592135
GUCAU	-2.19885	0.0298489	-0.0168999	0.467767	0.11446	0.347511
UUCAU	-2.60316	0.0977523	0.512808	0.130407	-0.0811342	0.730811
AAGAU	0.674378	0.0507878	-0.147752	-0.16825	-0.141327	-0.125783
CAGAU	1.17104	-0.553958	0.0726265	-0.133825	-0.221401	-0.0254024
GAGAU	-1.12762	-0.381538	-0.388321	0.697641	-0.0392848	-0.158155
UAGAU	1.77315	0.173121	-0.133566	-0.545004	-0.466384	-0.201436
ACGAU	-1.84098	0.0448216	-0.624833	0.38764	-0.137473	-0.0508626
CCGAU	1.07979	-0.432364	-0.178154	0.0735451	0.024331	-0.0717839
GCGAU	-0.246656	-0.15255	-0.101118	-0.0890076	0.365018	0.102362
UCGAU	-0.619068	0.178739	0.504369	-0.0576002	-0.0199506	-0.0793034
AGGAU	-0.24959	-0.170602	0.801504	0.124531	-0.278346	-0.217016
CGGAU	0.0622063	0.016536	-0.157346	0.111634	-0.0496985	-0.0803057
GGGAU	0.234888	-0.113676	-0.687059	-0.00599628	0.122841	0.411709
UGGAU	-1.66017	-0.647651	0.0781403	0.620751	0.52707	0.0157578
AUGAU	0.0988403	-0.0438452	-0.709264	0.352469	-0.20857	0.298966
CUGAU	-1.46638	-0.122162	0.313615	0.308362	0.545642	-0.618858
GUGAU	-0.123352	-0.033986	0.0295151	-0.143761	0.365706	0.00947866
UUGAU	0.817662	-0.0140578	0.314524	-0.0762873	-0.525164	-0.292035
AAUAU	-0.219415	0.158531	0.230346	-0.165239	-0.640817	0.348503
CAUAU	1.02192	0.388618	-0.21	-0.365561	0.725702	-0.527224
GAUAU	1.41686	-0.131943	-0.550224	0.382473	-0.576498	-0.211538
UAUAU	0.631281	-0.207451	0.0456626	-0.0990774	-0.0660273	0.0260245
ACUAU	-1.28152	-0.132051	0.143286	0.291569	0.249565	0.311136
CCUAU	-1.5581	0.400748	-0.348459	-0.562099	0.128228	0.0642223
GCUAU	0.00870313	0.171533	-0.303153	0.0598766	0.499835	-0.243172
UCUAU	-4.16632	0.00367511	0.388271	0.533746	-0.0221872	0.226981
AGUAU	-0.472898	-0.175396	-0.0524969	0.421936	0.301788	-0.191379
CGUAU	-0.00881956	-0.189033	0.0715888	0.309504	-0.273293	0.0695651
GGUAU	-2.57475	-0.281789	0.412484	0.515182	0.577863	0.169587
UGUAU	-0.24996	-0.0112445	-0.202732	0.127013	0.391264	-0.000222277
AUUAU	-1.69762	-0.373857	0.187298	0.258232	0.188105	0.582647
CUUAU	-0.0545762	-0.48865	-0.328569	0.392843	0.39764	-0.214868
GUUAU	-0.688418	-0.182842	0.072717	0.636929	0.01185	0.315647
UUUAU	0.799523	0.287032	-0.301179	-0.152422	0.155009	0.137713
AAACU	-0.0340163	0.127725	-0.154967	0.195637	-0.0248066	0.24241
CAACU	-0.230138	0.276988	-0.0202814	-0.0147367	0.349327	0.0235832
GAACU	0.199078	-0.181437	0.0954673	0.251501	-0.163303	0.00823745
UAACU	1.36141	-0.151453	-0.816454	0.269053	-0.0806646	-0.0974657
ACACU	11.3838	0.581348	0.0202626	0.194738	0.0969531	-0.137662
CCACU	0.13545	0.215342	-0.241771	0.110839	0.124784	-0.0711768
GCACU	0.942926	-0.463743	-0.112191	0.112533	-0.241284	0.0205642
UCACU	0.505555	-0.379926	0.117821	-0.414512	0.446122	-0.240409
AGACU	-1.02656	-0.205768	0.477631	-0.301423	-0.0242481	0.0639365
CGACU	-0.0607071	-0.0602418	-0.374195	0.516257	0.11703	0.0559678
GGACU	1.11729	-0.590874	-0.128306	-0.219337	0.00481443	0.0160511
UGACU	-0.202826	-0.0370826	0.0644202	0.342446	0.130276	-0.386511
AUACU	-0.88534	-0.184002	-0.137799	0.412505	-0.107285	0.468286
CUACU	0.515607	0.414336	-0.0791839	0.620914	0.414993	-0.665163
GUACU	-4.04271	0.013726	-0.0222238	-0.241653	-0.145224	0.318116
UUACU	-0.196649	-0.132968	-0.0865361	0.347545	-0.0649993	0.237312
AACCU	-3.6424	0.140583	0.0430444	-0.084433	-0.144769	0.233674
CACCU	-0.266153	0.302912	0.244663	-0.415607	-0.0236458	-0.158078
GACCU	-0.999518	0.183446	0.243372	0.716582	-0.603003	0.25856
UACCU	0.873042	0.243065	-0.201327	-0.00130683	-0.144986	-0.296123
ACCCU	-0.902966	-0.346054	0.410226	0.59629	-0.253782	0.221726
CCCCU	-0.0129597	-0.0743587	0.897706	-0.170709	0.290767	-0.0342186
GCCCU	1.87599	-0.382354	0.135935	-0.340806	0.155211	0.0420317
UCCCU	1.37111	-0.785824	0.111897	-0.188369	-0.42192	-0.178789
AGCCU	0.446235	0.265853	-0.0905552	0.116403	-0.56666	0.1698
CGCCU	-0.152098	0.425481	0.088573	-0.136106	-0.174551	-0.186366
GGCCU	-0.0413293	0.176885	0.599304	0.4718	0.145872	-0.0985317
UGCCU	-0.36795	-0.0472211	-0.222254	0.463143	-0.21396	0.0890735
AUCCU	-0.115356	-0.071494	-0.553339	-0.23979	0.376041	0.0411248
CUCCU	1.44899	-0.184705	-0.150746	-0.0796195	-0.170328	-0.420686
GUCCU	1.61654	-0.379359	-0.261467	0.115845	-0.623271	-0.070892
UUCCU	0.445013	0.0293473	0.14956	-0.211666	-0.599152	-0.0305486
AAGCU	0.997836	-0.0778844	0.403979	-0.154544	-0.616831	0.145686
CAGCU	1.5432	-0.0730726	-0.353875	0.362872	-0.15951	0.00732297
GAGCU	5.32078	-0.528727	0.324329	-0.217429	-0.0571893	-0.060623
UAGCU	0.669176	-0.362368	0.173734	-0.588698	0.111598	0.196593
ACGCU	0.565102	-0.0694208	-0.0293999	-0.00334688	-0.00441494	0.029348
CCGCU	2.40908	-0.256148	-0.100737	-0.0153373	-0.165296	-0.0386253
GCGCU	0.378025	0.0681584	-0.400515	-0.761986	0.204779	-0.0621758
UCGCU	-1.43645	-0.254985	0.72013	0.0777279	0.221518	-0.190591
AGGCU	-0.279082	-0.244938	-0.244999	0.880918	0.00192246	-0.293398
CGGCU	-1.01268	0.362676	-0.805774	-0.603813	-1.08686	0.0638996
GGGCU	1.58169	0.368802	0.317035	0.0404311	0.560016	-0.107615
UGGCU	-0.440044	-0.045159	0.156243	-0.0683393	0.281196	0.0489342
AUGCU	-0.204878	0.150737	0.361159	0.178411	-0.5116	-0.349643
CUGCU	-0.260486	0.0753552	-0.0279051	0.27171	-0.161147	0.050799
GUGCU	-1.00681	0.304826	0.218198	-0.106206	-0.177164	-0.348358
UUGCU	0.0875621	-0.0578083	-0.0278905	-0.213569	-0.193475	0.306615
AAUCU	-0.329212	-0.0222211	0.14546	0.253001	-0.218996	-0.131523
CAUCU	1.96071	0.184865	-0.205793	-0.220808	-0.241108	0.261721
GAUCU	-0.975645	0.170945	0.0699376	0.102946	-0.000731753	0.486307
UAUCU	0.285312	-0.383529	0.165405	-0.27136	0.751891	-0.138793
ACUCU	0.745519	-0.209048	-0.617068	-0.650953	0.59937	0.150358
CCUCU	0.0721439	-0.164281	-0.391172	-0.243954	0.419326	0.0370566
GCUCU	1.45113	0.210908	0.19953	-0.569958	-0.140981	-0.670026
UCUCU	0.170407	-0.0231403	0.443681	-0.307863	0.00530292	-0.168299
AGUCU	-1.55395	0.124514	-0.538366	-0.203568	-0.171715	1.08884
CGUCU	1.10572	-0.050941	-0.198289	-0.299579	-0.109144	-0.0626303
GGUCU	0.597471	-0.0417846	-0.0424156	0.0794389	-0.383367	-0.102219
UGUCU	-0.514094	0.158501	-0.290039	0.346541	0.55766	-0.388713
AUUCU	0.788652	0.303238	-0.118976	0.0599901	-0.205188	-0.243336
CUUCU	-0.020496	-0.266189	-0.224999	0.0317627	-0.0833715	0.0544413
GUUCU	0.371145	-0.210445	0.0983804	0.113794	-0.110573	-0.0829483
UUUCU	0.50211	-0.317511	-0.250683	0.158398	0.669499	-0.177308
AAAGU	0.418379	0.449657	-0.328033	-0.456011	-0.708774	0.452674
CAAGU	0.724674	0.20769	-0.478144	-0.51833	0.202131	0.166853
GAAGU	0.725559	-0.377938	-0.0349219	0.584128	-0.391523	-0.48267
UAAGU	0.352495	0.037793	0.223052	-0.423721	0.0109244	-0.223087
ACAGU	0.62567	-0.656006	0.491557	-0.120701	-0.136974	-0.31545
CCAGU	-0.981971	-0.287982	-0.190971	-0.0696468	0.861819	0.0489865
GCAGU	-0.338203	-0.35139	0.516072	0.0954558	0.380356	-0.0551666
UCAGU	2.21637	-0.709247	-0.622143	-0.219461	-0.173723	0.0238037
AGAGU	-1.16675	0.362082	-0.386256	-0.473431	-0.194862	0.154764
CGAGU	-1.33191	0.0619581	-0.799802	-0.137297	0.66188	-0.175538
GGAGU	-2.83678	0.0841097	-0.0401082	-0.651792	0.0276352	1.26249
UGAGU	-1.67759	-0.651072	0.520614	0.798378	0.0373291	0.114762
AUAGU	-1.02789	-0.300606	0.0151584	0.091523	0.499393	0.0640007
CUAGU	0.045441	0.0354738	-0.139494	0.18352	-0.547698	0.0294764
GUAGU	-0.644294	0.196433	-0.958799	-0.173066	-0.114421	0.137116
UUAGU	0.715251	0.590773	-0.400642	-0.583821	-0.420255	0.0837716
AACGU	0.981023	-0.330242	0.0663676	-0.176681	-0.390449	-0.101796
CACGU	0.857131	-0.603745	-0.323848	-0.542098	0.058719	0.0570915
GACGU	1.44256	-0.302625	-0.0866268	-0.165756	-0.304806	-0.105161
UACGU	-0.267788	-0.124492	-0.203704	0.155058	0.350492	-0.0426479
ACCGU	-0.621417	0.120347	-0.19224	-0.06123	0.0576034	0.279172
CCCGU	-1.56066	-0.195576	-0.0340005	0.573739	-0.299348	-0.155399
GCCGU	-3.26851	0.279662	0.660823	-0.955812	-0.266235	-0.706538
UCCGU	-1.27867	-0.0941916	-0.0322049	0.261509	0.334898	0.194059
AGCGU	-0.319236	0.100103	0.225867	-0.145338	0.0766264	0.208867
CGCGU	0.58317	-0.536835	0.0287345	-0.153494	-0.0722509	-0.00285198
GGCGU	-0.888444	-0.0565233	-0.366603	0.0367299	0.301941	-0.190582
UGCGU	0.557953	-0.324297	0.0372092	-0.0758619	0.0636937	0.0277464
AUCGU	0.0846756	-0.0697992	-0.249586	0.0234542	-0.000686656	0.194027
CUCGU	0.526581	-0.409331	0.37629	-0.0220407	-0.294641	0.00411418
GUCGU	-1.44288	0.0996657	-0.454106	0.317466	0.18577	0.0122766
UUCGU	-3.21819	0.0566279	-0.116821	0.0631976	-0.129967	0.370926
AAGGU	-0.522305	0.192131	-0.0370411	0.610756	-0.711323	-0.1608
CAGGU	0.429325	-0.117643	0.104112	-0.659086	0.135234	0.0600276
GAGGU	0.378386	0.0133619	-0.444812	-0.296818	0.234649	0.0565652
UAGGU	0.228175	-0.254891	0.0617341	0.592152	-0.151807	0.0317631
ACGGU	-0.172174	0.192591	0.141791	-0.118935	-0.340915	0.0200446
CCGGU	-1.09774	0.119489	0.52338	0.225096	0.0622147	-0.0282479
GCGGU	0.463381	0.0515882	0.0998529	-0.569538	0.127856	-0.148542
UCGGU	1.32595	-0.454841	-0.0843953	-0.170996	-0.0544023	-0.0442357
AGGGU	0.345949	0.202822	-0.228364	0.30876	0.248638	-0.369607
CGGGU	-0.164798	0.0192742	0.240944	-0.157926	0.00791173	0.00745294
GGGGU	-3.24422	-0.767798	0.521878	0.872013	0.369226	0.365497
UGGGU	-1.72107	-0.576625	0.966688	0.317893	-0.141843	-0.400736
AUGGU	-0.298222	-0.429146	0.356889	0.416596	-0.178586	-0.0161731
CUGGU	-0.402591	0.184817	0.00456057	-0.0847288	-0.371528	0.34791
GUGGU	-0.582712	0.0998183	0.246249	0.369191	0.646829	-0.121039
UUGGU	-0.423449	0.0293704	0.154149	-0.548597	0.402998	0.0687222
AAUGU	0.66546	-0.364112	-0.134511	-0.188703	0.444093	-0.0405198
CAUGU	0.285114	-0.275558	-0.0307839	0.0661275	-0.079799	0.253403
GAUGU	-3.05759	-0.35399	-0.20498	0.730081	0.237061	-0.0327122
UAUGU	1.30285	0.333396	0.149505	-0.228949	-0.589595	-0.192579
ACUGU	-1.49317	-0.541247	-0.479157	-0.16007	-0.969444	0.0370224
CCUGU	0.589143	-0.498885	-0.413375	0.107453	0.162729	0.251584
GCUGU	-0.525796	-0.156789	-0.243337	-0.164103	0.00615107	0.266562
UCUGU	1.14898	-0.337302	-0.126302	-0.4362	-0.0609935	-0.246894
AGUGU	0.653473	0.178759	-0.590648	0.161626	-0.399033	-0.0105448
CGUGU	-1.17819	0.0268553	-0.899503	0.638604	0.208892	0.0887991
GGUGU	0.0921239	-0.0479598	0.31762	-0.191811	-0.0603431	-0.0123282
UGUGU	-1.05968	0.0129904	-0.0800383	-0.0151294	0.706381	-0.254543
AUUGU	-0.704514	-0.144163	0.160338	0.225403	-0.0184336	0.324058
CUUGU	-0.100609	-0.0685831	0.392966	-0.2141	0.105161	-0.166364
GUUGU	0.0258911	-0.0176203	0.408	-0.637187	0.0285864	-0.250095
UUUGU	1.91509	-0.690877	-0.350399	-0.490356	-0.157422	-0.000617871
AAAUU	0.900507	-0.122442	0.0251464	-0.461331	0.192976	-0.264804
CAAUU	-0.406794	-0.00597817	-0.166559	-0.120889	0.542079	-0.371122
GAAUU	0.930339	-0.339032	-0.315268	-0.107705	0.293927	0.0615036
UAAUU	0.86196	-0.36359	-0.425611	0.267175	-0.073136	0.102927
ACAUU	-0.165934	0.119319	0.186598	-0.34706	0.134693	0.268749
CCAUU	-0.724548	-0.263172	0.542697	-0.0878544	-0.987107	0.490502
GCAUU	0.114151	-0.231306	0.242193	-0.15857	0.427235	-0.196675
UCAUU	0.75125	-0.463741	-0.197409	-0.184075	0.347657	-0.00953789
AGAUU	-0.968802	0.169323	0.0557263	0.567683	-0.549188	-0.0256834
CGAUU	-0.105553	0.25232	-0.0347949	-0.192047	0.135442	-0.0159857
GGAUU	-0.182645	0.0936668	0.2561	-0.520425	0.098703	0.362752
UGAUU	0.298863	0.00348595	-0.169853	-0.0398516	0.487091	-0.521182
AUAUU	0.488822	-0.00827881	-0.32183	-0.0766044	0.0931252	0.216994
CUAUU	-3.70505	-1.51495	-0.134811	0.0562216	0.215198	0.705126
GUAUU	0.218589	-0.0951153	0.0305326	-0.398711	0.270972	0.0622101
UUAUU	-0.737672	-0.253873	0.0818767	-0.531111	0.387579	-0.463646
AACUU	-1.67049	0.135561	-0.046943	0.135586	0.0131702	-0.268538
CACUU	-2.07686	-0.0517868	-0.00532464	1.05436	0.01615	-1.19542
GACUU	0.162657	0.21552	-0.0334843	-0.0718679	0.150331	-0.0677288
UACUU	-3.00819	-0.0729803	-0.631287	-0.102303	-0.429886	0.548868
ACCUU	0.585427	-0.53272	0.286837	-0.163811	-0.202441	-0.214015
CCCUU	-2.11795	0.168062	-0.359199	-0.166764	-1.11235	0.168838
GCCUU	-0.0972319	-0.460602	-0.0655758	0.119543	0.26651	-0.00756308
UCCUU	0.494309	0.00571517	0.0324271	-0.297161	0.150667	0.23465
AGCUU	-0.0927404	0.40788	0.313568	-0.168926	-0.032759	0.116126
CGCUU	-2.06948	0.0919604	0.110991	0.154391	0.30608	-0.0812626
GGCUU	-1.5104	0.102477	-0.549172	0.099312	0.0670255	0.505259
UGCUU	0.211736	0.197204	-0.206417	0.185393	-0.321358	0.0194513
AUCUU	0.62309	0.242376	-0.156956	0.0805498	0.372532	0.154057
CUCUU	-0.894096	0.206966	0.278451	-0.0586069	0.284271	0.152725
GUCUU	-0.0386681	-0.0278229	-0.32469	0.374121	-0.0075281	-0.0751139
UUCUU	-0.06342	0.168533	-0.161357	-0.0849919	-0.136818	0.468876
AAGUU	-0.00820534	0.34527	-0.606394	0.286063	-0.727747	-0.5144
CAGUU	-1.07334	-0.046305	0.00380768	0.499469	0.718801	-0.130045
GAGUU	-0.250028	-0.228113	0.171162	-0.474668	0.0556968	0.302247
UAGUU	-0.0624022	0.0174328	0.469512	-0.0891619	-0.40558	0.268806
ACGUU	0.412656	0.0730609	0.0052686	0.0406481	-0.309732	-0.0698573
CCGUU	1.10364	-0.615005	-0.114585	0.116754	0.0679072	-0.129259
GCGUU	1.37288	-0.647427	-0.0884686	-0.207184	-0.0709215	0.0346682
UCGUU	-1.51356	-0.269623	0.744708	0.0940536	-0.216018	0.148292
AGGUU	0.753084	0.0485958	-0.156076	-0.246554	0.17195	-0.0713923
CGGUU	-0.345669	0.254373	-0.0328007	0.23666	-0.110069	0.123975
GGGUU	-0.987747	0.108217	0.0798102	0.27058	0.57507	0.0384435
UGGUU	0.283086	-0.470834	-0.264505	0.343886	0.0828547	-0.137845
AUGUU	0.257436	-0.104789	-0.56461	0.183264	-0.199808	0.248476
CUGUU	0.193849	0.401639	-0.0324664	-0.183991	-0.722314	0.18108
GUGUU	-1.62723	-0.507147	0.191216	0.657253	0.281329	0.061107
UUGUU	-0.298988	-0.499021	-0.19884	0.391213	0.349211	-0.100338
AAUUU	0.926593	0.446947	-0.0921698	-0.689236	-0.251639	-0.257648
CAUUU	0.734946	-0.256333	-0.607712	0.239032	0.0182389	0.0499105
GAUUU	1.93343	-0.192541	-0.616679	-0.201378	-0.325013	0.126296
UAUUU	0.855638	0.137228	0.142014	0.10818	-0.682796	-0.232946
ACUUU	-1.04928	-0.211274	-0.242697	-0.663628	0.724392	-0.209498
CCUUU	0.497274	-0.50012	-0.196646	0.117103	0.0563191	-0.0184846
GCUUU	0.248614	-0.406959	1.85625	0.237297	-0.216723	0.289558
UCUUU	1.24869	0.0126832	-0.232304	-0.166074	-0.617118	-0.098504
AGUUU	0.328846	0.156103	-0.258549	-0.325699	-0.00244483	0.341768
CGUUU	-1.78088	-0.0248799	0.647392	0.0132467	0.273564	0.235446
GGUUU	1.08661	0.143742	-0.0145506	-0.494355	-0.0584124	-0.302602
UGUUU	0.431147	-0.04254	0.00997019	0.334182	0.159019	-0.26421
AUUUU	0.0486183	0.00364359	-0.533472	0.247002	-0.248541	0.363785
CUUUU	2.00079	0.0782622	0.09092	-0.340855	0.0407866	0.0265767
GUUUU	0.721126	-0.137815	0.0284985	-0.182663	-0.58064	0.472214
UUUUU	2.0286	0.153942	0.125156	0.13156	0.187948	-0.117038

Relative affinities to the structural contexts 
P	0.364509
H	0.248459
I	0.367328
M	0.291702
E	1

