1	0.00016132
1	0.000162315
1	0.000161426
1	0.000161052
1	0.000160904
1	0.0001613
1	0.000162314
1	0.000155254
1	0.000162248
1	0.000164003
1	0.000161798
1	0.000161023
1	0.00015989
1	0.000161032
1	0.000162472
1	0.000162212
1	0.000160592
1	0.000160503
1	0.000161232
1	0.000162006
1	0.000161816
1	0.000161452
1	0.000159697
1	0.000161159
1	0.000161437
1	0.000160999
1	0.000161604
1	0.000159466
1	0.000160076
1	0.000161395
1	0.00016411
1	0.000160917
1	0.000162222
1	0.000161975
1	0.000162427
1	0.000158912
1	0.000161569
1	0.000160695
1	0.000162281
1	0.000161051
1	0.000162141
1	0.000158893
1	0.000161407
1	0.000162127
1	0.000161401
1	0.000163323
1	0.000160883
1	0.000161053
1	0.000161333
1	0.000160854
1	0.000161641
1	0.000162731
1	0.000161468
1	0.000160035
1	0.000160657
1	0.000161509
1	0.000160283
1	0.000162148
1	0.000161634
1	0.000160513
1	0.000160592
1	0.000161545
1	0.000159789
1	0.000161134
1	0.000161318
1	0.000159792
1	0.000161808
1	0.00016431
1	0.000160726
1	0.000160961
1	0.000161423
1	0.000161933
1	0.000162118
1	0.00016034
1	0.000159109
1	0.000161437
1	0.000161793
1	0.000163301
1	0.000161431
1	0.000160654
1	0.000161597
1	0.000161485
1	0.000157424
1	0.00016053
1	0.000160349
1	0.000161174
1	0.000161719
1	0.000160572
1	0.000160283
1	0.000164007
1	0.000161581
1	0.000161079
1	0.000162777
1	0.000160358
1	0.000159894
1	0.000157312
1	0.000160686
1	0.000161889
1	0.000160754
1	0.000161347
1	0.000159771
1	0.000161442
1	0.000160414
1	0.000160895
1	0.000161348
1	0.000162193
1	0.000160716
1	0.000159772
1	0.000160951
1	0.000161188
1	0.000159481
1	0.000160012
1	0.000160455
1	0.000161615
1	0.00016061
1	0.000160574
1	0.000158363
1	0.000161341
1	0.000159583
1	0.000161892
1	0.000161766
1	0.000162323
1	0.000161202
1	0.000160467
1	0.000159988
1	0.000161331
1	0.000162301
1	0.000162941
1	0.000157865
1	0.000160906
1	0.00016112
1	0.000165469
1	0.00016124
1	0.000162157
1	0.000159579
1	0.00016059
1	0.000161495
1	0.00016505
1	0.000161543
1	0.000160708
1	0.000161641
1	0.000161213
1	0.000161975
1	0.000161759
1	0.000161816
1	0.000161106
1	0.000161482
1	0.000160708
1	0.000160201
1	0.00016164
1	0.000160849
1	0.000161069
1	0.000160925
1	0.00016211
1	0.000162235
1	0.000161488
1	0.000159441
1	0.000160825
1	0.000161391
1	0.000162475
1	0.000162312
1	0.00016281
1	0.000163529
1	0.000160969
1	0.000161415
1	0.000161007
1	0.000160761
1	0.000161578
1	0.000160925
1	0.000160401
1	0.000160278
1	0.000161799
1	0.000161552
1	0.000163131
1	0.000162061
1	0.000158836
1	0.000162793
1	0.000158365
1	0.000161715
1	0.000160077
1	0.000161179
1	0.000161227
1	0.000161017
1	0.000161066
1	0.00016132
1	0.000161154
1	0.000161003
1	0.000160101
1	0.00016074
1	0.000160992
1	0.000161993
1	0.000161123
1	0.000161166
1	0.000160921
1	0.000160092
1	0.000162319
1	0.00016132
1	0.000158155
1	0.000161601
1	0.000162197
1	0.000159974
1	0.00016042
1	0.000159981
1	0.000162337
1	0.000161433
1	0.000159588
1	0.000161228
1	0.000161219
1	0.000159758
1	0.000160087
1	0.000160371
1	0.000162292
1	0.000158831
1	0.00016056
1	0.000160271
1	0.000162162
1	0.000161976
1	0.000162003
1	0.000161692
1	0.000162011
1	0.000160469
1	0.000160167
1	0.000161388
1	0.000161372
1	0.00016067
1	0.000160802
1	0.000159791
1	0.000161715
1	0.000161321
1	0.00016076
1	0.00016207
1	0.000158971
1	0.000161913
1	0.000160316
1	0.000159434
1	0.000160045
1	0.000158165
1	0.000161048
1	0.000163138
1	0.00016207
1	0.0001609
1	0.00016175
1	0.000161938
1	0.000161221
1	0.000159291
1	0.000161612
1	0.000158881
1	0.000161862
1	0.000160081
1	0.000162209
1	0.000160529
1	0.000160871
1	0.000160683
1	0.000160312
1	0.000160887
1	0.000159991
1	0.000161768
1	0.000162317
1	0.000160533
1	0.000161923
1	0.000163684
1	0.000164543
1	0.000161781
1	0.000161044
1	0.00016048
1	0.000161259
1	0.000162432
1	0.000161776
1	0.000160005
1	0.000160226
1	0.000161147
1	0.000160698
1	0.000160043
1	0.00016376
1	0.000161768
1	0.000160404
1	0.000162518
1	0.000161438
1	0.000161075
1	0.000161054
1	0.000161448
1	0.000160231
1	0.000160278
1	0.000161499
1	0.000156
1	0.000161769
1	0.000161671
1	0.00016097
1	0.000160735
1	0.000162699
1	0.000161047
1	0.000161459
1	0.000162214
1	0.000161517
1	0.000161041
1	0.000161726
1	0.000159544
1	0.000161608
1	0.000162335
1	0.000161826
1	0.000161493
1	0.000162047
1	0.000160667
1	0.000160553
1	0.000160744
1	0.000161137
1	0.000159994
1	0.000160726
1	0.000161148
1	0.000160066
1	0.000161311
1	0.000161296
1	0.000161004
1	0.000158667
1	0.000159787
1	0.000159564
1	0.00016169
1	0.000161429
1	0.000160699
1	0.000157592
1	0.000161005
1	0.000159682
1	0.000161891
1	0.00016188
1	0.000160949
1	0.00016277
1	0.000162044
1	0.000161485
1	0.000161717
1	0.00016076
1	0.000159055
1	0.000162908
1	0.000161256
1	0.000161435
1	0.00016036
1	0.00016058
1	0.00015955
1	0.000161077
1	0.000162056
1	0.000160875
1	0.00015998
1	0.000159349
1	0.000161577
1	0.000162641
1	0.000161603
1	0.00015996
1	0.000161062
1	0.000162188
1	0.000159863
1	0.000160408
1	0.000160564
1	0.000160673
1	0.000159946
1	0.00016088
1	0.000161259
1	0.000160075
1	0.00016091
1	0.000161585
1	0.000160912
1	0.000159925
1	0.000160031
1	0.000159872
1	0.000160901
1	0.000162202
1	0.000162488
1	0.000160069
1	0.000160355
1	0.000160034
1	0.000161222
1	0.000161839
1	0.000160149
1	0.000162549
1	0.000161075
1	0.000162152
1	0.000160952
1	0.000161777
1	0.000160064
1	0.000158319
1	0.000161299
1	0.000160571
1	0.00016163
1	0.000160804
1	0.000160434
1	0.000160932
1	0.000161319
1	0.000160296
1	0.000161713
1	0.000161359
1	0.000160468
1	0.000161739
1	0.000162419
1	0.000160428
1	0.000161293
1	0.000162298
1	0.00016109
1	0.00016087
1	0.000160963
1	0.000161584
1	0.000161407
1	0.000163244
1	0.00016057
1	0.00016201
1	0.000161744
1	0.000160164
1	0.00016186
1	0.000159529
1	0.000160923
1	0.000161003
1	0.000162537
1	0.000160985
1	0.000162867
1	0.00016126
1	0.000161407
1	0.000160832
1	0.000161066
1	0.0001637
1	0.000159335
1	0.000160588
1	0.000160673
1	0.000162285
1	0.000162999
1	0.000163726
1	0.000161383
1	0.000162509
1	0.000162888
1	0.000160314
1	0.000161943
1	0.000161495
1	0.000161861
1	0.000159621
1	0.000161405
1	0.00016123
1	0.000160755
1	0.000161662
1	0.000161465
1	0.000160617
1	0.000161873
1	0.000159596
1	0.000160834
1	0.000160171
1	0.000160895
1	0.000160078
1	0.000161513
1	0.000161665
1	0.000160552
1	0.000161424
1	0.000159709
1	0.000160032
1	0.000159793
1	0.000161357
1	0.000160377
1	0.000159828
1	0.000161783
1	0.000160933
1	0.000159581
1	0.000161259
1	0.000160886
1	0.000162045
1	0.000160689
1	0.000160939
1	0.000161657
1	0.00016067
1	0.000163767
1	0.000160193
1	0.000160785
1	0.000162853
1	0.000163188
1	0.000161695
1	0.000159386
1	0.000161029
1	0.00016132
1	0.000160268
1	0.00016165
1	0.000161224
1	0.000159554
1	0.00016024
1	0.00016053
1	0.000162088
1	0.000162292
1	0.000161783
1	0.000161272
1	0.000159919
1	0.000162405
1	0.000162182
1	0.000160494
1	0.000161572
1	0.000163511
1	0.000162255
1	0.000161456
1	0.000161125
1	0.000161841
1	0.000161178
1	0.000162751
1	0.000159281
1	0.000161555
1	0.000162114
1	0.000160325
1	0.000159675
1	0.000163351
1	0.00016279
1	0.00016212
1	0.000163352
1	0.000161355
1	0.000161132
1	0.000161731
1	0.000161313
1	0.000162251
1	0.000161234
1	0.000162136
1	0.000161618
1	0.000161139
1	0.000161333
1	0.000161601
1	0.000160653
1	0.000160794
1	0.000162202
1	0.000161373
1	0.000160136
1	0.000161824
1	0.000160384
1	0.000160465
1	0.000159969
1	0.000160635
1	0.000160857
1	0.000160787
1	0.000160611
1	0.000162503
1	0.000161449
1	0.000161534
1	0.000161033
1	0.000161942
1	0.000161006
1	0.00016191
1	0.000161462
1	0.000161101
1	0.00016204
1	0.000157959
1	0.000159819
1	0.000161098
1	0.00016299
1	0.000161274
1	0.000161548
1	0.000162807
1	0.000160909
1	0.000161243
1	0.000159781
1	0.000162178
1	0.00016042
1	0.000161376
1	0.000161763
1	0.000160717
1	0.000159699
1	0.000160961
1	0.00016078
1	0.000162668
1	0.000158488
1	0.000161067
1	0.000160538
1	0.000161371
1	0.00015986
1	0.000160666
1	0.000160321
1	0.000160484
1	0.000162148
1	0.000160558
1	0.000161894
1	0.000159905
1	0.000159623
1	0.000161511
1	0.000162987
1	0.000163376
1	0.000162141
1	0.00016316
1	0.000161032
1	0.000160826
1	0.000160756
1	0.000160731
1	0.000162048
1	0.000162664
1	0.000160832
1	0.00016219
1	0.00016127
1	0.000161149
1	0.000160452
1	0.000160993
1	0.000162204
1	0.000160453
1	0.000162383
1	0.000160319
1	0.000159973
1	0.000159769
1	0.000160384
1	0.000162875
1	0.000160885
1	0.000161056
1	0.00015951
1	0.000160362
1	0.000161187
1	0.000160369
1	0.000160352
1	0.000161436
1	0.000161506
1	0.000158864
1	0.000160547
1	0.000159924
1	0.000161517
1	0.000161532
1	0.000159698
1	0.00016075
1	0.000162185
1	0.000162024
1	0.000160952
1	0.000161823
1	0.000161185
1	0.000159792
1	0.000160195
1	0.000162121
1	0.00016106
1	0.000162743
1	0.000160708
1	0.000160118
1	0.000160101
1	0.000160894
1	0.000161434
1	0.000160592
1	0.000159877
1	0.00016151
1	0.000162076
1	0.000161595
1	0.000159157
1	0.000159878
1	0.000161072
1	0.000160433
1	0.000162619
1	0.000161034
1	0.000162199
1	0.000160684
1	0.000159963
1	0.000160276
1	0.000160477
1	0.000159634
1	0.00016324
1	0.0001618
1	0.000161073
1	0.000160119
1	0.000161034
1	0.000161285
1	0.000162321
1	0.000162359
1	0.000161049
1	0.000160564
1	0.000161412
1	0.000161082
1	0.000161896
1	0.000161899
1	0.000161714
1	0.000162359
1	0.000159887
1	0.000160669
1	0.000160735
1	0.000161403
1	0.000160492
1	0.000161586
1	0.00016148
1	0.00016236
1	0.000161774
1	0.000160418
1	0.000161371
1	0.000159578
1	0.000161389
1	0.000162776
1	0.000160634
1	0.000161439
1	0.00016262
1	0.00016187
1	0.000161359
1	0.000160563
1	0.000162734
1	0.00016237
1	0.000160509
1	0.000162035
1	0.000160184
1	0.000160967
1	0.000163739
1	0.000161025
1	0.000161309
1	0.000158623
1	0.000161401
1	0.000159587
1	0.000161601
1	0.000161617
1	0.000159277
1	0.00016038
1	0.00016109
1	0.000161547
1	0.000161379
1	0.000160514
1	0.00016234
1	0.000163226
1	0.000160975
1	0.00016303
1	0.000160547
1	0.000160571
1	0.000162542
1	0.000161469
1	0.000161698
1	0.000160922
1	0.000160202
1	0.000160219
1	0.000161024
1	0.000160853
1	0.000161408
1	0.000161581
1	0.000162938
1	0.000162289
1	0.000160428
1	0.000162964
1	0.000160685
1	0.000160267
1	0.000161513
1	0.000160161
1	0.000161081
1	0.000161954
1	0.000161894
1	0.000161153
1	0.000160958
1	0.000161049
1	0.000160191
1	0.00016138
1	0.000157884
1	0.000163153
1	0.000160891
1	0.000160376
1	0.000161898
1	0.000162188
1	0.00016121
1	0.000161098
1	0.000159526
1	0.000160223
1	0.000161744
1	0.000161497
1	0.000161641
1	0.000160417
1	0.000158371
1	0.000162122
1	0.000160422
1	0.000162308
1	0.000161168
1	0.000163532
1	0.000161377
1	0.000159138
1	0.000159976
1	0.000160813
1	0.000161216
1	0.000161596
1	0.000160424
1	0.000159117
1	0.000161514
1	0.000162151
1	0.000161706
1	0.000160195
1	0.000161534
1	0.000162413
1	0.000161352
1	0.000160986
1	0.000160424
1	0.000161657
1	0.000162007
1	0.000161217
1	0.000160995
1	0.000158252
1	0.000162757
1	0.00016138
1	0.000161655
1	0.000161553
1	0.000161162
1	0.000160619
1	0.000163263
1	0.000161646
1	0.000160914
1	0.000159217
1	0.000161542
1	0.000159529
1	0.000163101
1	0.000161229
1	0.000158283
1	0.000160831
1	0.000159832
1	0.000161343
1	0.00016147
1	0.000161351
1	0.000160082
1	0.000160232
1	0.000159606
1	0.000161774
1	0.000160073
1	0.000162948
1	0.000159883
1	0.000161106
1	0.000161465
1	0.000162693
1	0.000160662
1	0.000162704
1	0.000161726
1	0.000159882
1	0.000161314
1	0.000159888
1	0.000161041
1	0.000158845
1	0.000160533
1	0.000161768
1	0.000160431
1	0.000161785
1	0.000162355
1	0.000160094
1	0.000160355
1	0.000161027
1	0.000157833
1	0.000162131
1	0.000161475
1	0.000160693
1	0.00015865
1	0.000162158
1	0.000160721
1	0.000161534
1	0.000161029
1	0.000160603
1	0.000160554
1	0.000159843
1	0.000162269
1	0.000161998
1	0.00016027
1	0.000161552
1	0.000161435
1	0.000163388
1	0.000164081
1	0.000162256
1	0.000160642
1	0.000159834
1	0.000162022
1	0.000162063
1	0.000159692
1	0.000160374
1	0.000161679
1	0.000160609
1	0.000160283
1	0.000161879
1	0.000162695
1	0.000162967
1	0.00016032
1	0.00016203
1	0.000160073
1	0.000159506
1	0.000161231
1	0.000159773
1	0.000159623
1	0.000161716
1	0.000161499
1	0.000161488
1	0.000160132
1	0.000157196
1	0.00016074
1	0.000161775
1	0.000160143
1	0.000160647
1	0.000163312
1	0.000160266
1	0.000160016
1	0.000161045
1	0.000161224
1	0.00016142
1	0.000159273
1	0.000161885
1	0.000161373
1	0.000159903
1	0.000161026
1	0.000160398
1	0.000161671
1	0.000162885
1	0.000160164
1	0.000158444
1	0.000159484
1	0.000163845
1	0.00015993
1	0.00016149
1	0.000159948
1	0.000160578
1	0.000160257
1	0.000161596
1	0.000163264
1	0.000162284
1	0.000160186
1	0.000160874
1	0.000159981
1	0.000161052
1	0.00016066
1	0.000161988
1	0.000162788
1	0.00016171
1	0.00016156
1	0.000161043
1	0.000162074
1	0.00016348
1	0.000159489
1	0.00015991
1	0.000160472
1	0.00016152
1	0.000162447
1	0.000160949
1	0.00016397
1	0.000159699
1	0.000160005
1	0.000160045
1	0.0001605
1	0.000160759
1	0.000161348
1	0.000160136
1	0.000160345
1	0.000160306
1	0.000161754
1	0.000161539
1	0.00016094
1	0.000161513
1	0.000164807
1	0.000160953
1	0.000160488
1	0.000161528
1	0.000163969
1	0.00016083
1	0.000159927
1	0.000161143
1	0.000161867
1	0.000162509
1	0.000162432
1	0.000159834
1	0.000161722
1	0.000160867
1	0.000161015
1	0.000158899
1	0.000161383
1	0.000160394
1	0.000161562
1	0.000160756
1	0.000160632
1	0.000162425
1	0.000162586
1	0.00016306
1	0.000163212
1	0.00016134
1	0.000161345
1	0.000161195
1	0.000161815
1	0.000162733
1	0.000160309
1	0.000161449
1	0.000161085
1	0.00016118
1	0.000159609
1	0.000161192
1	0.000160829
1	0.000160867
1	0.000162398
1	0.000159374
1	0.000160112
1	0.000162778
1	0.000160503
1	0.000161233
1	0.000160505
1	0.000161525
1	0.000163025
1	0.000161326
1	0.000160939
1	0.000162954
1	0.000160616
1	0.00016124
1	0.000160616
1	0.000161085
1	0.000162174
1	0.000161209
1	0.000162125
1	0.000160891
1	0.000161202
1	0.000159714
1	0.000159794
1	0.00016011
1	0.000161632
1	0.000161247
1	0.000161938
1	0.000162266
1	0.000160477
1	0.000161173
1	0.00016048
1	0.000161014
1	0.000160349
1	0.000160935
1	0.000161115
1	0.000159547
1	0.000161765
1	0.000161439
1	0.000161878
1	0.000160135
1	0.000159236
1	0.00016153
1	0.000161311
1	0.000161175
1	0.000162548
1	0.000161285
1	0.000160641
1	0.000163833
1	0.000160495
1	0.000160757
1	0.000159976
1	0.000160142
1	0.000160164
1	0.000161375
1	0.000161596
1	0.000162138
1	0.000161666
1	0.000162236
1	0.000159383
1	0.000160789
1	0.000159717
1	0.000160402
1	0.000164594
1	0.000161543
1	0.000159671
1	0.000161705
1	0.000161356
1	0.000159767
1	0.000159267
1	0.000161746
1	0.000162383
1	0.00016439
1	0.000159755
1	0.000159859
1	0.00016164
1	0.00016035
1	0.000159775
1	0.000161652
1	0.00016173
1	0.000161689
1	0.000160693
1	0.000161276
1	0.000161496
1	0.000161626
1	0.000160997
1	0.000162151
1	0.000159381
1	0.000161042
1	0.000161754
1	0.000161722
1	0.000161003
1	0.00016096
1	0.000163198
1	0.000162037
1	0.000161202
1	0.000161393
1	0.00016275
1	0.000161688
1	0.000160313
1	0.000159913
1	0.000161583
1	0.000161456
1	0.00016074
1	0.000161325
1	0.000160547
1	0.000161419
1	0.000162426
1	0.000161539
1	0.000161426
1	0.000160933
1	0.000161998
1	0.000161982
1	0.000161976
1	0.000161911
1	0.0001605
1	0.000161414
1	0.000160679
1	0.00016274
1	0.000160781
1	0.000160265
1	0.000159769
1	0.000160394
1	0.00016082
1	0.00016105
1	0.000161341
1	0.000161807
1	0.000160447
1	0.000161789
1	0.00016012
1	0.00016106
0	-0.000140475
0	-0.000141712
0	-0.000143081
0	-0.000142382
0	-0.000143863
0	-0.00014115
0	-0.000140884
0	-0.000143918
0	-0.000140511
0	-0.000140051
0	-0.000140885
0	-0.000140351
0	-0.000145523
0	-0.000140606
0	-0.000142727
0	-0.000142626
0	-0.000142835
0	-0.000141802
0	-0.00014216
0	-0.000140819
0	-0.000142036
0	-0.000142104
0	-0.000144506
0	-0.000140093
0	-0.000142477
0	-0.000141768
0	-0.00014169
0	-0.000143732
0	-0.000144535
0	-0.00014164
0	-0.000140632
0	-0.000140823
0	-0.000141496
0	-0.000140238
0	-0.000141657
0	-0.000142844
0	-0.000142486
0	-0.00013824
0	-0.00014236
0	-0.000142272
0	-0.000142232
0	-0.000141537
0	-0.000142672
0	-0.000141015
0	-0.00014202
0	-0.000143831
0	-0.000141307
0	-0.0001411
0	-0.000143201
0	-0.000141891
0	-0.000141993
0	-0.000141592
0	-0.000142633
0	-0.00014331
0	-0.000141167
0	-0.000141768
0	-0.000142129
0	-0.000141705
0	-0.000141078
0	-0.000140785
0	-0.000142864
0	-0.000142637
0	-0.000140289
0	-0.00014398
0	-0.000142545
0	-0.000141699
0	-0.000138958
0	-0.000141375
0	-0.000141586
0	-0.000143756
0	-0.00014298
0	-0.000143419
0	-0.000142518
0	-0.000142121
0	-0.00014169
0	-0.000141397
0	-0.000141181
0	-0.000142101
0	-0.000141396
0	-0.000141728
0	-0.000141006
0	-0.000141751
0	-0.000138696
0	-0.000138991
0	-0.00014269
0	-0.000139973
0	-0.000141206
0	-0.000139476
0	-0.000143404
0	-0.000141093
0	-0.000143537
0	-0.000141757
0	-0.000142047
0	-0.000141058
0	-0.000142291
0	-0.000142199
0	-0.000142002
0	-0.000142171
0	-0.000142537
0	-0.000140752
0	-0.00014096
0	-0.000141754
0	-0.0001437
0	-0.000142555
0	-0.000141404
0	-0.000141846
0	-0.000142184
0	-0.000140363
0	-0.000142648
0	-0.000141265
0	-0.000143645
0	-0.000140753
0	-0.000141707
0	-0.000140911
0	-0.000142803
0	-0.000140731
0	-0.000142623
0	-0.000142661
0	-0.000140991
0	-0.000141846
0	-0.000142848
0	-0.000141369
0	-0.000140126
0	-0.000143097
0	-0.000141059
0	-0.000142254
0	-0.0001408
0	-0.000142373
0	-0.000140249
0	-0.000142091
0	-0.00014161
0	-0.000139344
0	-0.000141355
0	-0.000141995
0	-0.00014356
0	-0.000138689
0	-0.000141461
0	-0.000141576
0	-0.000143316
0	-0.000141586
0	-0.000142274
0	-0.000142294
0	-0.000141605
0	-0.00014285
0	-0.00014227
0	-0.000142043
0	-0.000142965
0	-0.000142508
0	-0.000140892
0	-0.000140334
0	-0.000142208
0	-0.000141326
0	-0.000142056
0	-0.00014119
0	-0.0001434
0	-0.000142108
0	-0.000142905
0	-0.000143866
0	-0.000142444
0	-0.000142212
0	-0.00014075
0	-0.000142262
0	-0.000141384
0	-0.00014207
0	-0.000143621
0	-0.00014188
0	-0.000142991
0	-0.000141984
0	-0.000140209
0	-0.000142072
0	-0.000140985
0	-0.000142627
0	-0.0001415
0	-0.000142728
0	-0.000141414
0	-0.000142371
0	-0.000142304
0	-0.000141754
0	-0.000142733
0	-0.000141065
0	-0.000141715
0	-0.000139604
0	-0.00014291
0	-0.000143557
0	-0.000137304
0	-0.000137141
0	-0.000142013
0	-0.000142388
0	-0.000141764
0	-0.000143609
0	-0.000141525
0	-0.000144061
0	-0.000141677
0	-0.000142216
0	-0.000142666
0	-0.000141319
0	-0.000142101
0	-0.000141072
0	-0.000144119
0	-0.000141276
0	-0.000143592
0	-0.000142342
0	-0.000143777
0	-0.000142928
0	-0.000139626
0	-0.000143909
0	-0.000142011
0	-0.000141185
0	-0.000142326
0	-0.000142054
0	-0.000141469
0	-0.00014062
0	-0.000143028
0	-0.000141928
0	-0.000144038
0	-0.000142505
0	-0.000142135
0	-0.000140728
0	-0.000141735
0	-0.000140768
0	-0.000142184
0	-0.000142249
0	-0.000141279
0	-0.000143206
0	-0.000142299
0	-0.000142638
0	-0.000143825
0	-0.000141711
0	-0.000142734
0	-0.000142466
0	-0.000143657
0	-0.000142667
0	-0.000141816
0	-0.000141504
0	-0.000141842
0	-0.000141625
0	-0.000142325
0	-0.000142444
0	-0.000140737
0	-0.000140048
0	-0.000140587
0	-0.000145412
0	-0.000141267
0	-0.000143209
0	-0.00014084
0	-0.000141777
0	-0.000142146
0	-0.000142234
0	-0.000141681
0	-0.000142515
0	-0.000141727
0	-0.000141274
0	-0.000141341
0	-0.000140995
0	-0.00014097
0	-0.000141738
0	-0.000142473
0	-0.000143007
0	-0.000142717
0	-0.000142768
0	-0.000141309
0	-0.000140346
0	-0.000140966
0	-0.000140884
0	-0.000143812
0	-0.000141399
0	-0.000140883
0	-0.000140873
0	-0.00014269
0	-0.000141805
0	-0.00014269
0	-0.000145293
0	-0.000141109
0	-0.000141531
0	-0.000142533
0	-0.00014154
0	-0.000143078
0	-0.000143234
0	-0.000142982
0	-0.000141252
0	-0.000144413
0	-0.00014184
0	-0.000139675
0	-0.000142253
0	-0.000143756
0	-0.000142276
0	-0.00014163
0	-0.000139666
0	-0.000141669
0	-0.000143012
0	-0.000140459
0	-0.000146764
0	-0.000139898
0	-0.000144016
0	-0.000142778
0	-0.000143457
0	-0.000141885
0	-0.0001435
0	-0.000142831
0	-0.000142969
0	-0.000143113
0	-0.00013959
0	-0.000141553
0	-0.000142084
0	-0.000139692
0	-0.000142366
0	-0.000142565
0	-0.000142299
0	-0.000141668
0	-0.000141603
0	-0.000142377
0	-0.000141757
0	-0.000141591
0	-0.000141777
0	-0.000140581
0	-0.000141143
0	-0.000142631
0	-0.000143354
0	-0.000141389
0	-0.000141242
0	-0.000142305
0	-0.000141517
0	-0.000138069
0	-0.000142995
0	-0.000141959
0	-0.000141762
0	-0.000142072
0	-0.000141568
0	-0.000139001
0	-0.000140835
0	-0.000140279
0	-0.000140552
0	-0.000141257
0	-0.000143529
0	-0.000142942
0	-0.00014247
0	-0.000141425
0	-0.000137988
0	-0.000141589
0	-0.000141512
0	-0.000142509
0	-0.000139091
0	-0.000141744
0	-0.00014669
0	-0.00014101
0	-0.000140622
0	-0.000141136
0	-0.00014232
0	-0.000143247
0	-0.000140823
0	-0.000141173
0	-0.000141932
0	-0.000140305
0	-0.00014192
0	-0.000142589
0	-0.000142854
0	-0.000141889
0	-0.000140535
0	-0.000142324
0	-0.000143148
0	-0.000139374
0	-0.000142448
0	-0.000142386
0	-0.000143109
0	-0.000140214
0	-0.000140986
0	-0.000142186
0	-0.000142134
0	-0.000139175
0	-0.000141726
0	-0.000141684
0	-0.000140831
0	-0.000141557
0	-0.000142903
0	-0.000140524
0	-0.000140507
0	-0.000143697
0	-0.000140335
0	-0.000142902
0	-0.000141235
0	-0.000141757
0	-0.000142032
0	-0.000141241
0	-0.000143955
0	-0.000143138
0	-0.000141898
0	-0.00014164
0	-0.000141083
0	-0.000142472
0	-0.000139336
0	-0.000141357
0	-0.000141025
0	-0.000142428
0	-0.000143244
0	-0.000140626
0	-0.000142625
0	-0.000143075
0	-0.00014254
0	-0.000141297
0	-0.000140557
0	-0.000141161
0	-0.000142422
0	-0.0001421
0	-0.000142514
0	-0.000143216
0	-0.000142688
0	-0.000142874
0	-0.000142122
0	-0.000142198
0	-0.000141779
0	-0.000141822
0	-0.000141977
0	-0.000143235
0	-0.000141128
0	-0.000142073
0	-0.000143371
0	-0.000141502
0	-0.000140841
0	-0.000143086
0	-0.000141736
0	-0.000143075
0	-0.000140882
0	-0.000142068
0	-0.000142067
0	-0.000142231
0	-0.000143962
0	-0.000142388
0	-0.000142433
0	-0.000143786
0	-0.00014277
0	-0.000142096
0	-0.000141727
0	-0.000141791
0	-0.000141384
0	-0.00014284
0	-0.000140441
0	-0.000140463
0	-0.000141455
0	-0.000141332
0	-0.000142106
0	-0.000142082
0	-0.000142657
0	-0.000144157
0	-0.000143093
0	-0.000142131
0	-0.000142466
0	-0.000142641
0	-0.0001407
0	-0.000142852
0	-0.000143447
0	-0.000141907
0	-0.000141021
0	-0.000142318
0	-0.000142113
0	-0.000141724
0	-0.000141755
0	-0.000141838
0	-0.00014214
0	-0.0001426
0	-0.000141953
0	-0.000145094
0	-0.000141017
0	-0.000142385
0	-0.000141752
0	-0.000143746
0	-0.000143461
0	-0.000141206
0	-0.00014134
0	-0.000138197
0	-0.000140815
0	-0.000141326
0	-0.000142209
0	-0.000140665
0	-0.000142265
0	-0.000142282
0	-0.000142055
0	-0.000142298
0	-0.000142514
0	-0.000142051
0	-0.000141327
0	-0.000142261
0	-0.000142516
0	-0.000141515
0	-0.000142103
0	-0.00014293
0	-0.000142501
0	-0.000142022
0	-0.000141502
0	-0.00014245
0	-0.000142443
0	-0.000140889
0	-0.000142993
0	-0.00014237
0	-0.000143075
0	-0.000139169
0	-0.000143489
0	-0.000140535
0	-0.000143226
0	-0.00014146
0	-0.000143101
0	-0.000142201
0	-0.000142501
0	-0.000141511
0	-0.000140216
0	-0.000141642
0	-0.000141658
0	-0.000142504
0	-0.000143118
0	-0.000141102
0	-0.000140136
0	-0.000143626
0	-0.000141589
0	-0.00014248
0	-0.000142891
0	-0.000142414
0	-0.000141834
0	-0.000141958
0	-0.000141928
0	-0.000142055
0	-0.000141691
0	-0.000141572
0	-0.000143338
0	-0.000141488
0	-0.000142047
0	-0.000141654
0	-0.000141528
0	-0.000143949
0	-0.000142024
0	-0.000140614
0	-0.000141709
0	-0.00014113
0	-0.000142209
0	-0.000143072
0	-0.000143197
0	-0.000140584
0	-0.000142983
0	-0.000142812
0	-0.000141253
0	-0.000141995
0	-0.000142442
0	-0.000143038
0	-0.000142235
0	-0.000142717
0	-0.000142665
0	-0.000143191
0	-0.000142053
0	-0.000142633
0	-0.000141076
0	-0.000141478
0	-0.000142561
0	-0.000141664
0	-0.000140857
0	-0.000139963
0	-0.000141773
0	-0.000143693
0	-0.000142411
0	-0.000143236
0	-0.000141126
0	-0.000142322
0	-0.000141202
0	-0.000143351
0	-0.000142502
0	-0.000142432
0	-0.000142001
0	-0.000140865
0	-0.000140364
0	-0.000143294
0	-0.000141498
0	-0.000142997
0	-0.000140583
0	-0.000142071
0	-0.000141858
0	-0.000141888
0	-0.000141801
0	-0.000139743
0	-0.000144307
0	-0.000140544
0	-0.000142798
0	-0.000143035
0	-0.000141802
0	-0.000141663
0	-0.000141121
0	-0.000142326
0	-0.000142421
0	-0.000142926
0	-0.000141281
0	-0.000142035
0	-0.000140761
0	-0.000142129
0	-0.000141222
0	-0.000143243
0	-0.000141686
0	-0.0001405
0	-0.000141749
0	-0.00014368
0	-0.000142822
0	-0.000143458
0	-0.00014202
0	-0.000142894
0	-0.000143003
0	-0.000140484
0	-0.000138514
0	-0.000148697
0	-0.000142906
0	-0.000142039
0	-0.000140432
0	-0.000142772
0	-0.000140876
0	-0.000141825
0	-0.000142982
0	-0.000141279
0	-0.000141945
0	-0.000140236
0	-0.000138863
0	-0.000146293
0	-0.000142811
0	-0.000141934
0	-0.000142826
0	-0.000142428
0	-0.000142844
0	-0.000142798
0	-0.000141048
0	-0.000141674
0	-0.000141962
0	-0.000139986
0	-0.000142065
0	-0.000141992
0	-0.000143785
0	-0.000142651
0	-0.000141054
0	-0.000141587
0	-0.000142466
0	-0.000142982
0	-0.000140814
0	-0.000142085
0	-0.000144164
0	-0.000140441
0	-0.000141221
0	-0.000140274
0	-0.000143155
0	-0.000141706
0	-0.000142022
0	-0.000143553
0	-0.000140928
0	-0.000140903
0	-0.000141872
0	-0.000143643
0	-0.000142185
0	-0.00014473
0	-0.000142069
0	-0.00014208
0	-0.000142093
0	-0.000143434
0	-0.00014335
0	-0.000142592
0	-0.000141306
0	-0.0001396
0	-0.000139712
0	-0.000141433
0	-0.000142535
0	-0.000145174
0	-0.000141353
0	-0.000141991
0	-0.000141783
0	-0.000141117
0	-0.000141835
0	-0.000142034
0	-0.000142206
0	-0.000142218
0	-0.000142864
0	-0.000141589
0	-0.000142207
0	-0.000142149
0	-0.000141392
0	-0.000141498
0	-0.00014258
0	-0.000143109
0	-0.000144176
0	-0.000143284
0	-0.000142968
0	-0.000141493
0	-0.00014357
0	-0.000141499
0	-0.000140519
0	-0.000141603
0	-0.00014213
0	-0.000143428
0	-0.000139058
0	-0.000143527
0	-0.000143151
0	-0.000142804
0	-0.000142445
0	-0.000142154
0	-0.000141706
0	-0.000142375
0	-0.000144732
0	-0.000142585
0	-0.000142027
0	-0.000142966
0	-0.000144984
0	-0.000140503
0	-0.000139371
0	-0.000142331
0	-0.00014014
0	-0.000139817
0	-0.00014195
0	-0.000145145
0	-0.000144662
0	-0.000141695
0	-0.000141952
0	-0.000139583
0	-0.000142488
0	-0.000142164
0	-0.000141046
0	-0.000142696
0	-0.000141513
0	-0.000141828
0	-0.000140613
0	-0.000141773
0	-0.000142391
0	-0.000141269
0	-0.000142325
0	-0.000140626
0	-0.000141725
0	-0.000143981
0	-0.00014097
0	-0.000142534
0	-0.000143962
0	-0.000141028
0	-0.000140912
0	-0.000142001
0	-0.000141711
0	-0.000139014
0	-0.000142271
0	-0.000141748
0	-0.000141993
0	-0.000142243
0	-0.000142778
0	-0.000142077
0	-0.00014208
0	-0.000143705
0	-0.000142959
0	-0.000142803
0	-0.000141986
0	-0.000141781
0	-0.000143024
0	-0.000142329
0	-0.000142039
0	-0.000141308
0	-0.000145532
0	-0.000141478
0	-0.000142543
0	-0.000141618
0	-0.00014209
0	-0.000141328
0	-0.000142642
0	-0.000141894
0	-0.000142349
0	-0.000142094
0	-0.000142048
0	-0.000145712
0	-0.000143489
0	-0.000142805
0	-0.00014291
0	-0.000143786
0	-0.000144926
0	-0.000141088
0	-0.000141247
0	-0.000139045
0	-0.000142218
0	-0.000140876
0	-0.000140602
0	-0.000143174
0	-0.000141267
0	-0.000143605
0	-0.00014394
0	-0.000142153
0	-0.000141453
0	-0.000142892
0	-0.000142187
0	-0.000143801
0	-0.000142112
0	-0.00014326
0	-0.000139881
0	-0.000141374
0	-0.000141801
0	-0.00013993
0	-0.000142971
0	-0.000141084
0	-0.000143246
0	-0.000141327
0	-0.000141881
0	-0.000142039
0	-0.000143575
0	-0.000142263
0	-0.000141513
0	-0.000143618
0	-0.000144502
0	-0.00014206
0	-0.000141053
0	-0.000140832
0	-0.000142901
0	-0.000141742
0	-0.000141417
0	-0.000140176
0	-0.000142259
0	-0.000141934
0	-0.000142179
0	-0.000141701
0	-0.000141861
0	-0.00014239
0	-0.000143733
0	-0.000142324
0	-0.000143147
0	-0.000143573
0	-0.000143425
0	-0.000142406
0	-0.000139499
0	-0.000143463
0	-0.000142115
0	-0.000143056
0	-0.000142364
0	-0.000141031
0	-0.000140776
0	-0.00014382
0	-0.000141658
0	-0.000141624
0	-0.000140894
0	-0.000141761
0	-0.000141318
0	-0.000142695
0	-0.000142664
0	-0.000142039
0	-0.000138778
0	-0.000142262
0	-0.000140669
0	-0.00014414
0	-0.000141477
0	-0.000143243
0	-0.000144494
0	-0.000142902
0	-0.000143324
0	-0.000141533
0	-0.000140802
0	-0.000145495
0	-0.000141491
0	-0.000141366
0	-0.000142471
0	-0.000141924
0	-0.000142997
0	-0.000141903
0	-0.000145628
0	-0.000141333
0	-0.000142718
0	-0.000142836
0	-0.000143955
0	-0.000142566
0	-0.000142303
0	-0.000141795
0	-0.000142119
0	-0.000141277
0	-0.000141089
0	-0.000140302
0	-0.00014202
0	-0.000140745
0	-0.000140804
0	-0.000143049
0	-0.000142172
0	-0.00014252
0	-0.000141698
0	-0.000142154
0	-0.00014203
0	-0.000140212
0	-0.000141207
0	-0.000142048
0	-0.00014175
0	-0.000141515
0	-0.000142105
0	-0.000142103
0	-0.000141916
0	-0.00014165
0	-0.000142366
0	-0.000140285
0	-0.000143034
0	-0.000142697
0	-0.00014085
0	-0.000142757
0	-0.000142455
0	-0.000141829
0	-0.000142461
0	-0.000142704
0	-0.000141726
0	-0.000144048
0	-0.000144719
0	-0.000142007
0	-0.000143289
0	-0.000143042
0	-0.000144255
0	-0.000144189
0	-0.000143818
0	-0.000142576
0	-0.000140654
0	-0.000142221
0	-0.000143309
0	-0.000142078
0	-0.000141393
0	-0.000141847
0	-0.00014369
0	-0.000139801
0	-0.000141465
0	-0.0001431
0	-0.000140815
0	-0.000140934
0	-0.00014149
0	-0.000140122
0	-0.000142452
0	-0.000143048
0	-0.000141067
0	-0.000142676
0	-0.000144193
0	-0.000143092
0	-0.000145107
0	-0.000142323
0	-0.000143307
0	-0.000143945
0	-0.000142897
0	-0.00014153
0	-0.000142714
0	-0.000139906
0	-0.000144566
0	-0.000141213
0	-0.000142025
0	-0.000142481
0	-0.000140899
0	-0.000141219
0	-0.000142035
0	-0.00014319
0	-0.000142405
0	-0.000140808
0	-0.000144122
0	-0.000141186
0	-0.000143049
0	-0.000142457
0	-0.000141663
0	-0.000141089
0	-0.000141672
0	-0.000140916
0	-0.000143528
0	-0.00014207
0	-0.000141318
0	-0.000141997
0	-0.00014246
0	-0.000143137
0	-0.000142181
0	-0.000142597
0	-0.000142959
0	-0.00014251
0	-0.000141416
0	-0.000142145
0	-0.000142525
0	-0.000140661
0	-0.000139645
0	-0.000140546
0	-0.000142093
0	-0.000144709
0	-0.000139745
0	-0.000141903
0	-0.00014176
0	-0.000142739
0	-0.000141583
0	-0.000140988
0	-0.000143148
0	-0.000143512
0	-0.000140647
0	-0.000141519
0	-0.000142577
0	-0.000139294
0	-0.00014262
0	-0.00013993
0	-0.000141563
0	-0.000142182
0	-0.000138049
0	-0.000144275
0	-0.000142271
0	-0.000141449
0	-0.00014302
0	-0.000141665
0	-0.000137286
0	-0.000141418
0	-0.000142354
0	-0.000141669
0	-0.00014217
0	-0.000142075
0	-0.000141513
0	-0.000141846
0	-0.000141151
0	-0.000139643
0	-0.00014416
0	-0.000140772
0	-0.000140916
0	-0.000141226
0	-0.000141947
0	-0.000142419
0	-0.000140458
0	-0.000142293
0	-0.00014349
0	-0.000140896
0	-0.000141206
0	-0.000143523
0	-0.000141852
0	-0.000144535
0	-0.000143051
0	-0.00014076
0	-0.000140055
0	-0.000141983
0	-0.000139299
0	-0.000141181
0	-0.000142472
0	-0.000140378
0	-0.00014199
0	-0.000141314
0	-0.000141462
0	-0.000142987
0	-0.000137623
0	-0.00014248
0	-0.000144924
0	-0.000141888
0	-0.000138726
0	-0.000142
0	-0.000142377
0	-0.000142932
0	-0.000142993
0	-0.000141182
0	-0.00014176
0	-0.000141781
0	-0.00014152
0	-0.000141769
0	-0.000141883
0	-0.000140814
0	-0.000143221
0	-0.000141635
0	-0.000143454
0	-0.000140829
0	-0.000142618
0	-0.000143659
0	-0.000142992
0	-0.000141428
0	-0.000141749
0	-0.000141757
0	-0.000141883
0	-0.000142068
0	-0.000141652
0	-0.000144131
0	-0.000142329
0	-0.00014156
0	-0.000140046
0	-0.000143053
0	-0.000142401
0	-0.000141703
0	-0.000141851
0	-0.000141972
0	-0.000142377
0	-0.000141305
0	-0.000141491
0	-0.000144571
0	-0.000138278
0	-0.000138508
0	-0.000139581
0	-0.000143786
0	-0.000142
0	-0.000142544
0	-0.000141375
0	-0.000143855
0	-0.000142138
0	-0.000140895
0	-0.000142328
0	-0.000142535
0	-0.00014439
