Motif width 5
Base parameters 
AAAAA	0.539983	-0.0496208	0.0125018	-0.0341969	-0.475778	-0.031826
CAAAA	-0.301577	0.606329	-0.22613	-0.896873	-0.0178022	-0.204214
GAAAA	-0.180921	0.129093	-0.119686	0.408349	0.333325	-0.731808
UAAAA	0.132382	-0.203595	0.174	0.0725393	0.003473	0.0338547
ACAAA	0.766969	-0.25457	0.256549	-0.032165	0.05291	-0.102437
CCAAA	0.544588	0.0069564	-0.654185	0.363316	-0.384732	-0.237399
GCAAA	-2.56576	0.208968	-0.27118	-0.0138871	-0.816464	0.290036
UCAAA	-0.68495	0.276045	0.0315363	0.0250267	0.817536	0.0997209
AGAAA	-1.17767	-0.0700337	0.19561	-0.0883875	0.320794	0.589452
CGAAA	-1.88625	0.1339	-0.280167	1.08469	-0.149154	0.328493
GGAAA	0.520669	0.208608	-0.474807	0.0461203	0.509857	-0.410381
UGAAA	-0.174694	-0.0315617	0.171307	0.0766295	-0.503249	0.147218
AUAAA	-0.189191	-0.698781	0.233882	-0.389399	0.735032	-0.34228
CUAAA	0.522727	0.0778478	-0.132474	-0.376032	-0.557803	0.399493
GUAAA	-0.140937	0.173285	-0.572278	-0.411725	0.525889	0.108709
UUAAA	0.508261	0.227853	0.0124004	-0.874185	0.116369	-0.225185
AACAA	-0.0589631	-0.513331	-0.254841	0.310067	0.33518	0.371118
CACAA	-0.177712	0.159122	0.344686	0.328615	0.0456274	-0.000547867
GACAA	-1.39149	-1.02258	0.512194	0.826788	-0.426754	-0.152058
UACAA	1.05075	-0.102862	0.161422	-0.369067	-0.289522	-0.237944
ACCAA	0.392012	1.34958	-0.763495	-1.02731	-0.0643699	-0.727341
CCCAA	-1.17328	0.186621	-0.0598588	-0.785191	-0.0980754	0.723229
GCCAA	1.14678	0.128619	-0.307529	-0.0107795	0.835754	0.273826
UCCAA	-3.65012	-0.0173445	-0.281946	0.51425	-0.426682	0.927458
AGCAA	-2.82458	-0.68297	0.192893	-0.0455623	0.643234	0.985953
CGCAA	-1.13985	-0.220477	-0.0646917	1.05912	-0.905242	0.140947
GGCAA	-1.00139	0.123858	-1.37927	-0.838335	0.306207	-0.539551
UGCAA	-0.0684724	-0.165797	-0.136959	0.140505	0.319012	0.0293054
AUCAA	0.78766	0.0524673	-0.25847	0.490044	0.052817	-0.470297
CUCAA	0.0229789	-0.195227	0.167767	-0.574333	-0.329463	0.532648
GUCAA	-0.114999	-0.332248	0.565606	0.701499	-0.560953	0.178945
UUCAA	0.0434926	-0.469321	0.572144	-0.0861502	-0.192478	-0.311887
AAGAA	-8.06854	-0.31395	-0.329786	-2.01141	0.445228	0.402152
CAGAA	-0.797638	-0.22682	-0.0110412	0.886641	-0.578281	0.128107
GAGAA	0.52082	-0.0058007	-0.176378	-0.115633	-0.625358	-0.519556
UAGAA	-2.39582	-0.00706	-0.117843	-1.07964	0.566069	-0.301813
ACGAA	-1.894	0.761572	0.104246	0.126457	-0.00605949	0.0770516
CCGAA	-1.16747	0.577146	-0.209854	-0.120296	-0.775737	-0.326482
GCGAA	-0.241006	-0.121349	0.179354	0.374917	0.0343075	-0.0431431
UCGAA	0.0677452	0.0474122	-0.0977031	0.0471538	-0.346611	0.031662
AGGAA	-2.84971	-0.51603	-1.31112	0.167661	0.985927	0.797204
CGGAA	1.66861	-0.483361	-0.185739	-0.314483	-0.0650644	-0.101335
GGGAA	1.51679	-0.239005	-0.391248	0.0150493	0.382478	-0.261448
UGGAA	2.16432	-0.563103	-0.329349	-0.387909	-0.479649	-0.13152
AUGAA	1.49928	-0.794246	-0.310643	-0.288259	0.26365	-0.117581
CUGAA	-0.0582778	-0.0618728	0.00251994	-0.748284	0.305333	0.114009
GUGAA	0.918762	-0.46268	-0.173959	0.440297	-0.443148	-0.00074896
UUGAA	2.08875	0.479463	-0.17915	0.325475	-0.0844084	-0.502644
AAUAA	1.20019	0.444112	-0.0147897	0.0636123	0.136583	-0.393361
CAUAA	-1.49762	0.0814227	0.504123	-0.659868	-0.305755	0.65922
GAUAA	0.515945	-0.652375	-0.149098	-0.191083	0.361889	-0.0427631
UAUAA	-1.41107	-0.0693095	0.313257	0.172768	-0.269869	0.498486
ACUAA	-0.639736	0.43737	-0.116982	-0.147757	-1.11662	-0.440743
CCUAA	0.107944	0.217881	-0.0430724	-0.271339	-0.187948	0.325547
GCUAA	-0.0607056	-0.172887	-0.413274	1.3147	0.38643	0.130572
UCUAA	-3.11646	-0.204148	-0.237506	-0.452659	1.02611	0.513234
AGUAA	-1.1961	-0.463378	-0.315945	-0.628124	0.650204	0.545332
CGUAA	-0.43134	0.253734	-0.38913	-0.623435	0.65146	0.0636807
GGUAA	1.60028	-0.236446	-0.363268	-0.0186131	-0.318429	-0.31409
UGUAA	0.271008	0.0697305	-0.398496	-0.228424	-0.25378	0.506815
AUUAA	-1.54176	0.00910653	-1.35963	1.08121	0.0535646	0.0181644
CUUAA	0.591917	-0.080472	-0.0235775	-0.0436457	-0.401762	-0.0131696
GUUAA	0.551729	-0.141612	0.0469015	-0.440288	0.0705284	0.0197894
UUUAA	0.556787	0.134385	-0.165059	0.290952	-0.219267	-0.356627
AAACA	-3.23277	-0.0275535	-0.0800664	0.532823	-0.0967975	-1.0535
CAACA	-0.769366	0.256293	0.16996	-0.559642	0.139634	-0.239695
GAACA	0.202803	0.0843981	0.241605	-0.290022	-0.450957	0.105961
UAACA	-0.71653	0.072305	0.231438	-0.219208	0.38905	-0.138223
ACACA	-0.439944	0.198977	-0.798284	-0.992242	0.309087	0.365615
CCACA	-1.40798	0.324424	-0.0435018	-0.727248	0.450705	-0.86152
GCACA	-0.0141468	0.440791	-0.253764	0.100975	0.128483	0.259846
UCACA	-1.47257	-0.480952	0.542043	0.142297	0.180601	-0.107137
AGACA	-1.61948	0.0716294	-0.0899322	0.613764	0.62937	-0.0447933
CGACA	0.621434	0.373018	0.306736	-0.110351	-0.70019	-0.0884616
GGACA	2.60785	0.757178	-0.165824	0.401371	-0.428474	-0.351152
UGACA	-2.58647	0.306707	-0.954085	-0.499133	-0.0567721	-0.988635
AUACA	0.203635	-0.215957	0.38409	0.381221	0.445918	-0.585814
CUACA	-0.368935	-0.141483	0.754066	-0.0750708	0.551812	1.1891
GUACA	-0.535949	0.442908	-0.145732	0.590461	-1.25106	-0.373019
UUACA	-2.53448	0.296774	-0.610633	0.169593	-0.191383	-0.401283
AACCA	1.33994	0.286581	-0.457827	-0.160897	0.463658	-0.117789
CACCA	-1.29704	0.197081	-0.849051	-1.65887	0.280909	1.02786
GACCA	-2.09056	-0.757788	-0.57266	0.973742	0.424915	0.443403
UACCA	-2.61205	-0.22201	0.0985741	-0.332056	-0.0484919	0.00712713
ACCCA	0.294654	0.0259334	-0.180111	0.235571	-0.415397	-0.297719
CCCCA	0.0665809	0.00287788	-0.233949	0.494023	0.731331	0.522416
GCCCA	-0.928528	0.0169245	0.00680849	-1.03114	0.605127	0.434709
UCCCA	-0.753616	-0.0534791	0.149811	0.775421	-0.432617	0.07561
AGCCA	-0.749208	-0.270255	0.672248	0.0670217	0.389125	-0.0971051
CGCCA	0.393552	0.216359	-0.249878	-0.468079	-0.00183489	-0.0666753
GGCCA	-0.214429	0.104689	-0.260452	0.177771	0.305862	0.148544
UGCCA	3.54165	0.456312	0.0207922	0.0842288	0.737863	0.209628
AUCCA	-0.187116	0.234072	-0.160881	0.439427	-0.940231	0.122729
CUCCA	0.228469	0.0404275	-0.600309	0.203656	0.431006	-0.213006
GUCCA	1.14827	-0.556766	-0.427434	0.271731	-0.23547	-0.0696368
UUCCA	-0.147429	-0.361054	0.2235	0.454163	0.2685	-0.41021
AAGCA	-0.00928781	-0.242515	-0.193186	0.110389	-0.886754	0.880214
CAGCA	1.79234	0.434779	0.0445492	-0.228563	0.588019	-0.324395
GAGCA	-0.00952466	0.291932	-0.894373	0.0713752	0.775797	0.227533
UAGCA	0.284673	-0.0936518	-0.132255	0.221975	0.00477638	0.00219574
ACGCA	0.907388	-0.427784	-0.0564661	-0.211775	-0.321899	-0.00730871
CCGCA	1.19734	-0.628348	-0.249228	0.167896	-0.305933	-0.0795781
GCGCA	-0.42707	0.163183	-0.422086	0.415253	-0.216565	-0.0101001
UCGCA	1.5214	-0.644168	-0.0216966	-0.094076	-0.327864	-0.124679
AGGCA	1.10502	-0.0649963	0.166213	-0.438521	-0.230089	-0.215923
CGGCA	0.685901	-0.0592525	-0.0194258	0.0258768	0.482776	0.114594
GGGCA	2.62359	0.438634	-0.997979	-0.448787	0.41093	0.102701
UGGCA	2.82492	1.07505	-0.253299	0.273283	0.207833	-0.120938
AUGCA	1.20274	0.173933	-0.71526	-0.1896	-0.534199	0.453765
CUGCA	-0.94525	0.0206326	-0.390073	-0.00771494	1.07493	-0.480847
GUGCA	-1.10778	-0.280139	0.433214	0.613648	-0.386995	-0.00172034
UUGCA	-0.777116	-0.318744	-0.508248	0.78853	0.434411	0.306007
AAUCA	-0.717806	0.668034	-0.137048	-0.662975	-1.31802	0.0224218
CAUCA	14.1627	0.374853	0.107033	0.16422	0.0791207	0.041034
GAUCA	0.786797	-0.108326	-0.00110819	-0.327912	0.0359738	0.132626
UAUCA	0.906818	-0.340829	-0.373857	-0.0656527	-0.578364	-0.382295
ACUCA	0.696006	-0.0244937	0.0844979	0.746008	0.0765893	0.914935
CCUCA	0.0529752	0.485006	0.441704	-0.479865	-1.17312	0.527365
GCUCA	0.837612	-0.2196	-0.26602	-0.450184	-0.13569	0.12245
UCUCA	-0.00890631	-0.0694516	-0.576996	0.10781	0.151933	0.445759
AGUCA	0.114438	-0.830195	1.709	-0.111325	0.00800658	0.12861
CGUCA	-0.095963	-0.412345	-0.187341	-0.061281	0.0297482	0.145573
GGUCA	-1.59663	0.0691436	-0.406514	-0.235066	0.42984	0.718471
UGUCA	1.96605	0.158513	-0.52603	-0.291562	-0.564808	-0.172281
AUUCA	-1.89275	0.445617	-1.41469	-0.667381	0.885925	-0.707495
CUUCA	3.72429	0.340233	-0.557818	0.002808	0.116952	0.286583
GUUCA	1.36036	-0.648318	0.120811	-0.140065	-0.648597	-0.102741
UUUCA	0.255711	0.0447341	-0.132503	-0.206491	0.124	0.275447
AAAGA	-0.853636	-0.371109	-0.108659	-0.433588	1.2537	-0.566659
CAAGA	2.0315	-0.989898	0.356496	-0.549229	-0.211399	-0.0433993
GAAGA	1.91796	-0.512719	1.17886	-0.393126	-0.173064	-0.0504727
UAAGA	-1.62118	-0.806602	0.269664	-0.0774438	0.743685	0.350843
ACAGA	-4.22079	-0.0631231	-0.597362	0.22018	-1.21866	0.180741
CCAGA	1.00683	0.0986166	0.0144271	-0.291689	-0.827023	-0.311206
GCAGA	5.55522	0.0141358	-0.147487	0.356413	-0.19918	-0.00336856
UCAGA	2.59315	-0.743799	-0.16401	-0.288712	-0.122294	-0.01965
AGAGA	-0.0369295	0.136205	0.325313	-0.206187	0.304439	-0.4369
CGAGA	1.42678	-0.303207	-0.271421	-0.415162	-0.205593	0.0401968
GGAGA	2.71689	-0.34118	-0.142483	0.915448	-0.122483	-0.402582
UGAGA	-0.445031	-0.309264	-0.16893	0.470547	-0.799203	0.357518
AUAGA	0.729507	0.0867864	-0.337785	-0.611836	-0.122332	0.176592
CUAGA	0.780606	-0.671761	-0.28357	0.13989	0.274614	-0.245795
GUAGA	-2.05007	-0.964841	0.315785	0.871042	0.249766	-0.743069
UUAGA	0.24888	-0.268564	-0.403136	0.0282364	0.412257	0.043748
AACGA	-0.482281	-0.114834	-0.24582	-0.0882063	0.49383	0.193917
CACGA	0.0292831	-0.155435	-0.233641	0.0700135	0.260931	0.0104582
GACGA	-0.18554	0.15791	-0.442354	0.700123	-0.569597	-0.0978445
UACGA	-2.45501	0.853808	-0.0889465	0.0191927	0.0139043	0.00612336
ACCGA	1.9215	-0.564212	-0.495676	-0.288383	-0.409623	0.0255172
CCCGA	-1.32745	-0.0928791	-0.177346	0.865555	-0.071662	0.105025
GCCGA	0.231957	-0.209014	-0.117048	0.134854	-0.232588	0.19349
UCCGA	-0.0656609	0.212649	0.022954	0.200773	-0.0458918	-0.0944822
AGCGA	0.896681	-0.0637643	-0.0179596	-0.24213	-0.0854124	0.0103927
CGCGA	0.495337	-0.162854	-0.118428	-0.00912023	0.152625	-0.0171558
GGCGA	-0.24526	0.324353	-0.933983	-0.508653	-0.187184	0.0457143
UGCGA	0.747051	-0.414747	0.0437866	-0.0373526	-0.350817	-0.129271
AUCGA	-1.31541	-0.356113	0.0805812	-0.515506	-0.314868	-0.337744
CUCGA	1.29871	-0.161099	-0.227329	-0.381699	-0.319412	-0.0628362
GUCGA	0.429999	-0.445345	-0.118263	-0.0217716	0.11017	0.0259141
UUCGA	-0.650925	0.0662866	0.358945	-0.185429	-0.137363	0.203786
AAGGA	-1.55435	0.374171	-0.712259	-0.330719	-0.423663	0.0414495
CAGGA	0.402276	-0.328882	-0.147732	-0.0543098	0.34224	0.0297731
GAGGA	1.35972	0.471537	0.789701	-0.572519	-0.805877	-0.127568
UAGGA	0.525651	0.246708	-0.973481	-0.215562	0.206584	0.0631003
ACGGA	-2.3418	0.373234	0.186664	-1.29615	-0.632255	0.036762
CCGGA	-0.707638	0.151378	0.110288	0.166413	0.351411	-0.158058
GCGGA	-0.0625595	0.0198713	0.096547	0.171279	-0.0233077	-0.00875993
UCGGA	0.263951	-0.224022	-0.316766	0.0544741	0.282388	0.028708
AGGGA	-0.177973	0.458738	0.260503	-0.608249	0.802083	-0.549717
CGGGA	4.39598	0.254549	0.48578	0.444784	-0.0657782	-0.082768
GGGGA	4.84277	1.48642	0.191864	0.284911	-0.0911637	-0.0187152
UGGGA	-1.54284	-0.0670458	0.0298451	-0.420661	1.0772	0.0403011
AUGGA	-1.5433	0.0709659	0.728924	0.0353623	0.222255	-0.124802
CUGGA	4.75319	1.25608	0.497836	0.415359	-0.125345	0.128186
GUGGA	1.69495	0.454877	-0.364142	0.618722	0.266503	-0.0977303
UUGGA	-1.85847	-0.205785	1.34687	0.296839	-0.150996	-0.158458
AAUGA	-1.22805	-0.295811	0.0433959	0.710652	-0.283482	1.11345
CAUGA	0.477323	-0.265935	-0.281776	0.0165034	0.193957	-0.164888
GAUGA	-0.90541	0.108394	-0.368485	-0.924091	1.09825	0.194105
UAUGA	1.17878	-0.879188	-0.0146692	-0.439086	0.291062	-0.097405
ACUGA	-0.324081	-0.0147695	0.126685	0.602505	0.111445	0.0137637
CCUGA	-0.220683	-0.0266811	-0.713731	0.486938	0.181759	-0.394154
GCUGA	4.07688	0.847393	0.144139	-0.0554772	0.185634	-0.0020052
UCUGA	1.67202	-0.672166	-0.178821	-0.30147	-0.178617	-0.101955
AGUGA	-0.417408	0.321742	-0.123097	-0.77813	-0.117374	0.0452391
CGUGA	-1.24759	0.799487	-1.00889	-0.567422	-0.898568	-0.0404993
GGUGA	-0.521059	0.241771	-0.247134	0.243074	0.0360366	0.109422
UGUGA	0.0231893	0.178777	-0.174465	0.340217	0.359623	-0.18149
AUUGA	-0.209281	0.322049	-0.0860259	-0.106134	-0.741411	0.402578
CUUGA	0.76098	0.513415	-0.777449	-0.528271	0.3254	0.471649
GUUGA	-0.724172	-0.636983	0.561247	0.320495	-0.427729	0.208969
UUUGA	-0.924103	-0.981305	0.261168	-0.0425653	0.532905	-0.0492382
AAAUA	1.53046	-0.123792	0.084675	0.522067	0.198556	0.865803
CAAUA	0.84012	0.0986128	-0.27764	0.0842068	-0.358229	-0.0727404
GAAUA	0.59933	-0.492391	-0.23368	0.399366	-0.120059	-0.281989
UAAUA	0.775743	0.0142902	0.313312	-0.148707	0.261542	-0.386501
ACAUA	1.2048	0.66272	-0.502332	-0.209813	0.0851527	0.250262
CCAUA	-1.48346	-0.422606	-0.215469	0.747281	0.356131	0.287
GCAUA	1.23219	-0.0228883	0.0167597	-0.654767	-0.280944	-0.172448
UCAUA	0.341271	0.501714	0.239382	-0.105985	-0.330145	0.192327
AGAUA	0.641126	0.886751	-0.264174	0.724725	-0.0089759	-0.0363202
CGAUA	0.583187	-0.47079	-0.00430151	-0.0868885	0.0204117	-0.0325513
GGAUA	-2.13984	-0.461583	-0.570673	1.1471	0.187912	-0.234958
UGAUA	0.276262	0.427741	-0.271684	-0.0549194	-0.354354	-0.0128168
AUAUA	-0.471525	-0.434391	-0.162785	0.602507	0.362329	0.506082
CUAUA	2.34213	-0.744032	-0.384854	-0.214113	-0.467293	-0.162865
GUAUA	-0.360801	-0.799463	0.661175	-0.254082	-0.00935201	0.444805
UUAUA	0.662407	-0.132652	0.0483615	-0.871956	0.127791	0.0484628
AACUA	0.11696	0.11721	-0.570041	0.163041	-0.0561973	0.772327
CACUA	-0.305917	0.248223	0.358817	0.244844	-0.673614	-0.248253
GACUA	-2.44532	-0.75306	-0.171323	0.99271	0.420106	0.0031581
UACUA	-1.59033	-0.249111	1.23827	0.415675	-0.0877793	0.134626
ACCUA	1.3657	-0.12222	-0.11555	-0.372843	-0.577857	-0.0891798
CCCUA	0.474483	-0.0519861	-0.0718412	0.449519	-0.526806	-0.0323438
GCCUA	0.463827	0.301093	0.0888547	0.466088	-0.38894	-0.0805261
UCCUA	-2.37433	-0.354874	0.172096	0.378265	0.788595	0.170319
AGCUA	-2.93187	-0.258573	0.685329	-0.645621	0.916948	0.278348
CGCUA	-1.76474	0.0114713	-0.262262	0.646829	-0.531017	0.028553
GGCUA	0.534229	-0.236356	-0.26366	-0.355593	0.541128	-0.228868
UGCUA	0.251887	0.502793	-1.10969	-0.637416	-0.576117	-0.347176
AUCUA	0.423587	-0.222243	-0.285408	-0.318343	0.333302	0.070047
CUCUA	-0.374891	0.0835247	0.574787	0.770925	-0.142212	-0.465382
GUCUA	1.24047	0.137702	-0.397512	-0.544979	-0.215547	-0.045435
UUCUA	0.112055	-0.147596	0.37112	-0.103377	-0.0191744	-0.459372
AAGUA	-0.390765	-0.110107	0.0893845	0.293571	0.0151822	0.00504731
CAGUA	0.496663	-0.327528	-0.458367	0.413816	-0.167662	-0.0674563
GAGUA	1.32896	-0.469308	-0.340043	0.0153719	-0.304747	-0.0216612
UAGUA	0.0473869	0.0810292	0.240739	-0.572274	0.594756	-0.408418
ACGUA	-0.19036	0.733978	-0.770904	-0.310541	-0.598106	0.109142
CCGUA	-2.942	-0.0114202	0.55771	0.515545	-0.032015	0.441866
GCGUA	-0.781836	0.308287	0.0577377	0.0991289	0.0627278	-0.124361
UCGUA	0.632775	-0.318186	-0.142375	-0.259993	0.259797	0.100651
AGGUA	1.23626	0.364532	-0.447784	-0.937152	-0.247583	-0.338865
CGGUA	0.206328	-0.189249	0.00286231	-0.181784	-0.00848285	-0.0704791
GGGUA	0.24152	0.27704	0.566376	0.377821	-0.631346	-0.635288
UGGUA	0.102966	0.117884	-0.0979765	-0.269079	-0.0598134	0.0402356
AUGUA	-0.0288896	0.0299544	-0.0762347	0.325727	-0.554233	0.00328299
CUGUA	0.551637	0.421561	-0.596309	-0.255025	0.142804	0.420997
GUGUA	0.507768	0.31045	0.686715	-0.429614	-0.902336	-0.0408857
UUGUA	-2.22362	0.100926	-0.245484	0.908209	-1.26925	-1.04046
AAUUA	-1.1853	-0.219933	-1.13298	0.162389	0.964275	0.270811
CAUUA	-0.603686	0.122515	0.281284	-0.0163692	-0.0635193	0.177132
GAUUA	0.0808566	0.238132	-0.152092	0.0552561	-0.561467	0.327852
UAUUA	1.20079	0.799809	1.40142	-0.518125	-0.226953	0.231638
ACUUA	-1.44345	-0.612235	0.751839	0.0173001	0.0868166	-0.37546
CCUUA	-0.474141	0.256537	-1.2568	0.0992387	-0.149063	0.407826
GCUUA	0.538406	-0.166963	0.669932	-0.0969194	-0.026915	-0.22369
UCUUA	-0.543218	-0.395338	0.318988	0.155489	0.117494	0.362346
AGUUA	1.76385	-0.293595	-0.254333	0.89469	0.454307	-0.342624
CGUUA	-0.534104	-0.112292	0.0562424	-0.160445	0.183815	0.330079
GGUUA	1.42948	-0.704668	-0.402886	-0.17145	-0.175324	-0.00245484
UGUUA	-0.954164	-0.248422	0.645129	0.922823	0.264789	0.377393
AUUUA	0.982819	0.284967	0.206134	0.412774	0.04759	-1.14808
CUUUA	-0.103163	-0.120911	0.51754	0.263135	0.0644794	-0.342635
GUUUA	0.0797885	-0.3902	-0.00485214	0.331963	-0.168879	0.371687
UUUUA	2.44205	0.614138	0.384803	0.137377	0.403463	0.829461
AAAAC	-0.0295048	-0.096015	0.145095	-0.128317	-0.195111	-0.485888
CAAAC	-3.03694	0.464932	0.123039	-0.523307	-0.834595	0.133448
GAAAC	1.29151	-0.56845	-0.30371	0.00124898	-0.44763	0.0374604
UAAAC	-0.252681	-0.309376	0.876079	0.0367516	0.741408	-0.0869056
ACAAC	-2.41164	-0.176362	-0.409288	0.895022	-0.334616	-0.642019
CCAAC	-1.08654	-0.669124	0.528548	-1.04872	-0.0245847	-0.00734721
GCAAC	-0.107812	-0.302273	0.188272	0.415867	-0.277952	-0.0376162
UCAAC	-0.984641	0.285929	-0.22336	0.365011	-0.0719849	0.579867
AGAAC	1.37483	0.766185	-0.643271	-0.257862	0.133083	-0.11659
CGAAC	-0.626993	0.307884	0.156437	0.0551247	-0.239394	0.0204466
GGAAC	-0.411485	0.0669982	0.244443	0.387853	-0.473443	-0.146438
UGAAC	0.0172812	0.390202	0.0955368	-0.671045	0.438414	-0.610356
AUAAC	0.441038	-0.0702895	-0.334458	-0.172971	0.17534	0.173358
CUAAC	-0.474158	-0.0966788	1.31852	0.27648	-0.761303	-0.176714
GUAAC	-0.0477143	0.680198	-1.08516	-0.0912119	0.194393	-0.48982
UUAAC	-3.23035	-0.516724	1.34616	0.562434	-0.0426188	0.365329
AACAC	-1.88827	0.330875	-0.339824	-0.168461	-0.794278	-0.664133
CACAC	-1.61197	0.00986594	0.0951687	-0.901308	0.44259	-0.477496
GACAC	-0.763316	-0.23374	-0.175627	0.267468	0.797086	-0.453859
UACAC	-1.1305	-0.22009	-0.0279006	0.15771	0.791304	0.0620412
ACCAC	-0.887045	-0.266355	-0.250034	0.626379	-0.164976	0.414494
CCCAC	0.000478875	-0.438794	-0.17008	-0.0275711	0.407663	-0.0521902
GCCAC	1.6085	0.0562531	-0.185893	-0.0294014	-0.237996	-0.0769081
UCCAC	1.50689	0.190912	-0.264437	-0.45229	-0.010937	-0.340894
AGCAC	1.00385	-0.924288	-0.197853	-0.080642	-0.0203308	-0.0561378
CGCAC	-1.28336	-0.142098	0.503217	0.315459	-0.476055	0.193931
GGCAC	0.576807	-0.152685	-0.014908	-0.15428	0.130477	-0.0635908
UGCAC	0.343201	0.184068	-0.465979	-0.157097	-0.173712	0.330598
AUCAC	0.987904	0.301372	0.288932	-0.692294	-0.416199	-0.033392
CUCAC	-0.529192	0.138805	-0.419658	0.226209	-0.111397	0.532009
GUCAC	-0.823104	-0.183382	0.216514	0.743377	-0.229631	-0.143243
UUCAC	0.798995	-0.0666581	-0.375022	-0.0295087	0.463924	-0.194621
AAGAC	-0.527586	0.389841	-0.752855	-0.0268177	0.507202	-0.480757
CAGAC	2.06429	0.707364	-0.986645	-0.0116405	-0.266222	-0.352534
GAGAC	0.163896	0.185268	-0.58806	0.213287	-0.38353	0.219271
UAGAC	-1.48579	-0.780229	0.520435	0.336779	0.364137	0.101961
ACGAC	-2.46228	-0.24793	0.23171	0.432502	0.601442	0.322563
CCGAC	0.671948	-0.640893	-0.0510399	0.175563	-0.0963131	0.0361006
GCGAC	1.56357	-0.576983	-0.288785	-0.233756	-0.0943444	-0.0533378
UCGAC	-3.32981	-0.22246	0.409095	0.740057	-0.409291	-0.129686
AGGAC	-0.795274	0.214588	0.332574	0.84313	-0.711957	-0.156996
CGGAC	-1.09681	-0.261098	0.676162	-0.188906	0.229127	-0.00487554
GGGAC	2.93714	0.657191	0.249714	0.16406	0.0964503	-0.0659645
UGGAC	5.21201	0.348078	-0.141762	0.449835	0.0342355	-0.125057
AUGAC	-0.524133	-0.614655	0.866938	0.967445	1.39201	0.55093
CUGAC	1.30066	0.301796	-0.508285	0.528072	-0.073194	-0.693162
GUGAC	-0.893384	-0.0732393	0.114743	0.327326	-0.483854	-0.381421
UUGAC	1.15477	-0.477132	-0.41304	0.0637958	0.0841015	-0.207029
AAUAC	-1.18452	0.349029	0.078475	-0.132272	0.243421	0.557246
CAUAC	-2.37762	-0.327303	-0.379906	0.594428	-0.899853	-0.34709
GAUAC	-0.531221	0.330819	-1.00003	-0.0814902	-0.206371	-0.000331245
UAUAC	0.140232	0.327254	-0.637231	1.1007	-0.498345	-0.340984
ACUAC	0.489558	-0.572077	-0.397197	0.93095	-0.135499	-0.0565418
CCUAC	0.172249	0.57475	-0.0525512	0.277223	-0.253772	-0.0441194
GCUAC	-1.59668	0.257867	-0.411036	-0.705813	0.921905	0.157049
UCUAC	-0.781326	-0.118191	0.630618	0.229794	-0.519328	-0.251932
AGUAC	-0.156319	0.0209043	0.602548	0.22018	-0.313616	-0.166328
CGUAC	-0.119416	-0.345058	0.315869	-0.221048	-0.0389603	0.149764
GGUAC	-2.40279	0.171912	0.326537	0.125329	0.117272	-0.268904
UGUAC	0.893858	0.338128	0.0426617	-0.25748	-0.962133	-0.427764
AUUAC	0.533295	-0.151446	0.700984	0.0620955	-0.349464	-0.0942348
CUUAC	0.14008	0.123321	-0.266388	-0.16049	1.71966	0.833059
GUUAC	0.451332	0.00101347	-1.01377	0.380801	-0.559348	0.237617
UUUAC	-1.587	0.154977	-0.463868	0.70624	-0.0122743	-0.783507
AAACC	-0.865827	-0.115049	-0.588862	0.442343	0.291839	0.408592
CAACC	0.0641717	0.317855	-0.020173	-0.716132	0.163415	-0.148898
GAACC	0.739988	0.271415	-0.84037	-0.402748	0.297979	-0.227684
UAACC	-0.251329	-0.151415	0.0406814	0.148285	0.113221	0.0639571
ACACC	0.120157	-0.137583	0.39528	0.417317	-0.215535	-0.288335
CCACC	-1.49213	-0.229934	-0.0622652	0.0301853	-0.0902247	-0.199356
GCACC	0.622219	0.733272	-0.699399	-0.502422	-0.375738	0.0464999
UCACC	-0.479823	0.173348	-0.0602999	-0.238388	-0.269363	0.494971
AGACC	-1.01016	0.0586978	0.352346	-0.19647	0.269921	0.372715
CGACC	0.0418416	0.190651	-0.708863	-0.165809	0.187038	-0.0223702
GGACC	4.22422	0.323391	0.410053	0.656234	-0.0241494	-0.0402904
UGACC	-0.813279	-0.107986	-0.128782	0.554557	0.206992	0.149614
AUACC	-2.36002	-1.00763	0.427895	0.505405	0.752606	0.554137
CUACC	0.822191	0.49369	0.373959	-0.334304	-0.212195	-0.65873
GUACC	-0.72392	0.502704	-0.602846	-0.265097	-0.125007	-0.397834
UUACC	-0.436034	-0.0541643	-0.0973828	0.188126	0.320504	-0.19963
AACCC	-1.23998	-0.181107	0.343442	-0.404728	-0.121284	0.249071
CACCC	-0.21108	0.198738	0.396091	-0.164479	-0.506452	0.548575
GACCC	0.885813	-0.2217	-0.208714	0.100678	-0.291096	-0.0319034
UACCC	0.573577	-0.756384	-0.186141	-0.00092915	-0.123413	-0.137068
ACCCC	-2.7185	-0.921581	0.497227	-0.1468	-0.0843565	0.196307
CCCCC	0.935432	-0.213631	0.221235	0.315196	0.0395042	-0.0780193
GCCCC	0.235847	-0.123751	-0.398238	0.00631436	0.283863	0.120659
UCCCC	2.29298	0.824757	-0.347536	1.17721	0.259311	-0.232476
AGCCC	1.4513	0.47828	-0.575997	-0.153345	0.958108	0.114905
CGCCC	-0.584913	-0.00169792	0.804468	-0.0488741	0.0721522	0.096419
GGCCC	2.89608	0.718506	0.63647	-0.162393	0.403254	0.372851
UGCCC	0.373802	0.194728	-0.00601756	0.45483	-0.533917	-0.0661397
AUCCC	0.606943	0.374359	0.267784	0.338894	-0.570695	-0.267971
CUCCC	-0.671761	-0.182376	0.0274428	0.319044	-0.0649667	0.0526769
GUCCC	1.04977	-0.752969	-0.0819871	-0.127604	0.0874716	-0.042249
UUCCC	-1.40027	-0.276702	-0.0397526	0.510048	-0.273352	0.499146
AAGCC	0.506009	0.451308	1.2452	-0.119685	-0.624805	0.0349837
CAGCC	0.291039	-0.0164435	0.159749	0.631767	-0.0829039	-0.159677
GAGCC	2.70539	0.925511	-0.504293	-0.297002	0.216619	0.000171022
UAGCC	-1.38884	-0.293003	-0.215057	0.724952	0.457479	0.116428
ACGCC	0.95586	-0.495403	-0.478816	0.230127	0.597652	-0.044222
CCGCC	0.497606	-0.200281	-0.120111	0.206789	0.300205	0.0140649
GCGCC	-0.70577	-0.12947	0.718466	0.231684	-0.106585	-0.0903874
UCGCC	-3.51234	-0.37943	0.716095	-0.661684	0.189478	0.0955216
AGGCC	3.25253	-0.202437	0.0178318	0.00796297	-0.027137	-0.0552441
CGGCC	1.73152	0.208014	-0.0851278	-0.358059	-0.295937	0.000195016
GGGCC	4.09212	0.753373	-0.275339	-0.14192	-0.0292877	0.0233583
UGGCC	-2.53514	-0.643717	0.103126	1.12994	0.0617353	0.33289
AUGCC	0.532421	-0.110364	0.244971	-0.267831	-0.357549	0.148244
CUGCC	0.917255	0.323556	0.637904	-0.788725	-0.298288	0.0502673
GUGCC	-1.59884	-0.3255	-1.04928	0.685053	0.629905	0.612118
UUGCC	-0.288955	0.045326	-0.0837506	0.0683053	0.281943	-0.0757942
AAUCC	1.27836	-0.436482	-0.364313	-0.0626286	-0.257063	-0.13423
CAUCC	0.109591	0.17693	-0.182808	-0.614694	0.41646	0.941642
GAUCC	0.94308	-0.352272	0.342881	-0.203525	-0.372365	-0.0980705
UAUCC	-0.619365	-0.301034	-0.969102	-0.0636239	0.108999	-0.0934264
ACUCC	-0.637719	-0.0944879	0.308048	0.360954	-0.364888	-0.376725
CCUCC	-0.60927	0.255092	-0.251978	-0.302822	0.313125	-0.815034
GCUCC	1.08057	-0.251164	0.203587	0.073903	-0.0853912	0.199844
UCUCC	0.501575	0.166225	-0.507469	0.255674	-0.0681244	-0.467598
AGUCC	-0.000534679	-0.278756	0.307689	-0.151021	-0.150614	0.0639091
CGUCC	-2.4981	-0.208422	0.763816	0.305778	0.00321677	0.125024
GGUCC	-2.09607	0.19202	-0.231274	0.514145	-0.0775543	-0.547533
UGUCC	-2.51401	0.260356	-0.0484551	-0.671076	-0.416357	0.0572999
AUUCC	-0.705488	0.164131	0.0479797	0.157738	-0.406575	0.535308
CUUCC	0.75034	0.340148	-0.00515638	0.0774387	-0.299799	0.151507
GUUCC	0.222548	-0.0640712	-0.650159	0.10733	0.322153	-0.128763
UUUCC	0.753963	0.352716	0.690469	-0.240518	-0.421608	0.333207
AAAGC	0.296824	0.370209	0.732906	0.347147	-1.82711	0.378419
CAAGC	-0.656796	-0.543522	-0.0777771	0.264741	-0.285176	0.853724
GAAGC	2.13946	-0.511511	-0.334313	-0.454998	0.159747	-0.144295
UAAGC	0.295797	0.0118526	0.0750025	-0.184298	-0.363907	0.350103
ACAGC	1.91508	-0.542897	-0.432611	-0.133597	-0.293192	-0.423967
CCAGC	0.174399	-0.363245	0.233624	0.0751285	-0.0424376	0.026901
GCAGC	10.7446	1.05039	0.0931052	0.197338	0.211088	0.0819735
UCAGC	-3.17862	-1.25785	0.96652	-0.419317	0.0182828	0.291179
AGAGC	-0.124763	0.218395	1.54446	-0.674501	0.512758	-0.203062
CGAGC	-5.0766	0.00315979	0.422314	-0.254409	-0.458049	0.239559
GGAGC	5.57025	0.346289	-0.464338	0.243696	-0.0296746	0.0866423
UGAGC	-1.68237	-0.0787521	-0.0255264	-0.212883	1.06611	0.0135283
AUAGC	0.286567	0.266222	-0.295164	0.297772	0.0895815	-0.0906232
CUAGC	-0.195996	-0.406195	-0.181427	0.899545	-0.113614	-0.223178
GUAGC	0.184499	-0.19633	-0.311049	0.142416	-0.0128468	0.276167
UUAGC	-1.56758	-0.270424	0.996888	0.0765451	0.401532	0.0896076
AACGC	0.180893	-0.297791	0.0542108	-0.147737	-0.11621	0.178368
CACGC	0.677618	-0.137929	0.00211534	-0.400518	-0.118054	-0.0275902
GACGC	-2.08778	-0.065003	0.91224	0.171308	0.19252	0.0109618
UACGC	2.1273	-0.937213	-0.157725	-0.239991	-0.282423	-0.011933
ACCGC	-1.46665	-0.282199	0.288886	0.633898	0.335222	0.0314873
CCCGC	-0.0638147	-0.145978	0.541975	-0.19854	0.11872	-0.145371
GCCGC	5.51731	0.394046	-0.314683	0.19469	0.102197	0.0233616
UCCGC	-1.38953	0.273698	-0.201213	0.751487	-0.442413	0.241464
AGCGC	1.95302	-0.539567	0.146424	0.175855	-0.00167653	0.0285658
CGCGC	-1.58957	-0.239915	0.539295	0.093781	0.445609	0.0603242
GGCGC	0.951981	-0.145302	-0.705808	0.0378828	-0.0919651	0.114109
UGCGC	0.617152	-0.160208	0.079694	-0.523063	0.000661579	-0.153648
AUCGC	0.126407	0.3652	-0.347367	-0.373071	0.230453	0.0795148
CUCGC	-2.60008	0.142855	0.182115	0.160378	-0.49431	0.0799565
GUCGC	0.0487436	-0.83322	0.49505	0.1718	-0.0869785	-0.0134767
UUCGC	-1.00494	0.0322913	0.344772	-0.0234368	0.409527	-0.135712
AAGGC	-0.610586	0.0572082	0.368321	0.742452	-0.455593	-0.0310706
CAGGC	1.61267	-0.889966	-0.420776	-0.115178	-0.0739139	-0.0195831
GAGGC	0.539644	0.181219	0.879027	-0.362613	-0.118076	0.177239
UAGGC	-0.691872	-0.142648	0.482476	0.187927	-0.0444672	-0.157969
ACGGC	-1.55719	0.0204249	0.478242	0.337042	0.539776	0.240389
CCGGC	-1.1961	-0.103934	-0.514417	0.898956	-0.280121	0.21515
GCGGC	6.88551	0.898078	0.0332731	0.100019	-0.0453313	0.023371
UCGGC	0.768877	0.0188599	0.259705	0.190304	-0.487961	-0.151929
AGGGC	0.0420599	0.0791516	0.641306	-0.218393	-0.0888629	0.0567671
CGGGC	1.33593	0.324855	-0.859438	0.290598	-0.0531373	-0.00592692
GGGGC	5.8957	1.38263	0.0477415	-0.0139837	-0.0471033	0.0591101
UGGGC	3.11021	0.697069	-0.841088	0.297994	0.278802	-0.00023989
AUGGC	1.19834	-0.182585	0.875046	0.56502	0.745081	0.00728726
CUGGC	0.0885092	-0.213726	-0.455309	0.220544	0.510958	-0.102694
GUGGC	3.76752	0.759293	0.574863	0.0788954	-0.0628538	-0.0234977
UUGGC	0.400198	0.0617334	-0.886993	0.338426	-0.0635993	-0.185423
AAUGC	-0.973693	-0.79816	0.511991	0.303373	-0.204066	0.0644373
CAUGC	1.03048	0.314493	-0.174646	-0.667681	-0.460306	0.328926
GAUGC	-1.24372	-0.451291	0.229318	0.0827156	0.355561	-0.178661
UAUGC	-0.331791	0.202495	-0.413126	-0.318029	-0.226554	0.829686
ACUGC	-0.683621	-0.30595	0.220811	0.43994	0.346203	0.189644
CCUGC	2.7799	0.581784	0.276996	-0.837106	0.112209	-0.52432
GCUGC	3.03547	0.400122	0.360373	-0.347464	-0.646966	-0.251279
UCUGC	-1.44214	-0.257197	-0.619057	0.896539	0.181329	0.141558
AGUGC	-0.610926	-0.160214	1.05534	0.641369	-0.469495	0.619158
CGUGC	0.997444	-0.228882	0.398736	-0.110505	-0.0439322	0.0933611
GGUGC	0.345869	0.190421	-0.646665	0.260276	1.1254	-0.120049
UGUGC	-1.35372	0.460817	-0.0918816	-0.460786	0.805293	-0.165863
AUUGC	-0.581871	0.155793	-0.227287	0.573999	0.426846	0.0282481
CUUGC	-0.953462	0.473252	-0.0866506	-0.287875	-0.872512	0.0465302
GUUGC	-0.0862102	-0.211682	0.445099	-0.247193	0.0650156	-0.129938
UUUGC	1.63625	0.0516709	-0.409804	0.107546	0.296712	0.387761
AAAUC	0.511183	-0.511638	0.250416	0.40067	-0.508147	0.495164
CAAUC	1.61649	-0.602096	-0.344257	-0.217162	-0.175442	-0.148282
GAAUC	-1.19379	-0.0704896	-0.542779	-0.382731	0.667998	0.611518
UAAUC	1.52996	-0.508875	-0.0298538	-0.134535	-0.580046	-0.189779
ACAUC	2.44181	0.0233644	-0.187356	0.104813	-0.113507	0.654763
CCAUC	-2.51708	0.244863	0.537464	-0.358038	-0.247638	-0.865094
GCAUC	0.219075	-0.220969	0.289712	0.100987	0.204487	0.0883223
UCAUC	2.81226	0.769213	0.344016	0.108241	0.171677	0.24716
AGAUC	-0.654249	0.33619	0.439778	-0.625491	-0.163979	-0.160105
CGAUC	0.0135896	-0.188639	-0.477211	0.181767	0.334669	0.133494
GGAUC	0.403706	-0.260196	-0.0493978	0.0269366	-0.0744774	0.181089
UGAUC	0.922297	-0.470831	0.06138	-0.338861	-0.275837	0.0883683
AUAUC	0.248478	0.790332	-0.33035	-0.560499	-0.0388342	0.236512
CUAUC	-0.492555	-0.269738	-0.256706	0.30742	0.239619	0.224725
GUAUC	-1.4327	0.191443	-0.713001	-0.451137	0.11539	0.285742
UUAUC	-1.634	-0.216205	0.0256046	0.469802	-0.0824665	-0.349042
AACUC	1.04483	-0.259446	0.0410654	-0.557022	-0.0763908	0.117556
CACUC	-1.2336	-0.129753	0.177946	-0.176446	0.658714	-0.0142201
GACUC	-1.57502	0.173424	-0.250974	-0.110585	1.11525	-0.49759
UACUC	0.932932	0.101619	-0.745866	-0.0500796	-0.200782	-0.146516
ACCUC	-0.308079	-0.206047	-0.452551	0.443935	0.60964	-0.673801
CCCUC	1.05616	-0.162918	0.702304	0.588195	-0.742251	-0.232684
GCCUC	-1.39483	-0.014802	0.435467	-0.700165	0.127669	-0.181685
UCCUC	0.169939	0.111684	0.886425	-0.316953	-0.209331	0.324867
AGCUC	-1.7748	0.391073	-0.743918	-0.569551	-0.322204	0.572092
CGCUC	0.81413	-0.616492	-0.0841514	-0.191801	0.112032	-0.0115239
GGCUC	1.24731	0.541846	-0.0145448	-0.0587961	-0.0821053	0.184823
UGCUC	-0.631497	-0.0689443	0.242088	0.427492	-0.440169	0.192058
AUCUC	-2.55848	-0.0644218	-0.0684867	-1.1199	0.563569	-0.0635738
CUCUC	1.33057	0.86323	-0.101325	-1.13048	-0.177959	-0.470188
GUCUC	1.00022	-0.371157	-0.505718	-0.14438	-0.132461	0.0664218
UUCUC	2.07472	0.488563	0.21059	0.311965	-0.155741	-1.36426
AAGUC	-0.0490388	0.250226	0.26023	-0.262378	-0.323107	0.135339
CAGUC	-1.85165	0.200818	0.20482	-0.25599	0.100424	0.0816355
GAGUC	-0.239407	-0.284588	-0.161128	-0.116355	0.373067	0.247271
UAGUC	-1.13624	-0.273968	-0.333571	0.74719	0.189691	0.351964
ACGUC	-0.697814	0.338623	0.104139	-0.161717	0.174952	0.0439494
CCGUC	0.0743635	0.575337	-0.278781	-0.608668	0.383894	-0.0224943
GCGUC	1.11858	-0.537643	-0.107157	-0.0298771	-0.0140964	0.0579604
UCGUC	-2.16121	0.0962721	-0.0741829	0.146483	0.397078	0.311147
AGGUC	0.219624	0.0880475	-0.197173	-0.112385	0.323246	-0.138585
CGGUC	-0.109014	-0.135357	-0.200967	0.196808	0.279292	0.0472418
GGGUC	-0.589467	0.180017	-0.140099	0.264329	0.515274	0.0640044
UGGUC	0.845055	-0.464921	-0.0412402	-0.342519	0.0525076	0.0450133
AUGUC	0.106118	-0.163007	-0.319848	0.44434	0.0345251	-0.182882
CUGUC	-0.847416	0.335985	0.402755	0.0745312	-0.911864	0.150791
GUGUC	-0.827328	-0.298652	-0.155406	0.763703	0.136649	-0.0257677
UUGUC	-0.00541569	0.547173	-0.650508	-1.06573	0.232098	-0.0878372
AAUUC	-0.497396	0.0466848	0.0966554	0.420668	-0.802626	-0.340531
CAUUC	0.279204	-0.0837946	-0.00277986	-0.210162	-0.525083	0.359544
GAUUC	0.980892	0.0301565	-0.0977728	0.180301	-0.248942	-0.811038
UAUUC	-3.32683	-0.835875	0.127338	0.054915	0.806068	-0.607283
ACUUC	0.065853	0.105849	-0.146521	0.88108	0.515178	0.199671
CCUUC	1.53856	0.846579	0.00798109	0.229161	0.161532	0.0447174
GCUUC	2.81059	0.0135463	-0.256588	0.261498	0.831111	0.166115
UCUUC	-2.47461	0.29692	0.148921	-0.715731	-1.53438	-0.475091
AGUUC	0.181338	0.0367266	-0.0509774	-0.0722547	-0.240617	0.148465
CGUUC	-0.25675	0.270581	0.112332	-0.316588	0.0429452	-0.207013
GGUUC	0.486207	-0.160758	-0.208552	0.164989	0.180724	0.00632352
UGUUC	0.999683	0.481716	0.00780293	-0.297486	-0.167663	-0.278497
AUUUC	0.714024	0.156241	-0.249323	-0.11593	-0.403122	0.540846
CUUUC	-0.125129	0.67852	0.225961	-0.519004	0.0412468	0.26398
GUUUC	0.414029	-0.481094	1.30263	-0.608041	0.70426	-0.699213
UUUUC	1.36017	-0.00749755	-0.222663	1.69748	-0.493197	0.202758
AAAAG	0.189715	0.15873	-0.322903	-0.272795	0.33497	-0.318735
CAAAG	-2.85106	-0.0139333	-0.618256	0.018285	-0.740411	-0.554082
GAAAG	-2.24012	-0.312579	-0.31648	0.239231	0.146176	1.3631
UAAAG	-0.251534	0.182966	0.28382	0.982189	-0.823993	0.126912
ACAAG	-3.34965	-1.08088	0.402333	-0.0831313	0.49653	0.812333
CCAAG	1.6432	0.216286	0.204101	0.651155	-0.634162	0.833678
GCAAG	0.029374	0.179628	-0.0449789	-0.433286	-0.0510604	0.329119
UCAAG	-1.60736	0.32092	0.120936	0.42888	-0.997434	0.0598548
AGAAG	0.67393	0.59244	-0.2139	-0.397082	0.00513746	-0.00347943
CGAAG	-1.24892	0.225421	0.372673	0.0820787	-0.672139	-0.274405
GGAAG	1.78591	0.871241	0.176736	-0.389385	0.119686	-0.0800357
UGAAG	-1.14031	-0.362709	1.8768	0.0652406	1.86841	-1.39598
AUAAG	0.0884987	-0.422806	0.105861	0.0896292	0.0332486	0.055971
CUAAG	-3.18788	-0.303473	-0.755735	0.982246	-0.518874	0.78859
GUAAG	0.204144	0.0090651	-0.225797	-0.471079	0.231878	0.0764006
UUAAG	0.656816	-0.135246	0.40311	-0.604576	-0.381821	0.0784243
AACAG	-0.614414	-0.00763605	-0.100958	0.290353	0.205435	-0.126487
CACAG	-0.0158576	0.0878187	-0.388952	0.363194	-0.305668	-0.181878
GACAG	1.90368	0.749587	0.49979	-1.31986	-0.847252	-0.550883
UACAG	-0.221386	0.295419	-0.449401	-0.00982821	-1.0247	-0.814961
ACCAG	-3.21317	0.0663622	0.232638	-1.06593	0.704167	0.643255
CCCAG	1.17469	0.475493	0.304548	0.219134	-0.423661	-0.454511
GCCAG	-0.434267	0.357694	0.253693	-0.579296	0.667901	-0.622435
UCCAG	-2.14832	-0.216333	-0.736939	0.821872	0.371759	0.105077
AGCAG	1.84118	0.775892	0.460913	-0.794622	-0.247649	-0.0724584
CGCAG	-2.47124	0.0436203	0.0335547	0.723488	0.0865017	0.0060396
GGCAG	6.58897	1.46876	-0.081606	0.215566	0.226662	-0.00878298
UGCAG	1.35476	0.180782	-0.315083	1.14342	0.581677	0.478851
AUCAG	-1.99067	0.112336	0.429224	0.0525224	0.186817	0.427984
CUCAG	-1.76797	0.0623273	0.0727331	0.315229	-0.0403692	1.16863
GUCAG	-2.37733	-0.0139573	-0.840063	0.465002	0.214035	0.665593
UUCAG	-1.8483	0.155419	0.141812	0.759009	-0.840465	1.68179
AAGAG	-0.616531	-0.130188	0.454025	0.116028	-0.512447	0.430581
CAGAG	2.38471	0.415872	-1.37912	-0.396762	-0.26163	-0.0545874
GAGAG	-0.0645024	-0.129768	0.33641	0.135135	0.0539365	-0.457801
UAGAG	0.180794	0.177516	-0.38508	-0.548579	0.33608	-0.0893526
ACGAG	1.51888	-0.376052	-0.366653	-0.204073	-0.218857	-0.109568
CCGAG	-1.17572	-0.0139308	-0.734303	-0.438603	-0.481758	0.420874
GCGAG	0.419342	-0.144728	0.13945	-0.508774	-0.144179	0.0430739
UCGAG	0.504558	-0.138979	0.0223042	-0.0928404	0.17953	0.0025696
AGGAG	-0.121472	-0.0890724	0.15936	0.285621	-0.173564	0.121117
CGGAG	0.0878194	0.416842	-0.489298	-0.337473	0.0301005	-0.296396
GGGAG	6.67811	1.46948	0.00128342	0.164291	0.0218567	-0.000774569
UGGAG	2.85186	0.380744	1.19767	-0.388876	-0.419331	-0.34046
AUGAG	0.397008	0.0831405	-0.0124983	0.0739671	-0.18184	-0.0583865
CUGAG	2.55901	0.24405	0.567169	0.209623	-0.070162	0.0895512
GUGAG	0.627929	-0.0997026	-0.157068	-0.191066	-0.10095	0.13988
UUGAG	1.07439	0.396849	-0.414311	0.176719	0.211324	0.513403
AAUAG	0.0762203	-0.557387	-0.000333741	-0.184996	0.555508	-0.174877
CAUAG	-0.363005	-0.0594	0.53759	0.535052	-0.204527	-0.00097906
GAUAG	1.87532	-0.646957	-0.34388	-0.278868	-0.0163949	-0.114562
UAUAG	0.936113	0.203444	-0.294632	-0.419406	0.00792475	-0.17006
ACUAG	-1.22743	-0.216196	0.37237	-0.218889	0.562542	0.0598366
CCUAG	-0.251358	0.306135	0.139804	0.101012	-0.568939	-0.151268
GCUAG	-0.496241	-0.119949	-0.291816	0.510859	0.326808	-0.102912
UCUAG	-1.12438	-0.0037285	-0.0442159	1.03387	0.199602	-0.615458
AGUAG	-0.224494	0.653636	-0.976884	-0.830638	-0.143184	0.408853
CGUAG	0.570421	0.254691	-0.0579662	-0.370442	-0.32117	0.0973282
GGUAG	-0.745968	0.0974717	0.257584	-0.147812	-0.0466404	-0.297797
UGUAG	-0.797859	0.190218	0.10546	0.6497	-1.23315	0.409471
AUUAG	-0.0302988	0.196488	-0.662712	-0.0641172	-0.0703862	0.707221
CUUAG	0.919057	0.388037	1.29716	-0.858215	-0.44946	-0.353159
GUUAG	-0.0693624	-0.253944	0.982839	0.272857	0.11304	-0.0365958
UUUAG	-0.386068	0.172827	-0.931714	0.071643	-1.04253	1.0657
AAACG	-0.163534	-0.438738	0.194547	0.359549	0.652866	-0.116703
CAACG	-0.566084	0.0326909	-0.014919	0.293753	-0.16064	0.436511
GAACG	-3.1273	-0.202893	-0.52347	-0.931604	0.210791	-0.0049141
UAACG	0.665705	-0.0917468	-0.0686418	-0.313492	-0.141892	0.0500291
ACACG	-1.48895	-0.353172	0.985965	-0.000204685	0.179848	0.303949
CCACG	0.054135	0.263679	-0.589892	-0.479712	0.343646	0.454385
GCACG	-3.50581	-0.141638	0.0327018	0.0447803	0.485285	-0.106788
UCACG	1.42754	-0.00237081	-0.117062	-0.408098	-0.410434	-0.0549854
AGACG	-1.7867	-0.274822	-0.161651	1.01278	-0.305692	-0.348702
CGACG	-0.797286	-0.0256258	0.19047	0.483297	-0.230936	0.131905
GGACG	1.64704	-0.189858	0.0769381	-0.0125155	-0.123488	-0.0494075
UGACG	-4.78446	0.142286	-0.126466	-0.314345	-0.0817645	-0.453948
AUACG	-2.34839	0.269649	-0.599538	0.412842	-1.20264	-0.164182
CUACG	-1.3361	-0.31577	1.15738	-0.405733	1.08598	-0.034034
GUACG	-3.59014	-0.170128	0.461087	-0.0241115	1.05666	0.173843
UUACG	-0.500848	-0.0445582	-0.275572	0.0389334	0.522291	0.068127
AACCG	-3.97702	-0.263013	-0.251273	0.849061	0.208925	0.758376
CACCG	-0.433318	-0.169552	-0.172246	-0.184579	0.584979	0.0316234
GACCG	-0.8041	0.3297	0.242786	-0.145227	-1.01289	-0.163511
UACCG	-1.05586	-0.191955	-0.310001	0.25301	0.556871	0.00357583
ACCCG	-1.93623	-0.260248	0.734325	0.0539983	0.216031	-0.64131
CCCCG	0.704704	0.212394	-0.584738	0.377206	-0.369618	-0.0723796
GCCCG	1.3267	0.1461	0.112733	0.414797	0.221357	0.155724
UCCCG	0.28405	0.118252	-0.261755	0.00649991	-0.0939865	-0.115884
AGCCG	2.47191	0.16052	-0.362552	0.447598	-0.0128486	-0.109311
CGCCG	-0.573781	0.406093	-0.253656	0.141075	0.265111	0.249304
GGCCG	1.89149	0.667315	-0.19677	0.0554451	-0.265537	0.0510525
UGCCG	-1.50062	-0.0758365	1.06518	0.800216	-0.022692	0.0664668
AUCCG	-0.475572	-0.163447	-0.316069	0.0116129	0.520884	0.499787
CUCCG	1.74674	-0.638614	-0.287362	-0.10604	-0.0484783	-0.162487
GUCCG	-3.64283	-0.386618	0.460053	0.362688	0.158155	0.326724
UUCCG	1.08036	-0.409153	-0.105982	-0.00637192	-0.116105	-0.238375
AAGCG	0.0882293	0.401174	-0.122991	0.0498492	0.0114839	0.145835
CAGCG	1.15836	0.441284	-0.578186	-0.513566	0.43001	0.268231
GAGCG	-0.645615	0.360119	-0.0624627	-0.276076	-0.130531	0.16271
UAGCG	0.166482	-0.0367303	-0.493054	0.0685149	0.0726939	0.0174359
ACGCG	0.527575	-0.27465	-0.148868	-0.249141	-0.168737	0.0306514
CCGCG	-0.364875	-0.115332	0.121827	0.0874747	0.262735	0.073784
GCGCG	0.949484	0.266566	0.145183	0.0278635	0.145933	0.0551717
UCGCG	-0.254724	-0.285428	-0.0475192	-0.250131	0.163195	0.0247304
AGGCG	-0.0290422	0.0777754	-0.241345	-0.0841971	0.187966	-0.0434092
CGGCG	3.20206	0.332144	0.418674	0.208729	-0.139393	-0.0225195
GGGCG	0.384188	0.437177	-0.406003	-0.467776	0.0230933	0.105116
UGGCG	-0.136123	0.549551	0.556606	0.0938497	-0.15173	-0.0846031
AUGCG	-0.532924	-0.184573	0.567231	-0.184606	-0.0623307	0.0842179
CUGCG	1.46278	0.0907198	0.478177	-0.217611	0.321184	0.023009
GUGCG	-0.0536236	-0.0968672	0.254715	-0.342123	0.409115	-0.220093
UUGCG	0.59436	0.343382	-0.317468	0.127535	-0.41715	-0.114782
AAUCG	-0.196197	0.658417	-0.197053	-0.589017	0.0856334	0.301377
CAUCG	-3.95021	0.154966	-0.0636212	-0.520784	-1.46451	0.0402924
GAUCG	-1.79567	0.435241	0.23436	-0.415847	-0.0583516	-0.299416
UAUCG	0.357914	-0.214461	0.0999351	-0.102543	-0.00766717	0.0646908
ACUCG	-1.4673	0.173699	0.547468	0.0850542	-0.163325	-0.0291924
CCUCG	0.982167	0.24904	-0.245789	-0.394867	-0.358793	-0.247958
GCUCG	-1.86811	-0.252386	0.188625	0.196991	-0.618445	0.029908
UCUCG	0.572166	0.752928	-0.48575	-0.638553	-0.518428	-0.0792572
AGUCG	-2.76872	-0.100645	-0.585847	0.442654	0.83888	0.231547
CGUCG	-1.98563	-0.165576	-0.0970773	0.093077	-0.0415752	0.0412537
GGUCG	-3.18981	-0.423925	-0.849069	0.701143	0.662292	-0.00702088
UGUCG	0.523864	-0.18721	-0.190904	0.0332333	-0.0245748	0.034037
AUUCG	-2.24608	-0.025629	0.926965	0.0248646	-0.251272	-0.183504
CUUCG	0.280932	0.832405	-0.0358553	0.0984516	0.203062	-0.0794198
GUUCG	-1.26129	0.30905	-0.362736	-0.151647	0.377332	0.111894
UUUCG	-1.78624	0.349796	0.722892	0.0442399	0.12875	-0.0751067
AAAGG	0.791541	0.203713	-0.151164	-0.256032	-0.15922	0.356873
CAAGG	-1.97335	-0.532988	1.23077	-0.189057	0.499866	-0.189777
GAAGG	3.28454	0.400094	-0.65849	0.080513	-0.214797	0.0991731
UAAGG	-1.00878	-0.189377	0.304296	0.42426	0.631638	0.0305356
ACAGG	-2.09344	-0.370835	0.03392	0.38559	1.31452	-0.0408459
CCAGG	0.650191	0.152088	-1.0855	0.14455	0.0641073	0.0841743
GCAGG	5.25865	1.05201	0.414702	-0.323481	0.23549	-0.089911
UCAGG	-0.651903	0.101121	0.418578	-0.650011	-0.439308	0.665215
AGAGG	-0.0253456	0.494675	-1.08989	-0.834695	-0.0857417	-0.456951
CGAGG	-0.272776	-0.0712262	0.161866	0.257881	-0.214898	0.304592
GGAGG	6.36231	1.63315	0.304021	0.0143445	0.0707816	0.000601467
UGAGG	1.23759	0.157724	-0.696476	-0.320846	-0.0250309	-0.0663105
AUAGG	-0.800786	-0.0323972	0.605775	0.322985	0.600858	-0.474815
CUAGG	0.621534	-0.266077	-0.203664	-0.380657	0.223509	-0.00835072
GUAGG	1.41667	-0.484643	-0.347405	-0.102759	-0.216135	-0.00375184
UUAGG	0.0105864	-0.164466	-0.111184	0.430235	0.178633	0.482286
AACGG	-0.780857	-0.0941677	0.505031	-0.395549	-0.0625374	0.423368
CACGG	0.460408	0.273487	-0.0875066	0.131025	-0.246434	0.204222
GACGG	0.824142	-0.663899	0.144793	-0.177493	-0.08055	-0.0924319
UACGG	-1.89561	-0.230472	-0.0464276	0.346454	0.861754	0.00767767
ACCGG	0.579018	-0.577114	0.0907353	-0.00470046	0.219741	-0.0597487
CCCGG	0.873977	-0.370633	-0.0706958	0.0514865	-0.0450188	-0.0851741
GCCGG	3.89354	0.369384	0.281689	-0.198788	-0.0837357	-0.0374036
UCCGG	-5.32478	0.115806	0.228474	-0.948995	0.527614	0.301295
AGCGG	0.954269	-0.0193046	0.0372243	-0.545936	-0.103233	0.0911066
CGCGG	0.27561	0.0787923	-0.129605	0.252665	-0.10893	-0.0237264
GGCGG	1.12873	-0.748672	-0.0939123	-0.0723428	-0.0780786	-0.014902
UGCGG	0.501583	-0.22163	0.514638	-0.314917	0.796947	0.150122
AUCGG	-0.256534	-0.0676743	-0.0778376	0.285651	-0.176908	0.160229
CUCGG	-0.189589	0.294535	-0.08901	0.134211	-0.301236	-0.115217
GUCGG	-1.23691	0.0866387	-0.821763	0.76113	0.162268	0.245581
UUCGG	1.08332	0.0977918	0.29136	-0.260262	-0.47251	-0.247719
AAGGG	0.309816	-0.122339	-0.128424	-0.0664915	0.154215	0.116907
CAGGG	1.90857	-0.309167	1.121	-0.576816	0.0255395	0.360502
GAGGG	1.98986	-0.014585	0.23141	0.353188	-0.22352	-0.114665
UAGGG	1.04802	-0.392509	-0.162318	-0.0506149	-0.425644	-0.203464
ACGGG	3.08213	0.207564	-0.182466	-0.136267	-0.112389	0.0449813
CCGGG	5.37628	0.812578	0.469087	0.306831	-0.023219	-0.0561201
GCGGG	3.93805	1.23588	-0.236703	0.258951	0.0202099	0.0534215
UCGGG	-0.0600176	0.155743	-0.171098	0.0508571	-0.260944	0.12074
AGGGG	-0.209636	0.422784	-0.0705432	-0.851391	-0.283935	0.636127
CGGGG	5.98891	1.19511	0.356165	0.212793	0.0176668	0.0103862
GGGGG	2.47424	1.20904	-0.0210532	0.216626	0.0191442	0.000377229
UGGGG	5.08288	1.56208	0.259597	0.222234	0.0671038	-0.0117486
AUGGG	-0.825222	-0.352071	1.07656	0.183	-0.717233	-0.552709
CUGGG	1.31693	-0.79297	-0.187661	-0.0507996	0.143496	-0.0403863
GUGGG	3.20359	1.0694	-0.157279	0.221702	-0.0120162	0.0678417
UUGGG	-0.667297	-0.499657	-0.715572	0.790312	-0.226666	-0.0812873
AAUGG	-1.24765	0.76478	-0.617631	-0.427095	-0.561417	-0.305038
CAUGG	1.0357	-0.110692	0.0663503	0.256209	-0.114776	-0.274382
GAUGG	6.17258	-0.206262	0.439482	-0.0543951	0.0384824	0.0400098
UAUGG	-1.08582	-0.161242	-0.076365	-0.611925	0.460669	0.23738
ACUGG	0.776492	0.479469	-0.136826	0.0924356	0.204049	0.220066
CCUGG	-0.757508	0.241686	-0.27195	-0.491178	-0.17565	-0.514482
GCUGG	-0.260992	0.160359	-0.0467678	0.212523	0.10557	0.016903
UCUGG	-0.0321635	0.194911	0.0506511	0.378579	0.343579	0.70741
AGUGG	1.29974	0.1814	0.468813	0.35532	0.277909	0.277462
CGUGG	5.0836	-0.147078	-0.438437	-0.0471324	-0.102867	-0.0140779
GGUGG	7.2696	1.36032	0.114225	0.276925	0.152123	0.0207074
UGUGG	-1.13422	-0.406346	0.833008	0.419709	-0.175402	-0.0827703
AUUGG	-0.585099	0.0654121	0.0982259	0.0765666	0.445247	-0.070572
CUUGG	-0.445252	-0.128506	-1.0579	0.702108	0.492726	0.0355607
GUUGG	-0.362336	-0.048181	-0.231751	0.0821461	0.659714	-0.0587852
UUUGG	-1.17651	-0.509423	1.13296	-0.48371	0.136302	-0.146144
AAAUG	1.88254	0.74878	-0.012473	0.716062	-0.339372	0.0229113
CAAUG	-1.58872	0.151077	0.516393	0.111285	-0.077697	-0.457214
GAAUG	1.34259	0.168838	-0.0616224	-0.443334	-0.445244	-0.480227
UAAUG	3.70104	0.791214	-0.276175	0.33816	0.0512256	0.525946
ACAUG	-0.4365	0.00311093	0.0614808	0.576649	0.253661	-0.0227356
CCAUG	-0.289189	0.08491	-0.782905	0.691898	0.155502	0.359214
GCAUG	-3.23488	-0.24955	0.674896	-0.596541	0.293498	-0.0531838
UCAUG	0.512841	0.286005	-0.812703	0.183786	-0.486928	-0.0080224
AGAUG	-1.2922	0.132828	0.308399	0.456886	-0.0214503	-0.538611
CGAUG	-5.89119	-0.495852	0.304785	0.371004	0.425223	0.311444
GGAUG	1.7203	0.501911	0.750414	0.129439	0.05685	-0.234892
UGAUG	-1.02669	0.232146	-0.327092	0.60623	0.925115	-0.152746
AUAUG	-0.401778	-0.459185	0.351201	-0.101767	-0.274719	0.594577
CUAUG	-1.16058	0.073961	0.342928	-0.515625	0.01638	-0.624758
GUAUG	-0.0676024	-0.252176	-0.00060352	0.262928	0.225319	-0.303928
UUAUG	0.707909	0.307677	0.194799	0.16975	-0.364095	0.951839
AACUG	-0.755864	-0.271462	-0.410696	0.8029	0.512578	0.22061
CACUG	0.347612	0.264621	0.659583	-0.560414	-0.57629	0.62548
GACUG	1.44409	0.23209	0.847286	0.368203	-0.32348	0.0485582
UACUG	-5.52718	-0.434402	-0.715394	-0.307288	0.854491	0.143286
ACCUG	-1.84883	0.139437	0.0263353	0.107248	-0.00113166	0.0619897
CCCUG	0.816113	0.487165	0.094997	-0.706205	0.633681	-0.0213952
GCCUG	-0.509715	-0.0355444	-0.0099539	0.0905464	0.498484	-0.132795
UCCUG	0.544715	0.00676967	-0.170558	0.314038	-0.310851	-0.25913
AGCUG	1.54503	0.358313	-0.43689	-0.0296018	-0.76357	-0.212645
CGCUG	-3.16222	-0.122526	0.14586	0.0692933	-0.179332	0.234757
GGCUG	7.02575	0.828377	-0.19974	-0.0569143	0.160649	-0.0481107
UGCUG	0.48673	0.0170161	-0.200106	-0.386977	0.543674	-0.0145368
AUCUG	-0.350087	-0.41236	0.827245	-0.729638	-0.0381976	0.023413
CUCUG	-0.824867	0.061174	-0.111699	-0.262395	0.366491	0.293118
GUCUG	0.768062	0.108903	-0.162165	0.458592	-0.170065	0.227585
UUCUG	-0.807468	-0.0916397	0.415935	0.203489	0.530521	-0.325174
AAGUG	0.103526	0.0293402	0.10923	0.0361439	-0.325297	0.135494
CAGUG	-0.119184	-0.00229432	-0.00407635	-1.02872	0.668807	0.000178165
GAGUG	-0.65959	0.00336387	0.0749302	0.0370987	-0.516999	0.548373
UAGUG	1.33501	-0.541525	-0.357285	-0.222693	-0.234139	-0.0466777
ACGUG	1.39187	0.233276	-0.146183	-0.16837	-0.4503	0.00562464
CCGUG	0.884746	-0.849788	-0.306191	-0.152345	-0.196629	-0.0659482
GCGUG	-0.381911	-0.00330607	0.29402	0.491206	0.0564158	0.0518758
UCGUG	0.02102	0.252087	0.00511366	-0.0633546	-0.122904	0.0305812
AGGUG	-0.746672	-0.305958	-0.0800001	0.110434	0.925649	0.142913
CGGUG	1.13954	-0.677459	0.395109	-0.14479	-0.160803	0.0211011
GGGUG	0.668184	0.111349	-0.00372086	-0.269034	-0.0774802	-0.00691893
UGGUG	2.37863	0.232452	0.397867	-0.186432	0.355123	0.338355
AUGUG	1.02451	-0.189751	0.210201	-0.787743	-0.0186427	-0.295962
CUGUG	1.22299	0.164627	-0.0515446	0.872337	0.157775	0.133063
GUGUG	0.370311	-0.486679	-0.0395085	0.382549	-0.0758681	-0.0619536
UUGUG	1.62474	0.284394	-0.404914	-0.709411	-0.134226	0.021704
AAUUG	-0.085195	-0.0250912	0.471326	-0.241478	-0.372174	0.095278
CAUUG	-1.26391	-0.301359	-0.341141	-0.329435	0.354419	1.11849
GAUUG	1.12664	0.11273	0.150522	0.397959	0.153662	-0.259771
UAUUG	0.339721	0.0964471	1.20855	-0.247899	-0.11552	0.265248
ACUUG	0.4992	0.00597492	-0.139557	0.627866	-0.0756841	-0.0835018
CCUUG	-0.400204	0.229025	0.54461	-0.011575	0.154112	-0.188284
GCUUG	-2.27249	-0.533728	0.491118	1.11442	-0.157236	0.171662
UCUUG	-0.213148	-0.233181	0.0536375	0.657584	0.22516	0.37266
AGUUG	-1.47513	-0.150262	0.784748	-0.570434	0.812107	-0.129158
CGUUG	-1.04041	0.0179612	0.496188	-0.0974765	0.173465	0.078143
GGUUG	-1.3343	-0.392724	0.124461	0.882698	0.0728403	-0.00777529
UGUUG	0.426043	0.553181	0.0842309	-0.262657	0.0892331	0.353758
AUUUG	0.0344358	0.281558	-0.0205477	-0.408688	0.342148	0.503236
CUUUG	0.373312	0.35672	1.57435	0.00890625	-0.49436	-0.269962
GUUUG	0.571941	-0.249492	-0.247216	0.247372	1.08328	0.449028
UUUUG	-0.793009	0.111063	-0.0538325	-0.156587	0.519436	0.489332
AAAAU	0.282109	0.101014	-0.320048	0.122495	-0.225999	-0.471301
CAAAU	0.437257	0.00968394	0.244701	0.451068	-0.142186	1.02901
GAAAU	-0.599924	0.293564	0.201253	0.0392307	-0.172964	0.412538
UAAAU	-0.275282	-0.370129	1.21873	0.189087	-0.100469	0.368983
ACAAU	0.175202	-0.0645444	-0.923497	0.124577	-0.443795	-0.294303
CCAAU	-4.27214	-0.204339	0.102212	-1.08632	0.549832	-1.35748
GCAAU	0.278649	0.0347301	0.168953	0.164548	-0.239948	-0.0634188
UCAAU	1.18741	-0.519354	-0.218721	0.0661958	-0.187352	-0.172009
AGAAU	-5.14503	-0.0372217	-0.111193	0.0450404	-0.155298	0.55369
CGAAU	-0.0847877	0.112781	0.128644	0.202479	-0.178212	-0.290242
GGAAU	-2.63634	-0.0034219	0.536119	-0.407521	0.204437	-0.0272943
UGAAU	-0.413422	-0.0155417	-0.180215	1.54011	0.322058	0.248106
AUAAU	0.550943	-0.414343	0.279394	0.0604976	0.069849	-0.208314
CUAAU	0.417383	0.372426	0.497317	0.159703	-0.652475	-0.648812
GUAAU	-0.0133374	0.14009	-0.739075	-0.691022	-0.229871	0.720386
UUAAU	-0.0862582	-0.281064	-0.19766	0.283429	-0.0556796	0.244612
AACAU	-0.212525	-0.282802	-0.842008	0.0723308	0.473959	0.0252432
CACAU	-0.438564	-0.218107	0.305722	0.149672	-0.435066	0.512367
GACAU	0.813272	-0.106927	0.371275	0.140114	0.117217	0.113248
UACAU	0.562943	-0.0155401	0.234971	-0.121927	-0.518711	0.461471
ACCAU	-0.963891	-0.0433874	0.254593	0.00977531	-0.329091	0.654856
CCCAU	-3.35962	-0.384107	-0.298928	0.446206	0.200476	-0.273934
GCCAU	0.684651	0.0751984	-0.0942727	0.443065	0.0625522	0.110126
UCCAU	-1.18797	-0.558271	1.6937	0.320933	-0.0899258	-0.695741
AGCAU	0.0921593	-0.0786191	0.535919	-0.036919	-0.540312	0.0376902
CGCAU	1.89639	-0.679701	-0.355062	-0.165396	-0.304069	-0.152412
GGCAU	-0.474027	-0.193034	0.620789	-0.0445657	1.04437	0.345311
UGCAU	-3.4795	0.21599	-1.46436	-0.426444	0.572615	-0.353356
AUCAU	-1.29656	0.0947571	0.468484	0.821179	-0.220108	0.923529
CUCAU	0.230273	-0.0545496	0.777169	-0.201957	0.469694	0.0418518
GUCAU	-2.92135	-0.506454	-1.07743	1.12019	0.0811507	0.230851
UUCAU	-1.14381	0.0154907	0.403407	0.30896	-0.0512117	0.23688
AAGAU	0.834674	-0.262176	-0.550709	0.149853	-0.186171	-0.091244
CAGAU	2.04829	-0.799251	-0.131567	-0.407239	-0.411586	-0.115108
GAGAU	-1.02801	-0.0859835	-1.05738	0.572249	0.0923322	-0.0860052
UAGAU	1.5358	0.101424	0.15445	-1.39239	-0.775702	-0.464702
ACGAU	-1.44759	-0.0229002	-1.03026	0.758937	0.0181601	-0.0704508
CCGAU	0.592191	-0.0350167	-0.0996909	-0.0414335	-0.0655222	-0.00801382
GCGAU	0.157072	0.0616219	-0.242947	0.0688088	-0.0115019	0.0554615
UCGAU	-0.565483	0.201772	0.268319	-0.00233519	0.254233	-0.00624178
AGGAU	-0.598772	0.129637	1.82383	0.110237	-0.366264	-0.439423
CGGAU	-1.03213	-0.437697	0.196122	0.516907	0.315002	-0.00648591
GGGAU	0.293817	0.0137545	-0.770826	-0.0333688	0.500271	0.00884777
UGGAU	-0.373776	-0.442774	0.78874	0.40327	0.0260457	0.0319241
AUGAU	-0.0832649	-0.0322397	-0.266553	0.1711	0.380766	-0.160881
CUGAU	0.693736	0.0993019	0.178457	0.0155388	-0.176989	-0.342644
GUGAU	0.63396	-0.496715	-0.0608644	-0.315817	0.405157	-0.029358
UUGAU	0.118613	-0.119313	0.156541	-0.167466	-0.361349	0.247848
AAUAU	-1.59771	0.344836	-0.206132	0.0180394	-1.40246	0.741148
CAUAU	-1.171	-0.254531	-0.495086	-0.312305	1.25999	0.264864
GAUAU	1.5358	0.0412389	-0.76731	0.292315	-0.573716	-0.341019
UAUAU	0.383759	0.100831	-0.0678794	-0.522353	0.0708911	0.276068
ACUAU	-0.0563012	-0.142371	0.0698043	0.22957	-0.295113	0.216676
CCUAU	0.723596	0.15712	0.0298681	-0.583328	-0.675234	0.0694985
GCUAU	1.05777	0.666806	-0.41099	-0.431155	-0.301882	-0.857165
UCUAU	-2.48777	-0.152784	0.541633	1.11488	0.411677	0.0834028
AGUAU	-0.237074	0.128551	-1.05944	0.633256	0.0142532	-0.359113
CGUAU	-1.00567	-0.568999	0.652888	-0.0741968	-0.379095	0.0516517
GGUAU	-3.12856	-0.284791	0.416962	0.667158	0.746021	0.275648
UGUAU	-0.45679	0.115792	-0.263762	0.322119	0.62922	-0.263362
AUUAU	-0.942178	-0.0898756	0.0218739	0.256697	0.0809584	0.888389
CUUAU	0.266912	0.0857238	-0.196649	0.195892	0.713119	-0.107853
GUUAU	1.53191	0.085424	0.0368167	1.01843	0.342328	0.402214
UUUAU	-0.420184	0.0575442	-0.298678	0.0871886	0.171168	0.360275
AAACU	-1.08729	0.0236076	-0.0845752	0.165686	0.0474057	1.0698
CAACU	-0.388285	0.277315	0.277344	-0.168395	0.304785	0.0111038
GAACU	-0.143515	-0.27351	0.0284973	0.280696	0.272835	-0.033261
UAACU	1.24722	0.132622	-0.95091	0.361779	-0.791522	-0.135689
ACACU	-1.22552	0.453243	-0.327572	0.310557	-0.65422	-1.22948
CCACU	-0.0769638	0.211504	0.383715	0.0285004	-0.313451	0.102525
GCACU	0.375271	-0.295238	-0.0548907	-0.0160527	0.016309	0.0362589
UCACU	0.0190594	-0.503366	-0.365121	0.0488053	0.515633	0.107089
AGACU	-0.675707	-0.217967	0.488934	-0.402428	0.101674	0.160435
CGACU	0.494463	-0.103733	0.000971417	0.101833	0.437886	-0.0601287
GGACU	1.27061	-1.15238	-0.217004	0.136785	-0.101937	-0.0188296
UGACU	-0.26667	0.0354207	0.0713497	0.82168	0.465299	-0.647627
AUACU	0.410692	0.0490136	-0.659082	0.417193	-0.24625	0.0628989
CUACU	-0.060158	0.44256	0.147491	1.10225	-0.95125	-0.327823
GUACU	-1.27304	0.174144	-0.644387	-0.135271	-0.154646	0.052917
UUACU	-0.056653	-0.218883	0.20596	0.948654	-0.569443	0.00476136
AACCU	-0.695495	-0.29922	0.157793	0.525485	0.257736	0.130815
CACCU	-0.31771	-0.00847058	0.133312	-0.267714	0.521966	-0.507537
GACCU	1.41606	0.0892784	0.263064	-0.0536746	-0.233415	-0.135947
UACCU	1.46697	0.148516	-0.734954	-0.0707429	-0.596033	-0.31673
ACCCU	-1.33117	-0.435939	0.504693	0.668603	-0.232305	0.228924
CCCCU	0.727034	-0.267672	0.810125	-0.411844	0.433009	-0.163724
GCCCU	2.45568	-0.18682	0.78378	-0.337828	0.0744969	-0.0443582
UCCCU	0.892594	-0.343476	-0.428907	0.0692623	-0.291739	-0.0991918
AGCCU	0.708571	-0.15566	-0.222677	-0.0660931	-0.0796182	0.0376797
CGCCU	0.59627	0.188495	0.217797	-0.579196	-0.327103	-0.257554
GGCCU	-0.567446	-0.0400519	0.612908	0.707613	-0.0867123	-0.415972
UGCCU	0.455075	-0.253283	-0.389698	0.148485	-0.0825773	0.0683537
AUCCU	-1.37207	-0.3061	-0.6534	0.130988	0.668549	0.398468
CUCCU	0.617909	-0.0731877	0.0603613	0.0229162	-0.0868613	-0.294013
GUCCU	-1.42536	-0.80663	0.173935	0.768201	-0.698079	0.0128595
UUCCU	-0.978183	-0.366079	0.442195	0.171758	-0.788971	-0.0795524
AAGCU	-0.292337	0.0564473	0.531678	-0.477286	-0.539417	0.0266775
CAGCU	1.51857	-0.188397	-0.0806774	0.0796147	-0.0464652	-0.0352556
GAGCU	6.35211	0.276739	0.510276	-0.0554748	-0.0469022	-0.0549896
UAGCU	1.17807	-0.0779685	-0.42014	-0.540965	-0.125517	0.2436
ACGCU	-0.201723	-0.0710778	0.571348	-0.148123	-0.106017	0.154231
CCGCU	1.63004	0.315558	-0.320179	-0.701614	-0.326324	-0.139309
GCGCU	0.566602	0.285905	-0.554312	-0.606263	0.49231	-0.112401
UCGCU	-0.769704	-0.0158246	-0.170152	0.442454	0.100915	0.00915824
AGGCU	-2.10229	-0.359942	-0.763518	1.18915	0.70621	0.132121
CGGCU	1.52037	0.180282	-0.549851	-0.248794	-0.488754	0.0702207
GGGCU	5.10866	1.08396	0.322313	0.200543	0.122734	-0.0152174
UGGCU	-0.879856	-0.0979467	0.247157	-0.364309	0.707426	0.130755
AUGCU	-1.15399	-0.135186	0.30983	0.520863	-0.221449	-0.374681
CUGCU	0.404839	0.216993	0.206751	-0.0125058	-0.665112	-0.102768
GUGCU	-2.62143	-0.624794	0.927121	0.71679	-0.557637	-0.105333
UUGCU	1.6028	-0.74991	-0.557159	-0.404061	-0.0879533	0.157091
AAUCU	-0.341901	0.312228	-0.223423	0.013116	-0.102075	0.171887
CAUCU	0.867586	0.0014021	0.181326	-0.146924	0.727876	0.0787864
GAUCU	-0.350436	0.303421	0.0149536	-0.180843	-0.00132604	0.202771
UAUCU	0.364426	-0.258589	0.59225	-0.57667	0.158974	0.124148
ACUCU	1.25842	-0.0607626	-0.658418	-0.522454	0.511087	-0.189945
CCUCU	1.72655	-0.691521	-0.52332	-0.321962	-0.186286	-0.178307
GCUCU	0.464198	-0.265164	-0.443667	0.332161	0.0913904	-0.439567
UCUCU	0.957225	0.0367926	0.339789	-0.416611	-0.689492	-0.184522
AGUCU	-1.89201	0.0210295	-0.44239	-0.459428	-0.00809997	1.38539
CGUCU	0.986265	-0.314804	-0.0691613	-0.175336	-0.157859	-0.0871444
GGUCU	0.50559	0.0195656	-0.0175933	-0.322606	-0.173376	-0.045021
UGUCU	-0.278393	0.289479	-0.87834	0.632944	0.0252813	-0.313297
AUUCU	-1.32855	0.332188	-0.0299321	-0.385608	-0.159819	-0.517868
CUUCU	1.67499	0.0415574	0.272837	0.467978	0.261446	-0.242393
GUUCU	0.86383	-0.514481	-0.0732078	0.00863007	-0.154117	-0.0988464
UUUCU	1.56137	0.0574602	0.127891	0.0287324	0.493776	-0.720852
AAAGU	1.55639	0.282028	-0.161637	-0.55681	-0.485109	0.369317
CAAGU	0.0988885	0.0528111	-0.660155	-0.456263	0.446987	0.472284
GAAGU	0.798424	-0.240921	-0.100343	0.635317	-0.40363	-0.546649
UAAGU	0.435233	-0.15864	0.198757	-0.231784	-0.176744	-0.171626
ACAGU	1.06686	-0.806251	0.157979	0.0530676	-0.222059	-0.315846
CCAGU	0.96035	-0.514189	-0.276574	-0.241064	0.0206688	0.0420671
GCAGU	0.385559	-0.0474139	0.735361	-0.412539	0.452076	0.2953
UCAGU	0.833555	-0.129251	-0.734491	0.130738	-0.202631	0.076361
AGAGU	-1.97071	0.163087	-0.563795	-0.80065	0.564885	0.363173
CGAGU	-1.09874	0.559875	-0.265402	-0.204221	-0.10316	-0.0330488
GGAGU	-4.1326	0.0928297	-0.26984	-1.03037	0.106005	1.88612
UGAGU	-2.61713	-0.380692	0.580124	0.922923	-0.0251676	-0.0597195
AUAGU	-0.298353	0.00261774	0.0831726	0.145046	0.463642	-0.114988
CUAGU	-0.984538	0.287919	-0.524269	0.117095	-1.01402	-0.080284
GUAGU	-1.26364	0.319445	-0.951372	-0.296667	0.0310855	-0.223824
UUAGU	-0.266951	0.546883	-0.107586	-0.399376	-0.770589	-0.132473
AACGU	1.01503	-0.519722	-0.117015	-0.0681789	-0.349087	-0.0489311
CACGU	-0.638271	0.245165	-0.342749	-1.09882	-0.362526	0.150599
GACGU	0.873725	-0.0978994	-0.160181	-0.0932551	-0.327673	-0.0870517
UACGU	-0.684396	0.0199858	0.233385	-0.0922986	0.378024	-0.0531606
ACCGU	-1.19162	-0.0035743	-0.10652	-0.370123	0.563228	0.337454
CCCGU	-2.10335	0.160483	-0.761699	0.521013	-0.505029	0.232287
GCCGU	-2.8634	0.249376	0.858923	-1.22428	-0.291067	-0.606691
UCCGU	-2.18597	0.223347	-0.488168	0.0963559	0.69795	0.140195
AGCGU	-0.111125	0.378348	-0.331611	-0.355898	0.14824	0.286795
CGCGU	0.243482	-0.325379	0.0700285	-0.171617	-0.0576072	-0.000806857
GGCGU	-0.995141	0.00961617	-0.336567	0.346624	0.229826	-0.282734
UGCGU	0.687699	-0.395562	0.0513399	-0.0590541	-0.0415651	0.0209877
AUCGU	-0.0384271	0.374261	-0.111644	-0.0381101	-0.128425	0.134681
CUCGU	-0.0741272	-0.521582	0.639963	-0.110026	-0.480864	0.0260982
GUCGU	-4.54073	0.300422	-1.15974	-0.0566359	1.26246	0.216712
UUCGU	-1.20951	-0.595772	0.215481	0.154775	0.0253312	0.253518
AAGGU	-1.57719	0.0909251	0.0371276	0.66501	-0.393502	-0.381712
CAGGU	1.3687	-0.61513	-0.186677	-0.566045	0.0125464	-0.0188247
GAGGU	0.102523	0.0789998	0.140853	-0.650428	0.0103523	0.241019
UAGGU	0.00717179	-0.327003	0.0725509	0.426182	-0.212669	0.0774179
ACGGU	0.563069	0.0734814	-0.178451	-0.106362	-0.184903	0.00401328
CCGGU	-1.00636	-0.196344	0.591344	0.239042	0.256791	-0.041061
GCGGU	-1.64904	0.338039	0.557915	-0.757869	0.0560555	-0.149173
UCGGU	1.70139	-0.754863	-0.0211779	-0.0852153	-0.0696076	-0.074238
AGGGU	0.685119	0.376419	0.134142	0.0629746	0.0942381	-0.111608
CGGGU	-0.432966	-0.0304779	-0.0282511	0.300702	0.0746703	0.00396517
GGGGU	-1.1542	-0.844596	0.59971	0.669136	0.150244	0.120767
UGGGU	0.484537	-0.145601	0.893044	0.369224	-0.0272414	-0.308286
AUGGU	0.645416	-0.299841	0.403501	-0.379538	-0.168863	0.0252771
CUGGU	-0.204525	0.173503	0.296545	-0.805889	-0.314904	0.381145
GUGGU	-1.64252	-0.136427	0.181168	0.505564	0.58207	0.0573687
UUGGU	-0.231494	-0.00289528	0.0421486	-0.310015	-0.0412163	0.367205
AAUGU	0.613279	-0.375611	-0.0901543	-0.238195	0.341728	-0.0348308
CAUGU	-0.109998	-0.33009	0.244911	0.0633617	0.0837297	0.114001
GAUGU	-1.24587	-0.548242	0.532809	0.471747	0.596355	-0.221996
UAUGU	-0.112267	0.748614	-0.208961	-0.885444	-1.52963	-0.27546
ACUGU	-1.49883	-0.999292	-0.629994	-0.160403	-0.241799	0.124453
CCUGU	0.545378	-0.414773	-0.252532	0.127292	-0.116081	0.21469
GCUGU	0.366172	-0.128393	-0.419596	-0.107364	0.697203	0.21732
UCUGU	0.71125	-0.480384	0.436862	-0.3118	-0.138444	-0.240326
AGUGU	1.02413	-0.28763	-0.0473008	-0.272971	-0.264656	-0.0820512
CGUGU	-1.23195	-0.0331095	-0.905153	0.729041	0.235304	0.0362214
GGUGU	0.011626	0.163168	0.705319	-0.579938	-0.433477	-0.0377476
UGUGU	-0.38106	0.376827	-0.223748	-0.44147	0.317307	-0.408251
AUUGU	-0.222769	0.0553768	-0.219676	0.464639	-0.431508	0.302996
CUUGU	-0.147683	-0.0357924	0.00380536	-0.330296	0.493533	-0.266437
GUUGU	-0.185525	-0.25206	0.437023	-0.366327	0.0370669	0.0516275
UUUGU	1.98008	-0.826669	-0.387506	-0.557101	-0.326808	-0.0132947
AAAUU	0.927686	0.177103	0.483982	-1.18352	0.524048	-0.132288
CAAUU	-0.0150965	-0.292933	-0.693679	0.227925	0.410129	-0.503332
GAAUU	1.70378	-0.859762	0.582667	-0.308367	-0.621658	0.166536
UAAUU	0.400805	-0.226484	-0.49885	0.233181	0.0616411	0.0386215
ACAUU	-1.24107	0.108456	0.125477	-0.867292	-0.560777	1.31105
CCAUU	-0.157935	0.0798278	0.242877	0.0903272	-0.73473	0.181943
GCAUU	0.0997649	-0.469691	0.334591	0.204446	0.112369	-0.223176
UCAUU	-0.288684	-0.240336	-0.328179	-0.546964	0.855726	0.303754
AGAUU	0.390504	0.239098	-0.0544797	0.67741	-0.669948	0.0589943
CGAUU	0.938529	-0.37703	0.138801	-0.270756	-0.159648	-0.125111
GGAUU	-1.32503	-0.505543	0.229174	0.101755	0.756599	0.336086
UGAUU	-0.359601	0.0164969	0.324596	-0.0157284	0.410986	-0.47394
AUAUU	1.16071	-0.22835	-0.377745	-0.338436	0.132334	0.269753
CUAUU	-3.34891	-0.544859	-0.480674	0.817669	0.24046	0.609819
GUAUU	1.77922	-0.345549	-0.287713	-0.431352	-0.168385	-0.309377
UUAUU	1.20271	-0.167052	-0.0310076	-0.372192	-0.33509	0.109074
AACUU	0.235509	0.259487	-0.144146	-0.186532	0.00938581	-0.436547
CACUU	-1.15222	-0.250062	0.274472	1.065	0.135007	-0.630329
GACUU	0.796716	-0.231308	0.191805	-0.260373	-0.104799	-0.0791753
UACUU	1.5106	-0.58741	-0.662523	-0.431498	-0.401796	-0.0583473
ACCUU	0.491286	-0.928455	0.860296	0.0494343	0.153707	-0.313189
CCCUU	-3.27238	-1.01289	0.229955	-0.965335	-1.20926	0.36944
GCCUU	0.803743	-0.402997	-0.514588	-0.0731568	0.0538946	0.00340095
UCCUU	0.276224	0.145408	-0.297299	-0.557408	-0.0929311	0.699795
AGCUU	-3.13252	-0.17661	0.809312	-0.634421	0.0946281	-0.139816
CGCUU	0.194722	-0.302367	0.558051	-0.0762483	-0.154868	-0.131228
GGCUU	1.16602	0.101118	-0.461049	0.304153	0.824273	0.366252
UGCUU	2.49722	0.726986	-0.490595	-0.599667	-0.401627	-0.0195186
AUCUU	0.511834	0.0392317	0.081224	-0.167194	0.892323	0.608566
CUCUU	-0.84128	0.0946764	0.172838	0.166887	0.220618	0.0430513
GUCUU	-1.9033	-0.822105	-0.580168	1.14895	0.195793	-0.168906
UUCUU	-0.065755	-0.0151642	0.0522692	-0.178785	0.115906	0.787513
AAGUU	-2.05565	0.309049	-0.283035	0.183398	-0.276883	-0.460972
CAGUU	-1.14742	-0.223946	0.0666476	0.385006	0.461694	0.17385
GAGUU	0.561539	-0.233198	-0.169704	-0.797324	0.188598	0.176186
UAGUU	1.09709	0.0307358	0.93825	-0.177385	-0.0475534	-0.0791322
ACGUU	-0.927106	-0.196949	0.379754	0.304639	0.098011	0.0772624
CCGUU	-0.202289	-0.109917	0.0553797	-0.0876835	0.363054	0.0954119
GCGUU	1.30654	-0.723254	-0.0688123	-0.351071	-0.010625	0.0405866
UCGUU	-1.24365	-0.0722052	0.698055	0.19575	-0.176756	0.13347
AGGUU	0.454901	0.0178743	0.0554168	0.0801687	-0.0879031	-0.0679972
CGGUU	0.0874463	0.220163	0.0505294	0.363506	-0.0715682	0.0936031
GGGUU	-0.444621	0.215731	-0.228667	0.41117	0.818052	-0.199315
UGGUU	-0.441766	-0.131655	0.0203172	0.206874	0.086202	0.0247414
AUGUU	-0.157581	-0.274012	0.0429246	-0.0856032	0.46377	0.26796
CUGUU	-2.78563	0.0500805	-0.34797	0.055966	-0.202864	0.161682
GUGUU	-0.648078	-0.337244	-0.0875216	0.617827	-0.545653	0.166309
UUGUU	0.72324	-0.417774	-0.340038	-0.141348	-0.0127065	0.0169081
AAUUU	0.312602	0.385921	0.181876	-0.435405	0.630361	0.0360976
CAUUU	0.585357	-0.237879	-0.762229	0.843594	0.20598	0.0222951
GAUUU	1.02512	-0.0682498	-0.30728	-0.0718374	-0.202105	0.00439498
UAUUU	0.982189	0.754305	0.377392	-0.612763	-0.882413	-0.0767954
ACUUU	-0.270899	0.00363208	-0.635222	-1.33074	1.03983	-0.209846
CCUUU	0.291516	-0.0706817	-0.296163	-0.0601644	0.0396842	0.0976696
GCUUU	-1.79626	-0.499147	2.8089	-0.272746	-0.532565	0.0659032
UCUUU	1.40386	-0.13442	-0.516896	-0.316247	-0.547138	0.0863587
AGUUU	-0.0396847	0.233707	0.0597965	-0.361069	-0.312788	0.165789
CGUUU	-2.02544	0.0738343	0.746703	-0.341666	0.602249	0.392418
GGUUU	0.0552175	0.179321	0.152477	-0.369679	0.315203	-0.147794
UGUUU	-0.193131	0.173576	0.0171947	0.382161	0.0622266	0.191712
AUUUU	-0.220557	-0.13545	-0.174913	0.441375	-0.264668	0.103738
CUUUU	3.56825	1.85461	0.194638	-0.967248	1.46805	0.218691
GUUUU	-1.80418	-0.528816	0.232906	0.217399	-0.944315	1.17201
UUUUU	3.01316	0.191529	0.221851	0.246673	0.121223	-0.238273

Relative affinities to the structural contexts 
P	0.771159
H	1
I	0.823548
M	0.104767
E	0.831854

