Error on the test set seq only: 72692.6
Error on the training set: 0.00477631
Number of parameters: 1031

Base Parameters
-1.14118	-0.455319	-0.865616	-0.255914	-3.38716	-1.01536
-0.432018	2.16972	-0.325276	-1.72975	-0.477491	0.281765
-0.313533	1.22123	1.59153	0.249878	-0.0497766	-2.09249
-0.435994	-0.51885	-0.542545	-0.368241	-0.362186	-0.257856
0.429963	0.543647	1.4378	-0.503591	-2.47647	-0.212981
-0.485386	-0.734323	-0.577264	-0.24255	-0.724671	-0.252288
0.32947	-0.018572	-2.40129	2.02444	-0.352586	0.702504
1.65732	-1.28287	-0.161739	1.26998	-2.10655	-3.42723
-0.0906574	-1.68976	2.27314	0.432977	-1.52883	1.25606
0.618761	-0.425116	-0.597586	2.43682	-0.345398	0.238355
-0.216381	0.105286	-1.78481	0.849936	0.407604	-0.400386
0.0275538	-0.426026	0.643658	0.518305	-1.00308	-0.144011
0.207701	0.205678	2.2921	-1.35715	0.671312	0.16376
-0.236444	0.340092	0.820388	-0.626014	-0.329555	0.28904
0.410848	0.182872	-0.21085	-0.549498	0.254933	1.1253
-0.144975	-0.0398962	-0.602403	0.114158	0.268796	-0.464924
1.06715	-0.509794	-0.148895	0.323082	0.57617	-0.644979
-0.0483452	-0.205965	0.738527	0.228842	-0.932235	-0.0528222
0.864094	-1.3173	0.842346	1.8367	-0.228741	0.138445
-0.12757	-0.101182	-0.537029	-0.986106	0.183463	-0.24234
-0.310205	2.32514	-1.71636	-1.89407	-1.52265	0.674912
0.133802	0.37196	0.108602	0.579856	-1.94449	-0.166525
-0.345559	1.74885	-0.586215	-1.34209	-0.575192	0.657581
0.430071	-1.47126	2.24108	2.72055	0.935765	1.62531
0.508602	-0.938333	0.406529	1.26907	0.119852	0.970991
1.80046	-0.591932	-1.14495	1.64857	-2.2026	-0.129692
0.0209828	-0.973365	-1.00752	-0.705103	1.06247	-1.05595
-0.362047	-0.774172	-0.314864	-0.155259	-0.314135	0.00644156
0.46816	0.484779	-0.483583	-0.0811432	0.334872	-0.425763
0.136785	0.747706	1.33557	-0.82205	-0.658575	0.270389
0.842196	-0.188542	0.535709	1.56032	-0.354596	-0.782207
0.844336	-0.0817708	-0.209724	0.32058	0.608642	-1.99611
-0.514834	1.22917	-0.026588	-2.57874	-0.782749	0.509304
0.487615	-0.0477569	-0.237985	1.93792	-2.78549	1.13763
-0.31075	-0.618912	-0.77493	-1.25028	-0.761892	-1.10505
0.0274283	-0.146119	-2.26556	-1.28831	2.61619	0.696999
0.992275	0.278052	-1.68653	-0.161916	0.488207	0.03172
0.759754	0.844449	-0.424822	0.613937	-1.59014	-1.2335
1.3878	-0.749328	0.0855519	2.57121	0.226324	-0.696754
-0.400003	-0.685086	-0.529987	-0.374067	-0.536344	-0.0468798
0.373734	-0.310683	-1.35618	0.124181	0.774074	1.14938
-0.397849	-0.94325	-0.419769	-0.227942	-0.0214741	-0.0780132
-2.08129	1.28106	0.0263998	-1.14224	-0.24027	-0.435569
-0.52272	-0.805866	-0.409599	-0.625517	-0.451548	-0.00612777
-0.301466	0.503943	-0.188143	-0.500242	-0.25936	-0.588894
-0.387081	-0.998615	-0.258986	-0.638145	-0.445337	0.200141
-0.636988	-1.11239	-0.435901	-0.279021	-0.613514	-0.305975
-0.730137	1.00974	0.388955	-0.448508	-0.286042	-0.834607
-0.0602617	0.484853	-1.39378	1.44	-0.479242	-1.34119
0.64559	-2.2953	0.519668	-0.823067	-0.847906	1.81587
-0.467766	-1.32464	-0.524519	-0.244969	-0.0116778	-0.306702
0.952578	-0.438348	0.324237	0.31364	-2.70495	0.57795
-0.418144	-0.0987091	-0.384964	-0.759362	-0.711726	-0.00668713
-0.393928	-0.696855	-0.620723	-0.396914	0.0340925	-0.120633
0.236985	-0.838084	-0.106261	3.95823	1.70487	1.45604
-0.465956	1.75529	1.14132	-0.36074	0.633336	0.388386
-0.174623	-0.335245	-0.636067	-0.424131	0.250156	-0.0346151
-0.0339257	2.3675	-0.263634	-1.13637	-0.291067	1.32745
-0.455225	-0.237299	-0.85433	1.74532	-0.960351	-0.257362
-0.181873	-1.00181	-0.45511	-0.46993	0.827258	0.349437
0.433706	-1.15649	-2.84798	4.2004	-0.349298	-1.11209
-0.498977	-0.942733	-0.458865	-0.273228	-0.556126	-0.165063
0.616226	-0.17715	0.659594	-0.17009	0.317904	0.810551
0.753719	0.000360291	0.421074	-0.796763	-0.56458	-0.957979
-0.197903	-0.420485	-0.107447	3.07562	-0.201267	-2.66616
0.107263	-0.243796	0.183499	-1.34633	1.65211	-0.203908
0.0095384	-0.185477	0.960944	0.697628	-0.19887	0.67041
-0.684701	-0.647666	0.00598885	-0.771894	-0.870514	-0.544006
-0.712888	0.456249	-0.426408	-1.74833	0.649978	1.50078
0.389317	0.800283	-0.128	-1.40319	-0.447809	-1.74797
0.207442	-0.725263	-0.908193	0.194548	0.690752	-0.954286
0.242578	0.0573558	0.363468	0.668428	-0.00735119	0.143804
-0.0406905	0.211999	-1.18231	2.88828	1.42112	-0.728038
-0.219464	0.0464383	1.67864	-0.0222292	-0.525317	-0.173873
-0.317609	1.76456	-0.715811	1.23147	-1.72674	-0.879261
0.0467217	0.128987	-1.04658	-0.517225	1.145	-0.991277
0.0142147	0.147911	2.72011	0.976474	-0.636101	-0.727137
-0.188699	-1.63839	3.2559	0.684852	1.52349	1.61824
0.669106	0.307146	0.232317	0.0801989	-1.90459	-0.356165
0.773444	-0.0488298	-1.0891	0.810797	0.313928	-1.51459
-0.475777	-1.19357	-0.702238	-1.18289	0.59204	-0.249461
-0.158616	0.344226	0.331919	-1.32142	-0.520074	0.902004
0.122378	-0.319923	0.936222	0.9491	-0.668406	0.651636
0.557506	-0.682767	1.63908	-1.33822	-0.996481	0.625517
-0.227786	-0.786153	-0.235102	-0.115009	0.0940807	-0.0546024
-1.21025	1.73831	-1.03389	1.35914	-0.482298	0.585115
0.77447	0.169522	1.41602	-3.42376	0.181193	3.26916
0.803695	-0.224654	0.0859158	-0.126688	0.636947	-0.325431
-0.180014	-0.264815	-0.105161	0.688163	0.194527	0.291809
0.111991	0.281167	1.03114	-1.42695	-0.509224	0.393913
-0.270606	0.106848	-0.541003	-0.572476	0.3743	-0.236901
1.03668	-0.220562	0.533792	-0.715345	0.50088	3.09853
0.163426	0.456898	-0.679386	-0.367058	-0.44206	0.336055
-1.18938	1.26134	0.229498	0.0614319	1.1638	0.00543365
-0.364082	-0.622117	-0.390439	-0.464284	-0.000612727	-0.0922591
-0.240986	0.323368	-0.812218	-1.20309	0.311517	-0.633287
-0.267107	-0.752078	-0.312227	0.0124545	-0.363237	0.206923
-0.40748	1.10606	-0.927729	0.300668	0.872401	-1.17706
0.172274	1.12067	-1.13804	-1.04502	0.700598	0.876793
0.0200876	-0.169553	-0.442382	0.481075	0.135863	0.00254291
-0.0399689	0.188753	-0.563658	0.036748	-0.208289	0.0378723
-0.375569	-0.722996	0.0514642	0.17279	-1.17166	-0.256991
-0.0738017	0.201407	-0.697948	0.380033	-0.552842	0.144007
-0.448131	-0.959347	-0.548242	-0.245834	-0.316914	-0.194745
0.0783044	0.260623	-0.0542351	0.650871	0.365602	-1.03491
0.0542871	-0.342265	0.069198	0.300338	0.445457	0.338877
0.69969	0.443432	-1.12573	-1.99407	1.66655	1.87632
0.979418	0.42226	0.0808792	-0.455649	-0.2377	-0.00294271
0.0328545	-0.311396	-0.292241	0.444856	-0.257395	0.480659
0.167062	0.373307	-0.134047	0.514613	1.67067	-1.41131
0.307835	0.706074	0.431174	-0.960234	-1.79574	-0.862842
-0.216252	-0.280089	-0.556203	1.33412	-1.33462	0.243393
0.209358	0.22044	-0.594648	0.627948	-1.69606	0.200049
-3.53766	0.0059503	0.612078	0.450292	0.253929	0.0950456
-0.232513	-0.272161	0.00870684	0.187543	-0.284782	-0.0111632
-0.295855	0.0675829	-0.54489	0.626063	-1.11889	-0.526213
0.470549	-0.616021	-2.08269	0.973386	0.519628	1.26862
0.100272	1.47419	-0.287245	-0.274251	-2.46389	-0.462852
-0.286048	-0.762453	-0.535324	-0.319349	-0.0193858	0.0759726
-0.248745	0.149243	-0.239938	1.23841	0.586788	1.408
0.866165	-0.439055	2.36696	-1.1503	2.20588	0.989246
-0.598312	-1.11198	0.0730288	-0.28568	-1.17927	-0.036731
0.363406	0.178216	-1.5257	-0.506433	1.03753	1.14366
-0.519391	-1.1357	-0.354928	-0.348666	-0.551608	-0.114265
-0.0113066	0.684774	-0.248617	-2.3628	1.52374	-2.21536
-0.631545	0.745268	-0.433161	-0.966517	-0.0592221	0.43585
-0.36948	0.279848	-0.251427	-0.502321	-1.24852	-0.287063
0.101032	-1.04123	1.40028	-1.78428	-0.847902	0.945663
-0.739751	-1.24014	-0.696741	-0.386987	-0.98051	-0.0724056
0.593563	-1.44686	0.620058	-1.20746	-0.112121	0.0032989
-0.724166	-0.626216	2.1169	-1.42916	-0.669588	0.19904
0.786471	-0.00134638	0.508115	-1.83723	1.24872	0.402133
0.337028	0.58632	-1.57684	-1.23999	-0.926937	2.67699
-0.940442	0.588492	-0.247201	0.682558	-1.24608	-0.113409
-1.12146	-0.954408	-0.118004	-0.00153201	-0.431356	-0.0871249
-0.38332	-0.773404	0.308139	-0.265596	-0.0886312	0.0590073
-0.337165	0.383171	-0.606099	-1.20035	0.312772	-1.23867
-0.432632	-0.832518	-0.316152	-0.546099	-0.2747	0.022861
-0.465061	-0.339886	-0.32266	0.509563	-0.155296	-0.242761
-0.0410406	0.0820895	-0.653736	0.0132606	-0.252573	0.482459
2.17205	-3.90085	-0.408955	2.58163	0.617176	-0.271031
0.172281	-0.645109	1.64484	-0.767649	0.372697	-0.268823
-0.633923	-0.787262	-0.514491	-0.972873	-0.0665846	-0.589965
-0.0162887	0.0200245	-0.768369	-0.292515	0.974811	-0.329267
0.068127	0.134562	-0.626885	0.67502	0.471804	-0.0151119
0.05022	-0.228373	1.37562	0.306774	0.0462222	-0.0239522
0.141766	0.118928	-0.750279	0.447734	-0.456657	-0.0751141
0.9016	1.61089	-1.06618	-1.80688	1.7324	-0.316512
-0.500744	-0.524195	-0.59633	-0.619894	-0.683105	-0.0549666
0.456851	-0.231239	-0.740199	1.21627	-1.23536	-0.0199216
-0.119824	0.0535967	0.0192929	-0.360534	-0.234498	0.0890644
0.00466335	-0.0431821	-0.251183	0.0231609	0.551792	-0.110498
-0.151951	0.425075	0.35101	-0.802816	0.074166	0.153276
-0.0398601	-0.04951	-0.00834593	0.127295	-0.0433065	-0.0164444
-1.17293	0.892007	-0.389313	1.51768	-0.570144	-0.673078
-0.253358	-0.749797	0.119138	-0.253268	-0.346846	-0.228967
0.619596	0.967046	-0.356885	-0.647809	-1.34201	-0.845989
-0.49539	-0.936511	-0.382813	-0.495181	-0.41165	-0.148359
-0.0806916	-0.638113	-0.103076	0.214608	-0.0828999	0.186501
0.0720593	0.66884	0.139456	-0.613727	-0.599754	0.1443
0.29312	-0.303769	-0.100212	0.893878	-1.66728	1.02701
-0.374307	-0.759257	-0.558082	-0.270746	-0.047297	-0.0491663
-0.000287758	0.283466	0.896851	0.481589	-1.16671	-1.60398
-0.154447	-0.533364	0.279188	-0.145173	-0.166319	-0.159233
-0.129839	0.209459	0.402432	-1.61095	-1.44479	0.272418
0.0786494	-0.0892722	0.12914	-0.111196	0.639869	-0.278423
-0.0357561	-0.366889	-0.0600211	0.238132	0.17168	-0.0586542
-0.29576	-0.802561	-0.657151	-0.00206191	0.0508583	-0.000629262
-0.11574	0.669365	-0.273519	1.23829	-0.947788	-0.993832
-0.822968	0.0899876	-0.32751	-0.0959135	-0.0231878	-0.0184366
-0.635558	3.34387	0.110216	0.518475	0.00957432	0.0290299
-0.33381	-0.861095	0.200605	-0.308566	1.22508	0.385955
-1.06526	1.27738	0.969996	0.847714	1.29741	-0.0252628
-0.507336	2.0454	-1.59384	0.406231	-0.241708	0.3703
-0.91648	0.292535	0.264858	-0.520526	0.81098	-0.244341
-0.76973	0.273761	1.59168	-0.497585	-0.215296	-0.287579
-0.150235	-0.250559	0.323519	2.05674	-0.110571	1.81786
-0.390686	-0.816215	-0.605122	-0.315934	-0.166675	-0.0450047
-0.274156	0.133175	1.00138	-0.984369	1.26975	-0.00603848
-0.150103	-0.529858	-0.380589	-1.1774	0.266702	-0.343577
0.784657	-0.169942	-0.374377	0.627087	0.432695	0.792358
0.124958	-0.462036	0.00146233	0.598156	0.727938	-0.837508
-1.28056	1.06311	0.0700168	-0.251496	0.040385	-0.0185845
-0.453536	-1.256	-0.187747	-0.229517	-0.207904	-0.148437
-0.312829	-0.00864081	-0.528303	-0.306456	-0.483762	-0.0272787
0.998485	0.814736	-1.67669	-1.599	-2.10445	-0.200294
-0.291532	-0.32191	-0.461201	0.354367	0.0600221	-0.715724
-0.0882019	-0.0583581	1.22394	1.01264	0.810023	1.65254
-0.473013	-0.877783	-0.547118	-0.530821	-0.347896	-0.0194613
-0.107457	0.559687	-1.4627	-0.190854	2.02469	-2.46502
-0.46222	0.0769093	1.03964	2.50395	-1.37785	-0.216208
0.0635009	-1.25725	0.705726	1.14922	0.234837	1.03312
-0.695645	-0.688891	-0.379234	1.4654	1.87966	3.17679
-0.17985	-0.532119	-0.165483	0.201431	-0.019439	-0.0228914
-0.263806	-0.355268	-0.556318	0.987424	-0.631651	-0.706764
-0.551244	1.05039	0.151124	-1.83318	-0.704362	-0.14372
-0.11278	1.44386	-1.46639	-0.105275	-0.323925	0.510732
0.559171	-1.62296	0.540767	-0.382227	-0.584231	0.0173486
-0.235834	-0.409167	-0.34619	-0.223595	-0.0701787	-0.0607419
0.0569435	0.834462	3.6624	0.0761208	-1.84389	-0.854332
-0.162467	0.333073	-0.271539	0.74089	-0.714345	-0.734635
0.0658611	-0.164622	-0.0661839	0.0943096	0.232828	0.144578
0.592279	-1.44851	-2.11034	2.33147	1.55899	-0.964739
0.124419	0.387492	-1.10013	-0.09513	-0.396196	-0.0482558
-0.000373403	-0.665674	-0.277482	1.373	0.589485	-0.274238
-0.50425	-1.0912	-0.644375	0.166367	-0.556307	-0.182018
-0.28683	-0.918095	-0.388718	-0.577501	0.285415	0.615796
-0.226609	0.135478	-0.275842	-0.761667	-0.302011	0.0236693
0.0494688	0.117403	-0.402117	-0.666248	0.477934	3.56355
0.980429	-0.260035	-0.162859	0.826531	-0.576308	-1.62172
2.03441	-1.23022	-0.0942227	0.452104	1.38715	0.954831
-0.0553842	-0.257865	0.513289	0.592184	0.0665059	0.214561
-0.0672107	-0.436855	0.533523	-0.264543	-0.0801813	0.104134
0.13484	0.319064	-1.451	1.44808	-0.368697	0.713782
-0.0587699	1.96865	-1.00263	1.78001	-0.587779	0.0683529
-0.25029	0.907039	-1.3327	1.59577	-0.136192	-0.483478
0.0650121	0.279986	0.653796	-1.40641	0.923589	0.55937
-0.196276	0.399089	-1.10588	-0.298957	-0.292891	-0.0571767
0.299804	-0.360734	0.925981	-0.108088	0.551955	-0.384484
-0.382209	-0.81713	-0.67254	-0.111979	0.0845019	-0.068251
0.315096	0.0685645	-0.239838	-0.00136902	1.85977	1.69208
1.54643	-0.0588959	-0.500288	0.0951247	0.442493	-2.40124
-0.35909	-0.982081	-0.327729	-0.298092	-0.0713933	0.0160877
0.563202	-0.648667	0.0780865	0.877684	0.2086	0.837168
0.591037	0.163012	-1.36819	0.198683	0.214854	1.92453
-0.347061	-1.13502	-0.388898	-0.154154	-0.0576651	-0.0780808
-0.0927206	-0.297894	0.0467797	-0.073659	0.0168662	0.0056965
0.708349	0.553278	-2.13834	-1.7575	0.038509	0.287654
-0.386446	1.00268	-0.720058	-0.356315	-0.841235	0.16263
0.584514	-0.238039	0.451393	1.26464	0.654057	1.29895
-0.0773953	-0.835788	-0.583333	0.366995	0.055612	0.339171
0.00871852	0.295724	0.0878286	-0.285332	0.149043	0.121762
-0.90197	-0.768036	-0.267373	-0.420709	-0.326332	-0.343708
-0.2222	-0.860999	-0.0835201	-0.264677	-0.0953597	-0.0721057
-0.0415455	-0.50282	0.910803	0.735756	-0.212131	-0.264127
0.099877	0.668643	-1.47908	-1.95632	-0.461688	1.22191
0.608601	0.516782	0.309126	-0.76042	-3.51189	-0.680319
0.276773	0.0538776	-1.43502	1.54707	0.205248	-0.314692
-0.434501	0.413178	1.66399	0.903541	-1.20799	0.1108
0.010379	0.292796	-0.298293	2.47511	1.66205	-0.846728
0.125255	-0.219484	-0.765833	-0.0522622	2.54089	0.710158
0.071899	0.121358	0.57706	0.144329	0.070261	1.18561
-0.182406	-0.177722	-0.293554	-0.431262	0.0314565	0.000280511
0.16729	0.985816	3.77657	-3.24264	-0.0447994	-0.153584
0.383352	-0.6876	1.43059	1.27145	-0.0836661	-0.790905
-0.255608	0.60859	-0.459668	-0.940866	-0.712122	-0.234471
0.511089	-1.03842	3.0137	-0.185967	-0.361544	-0.293727
-0.00278743	-0.267066	0.281996	0.181351	-0.476198	0.301784
-0.108297	-0.771077	-1.19555	2.03424	-0.182863	-0.307681
0.185084	0.125455	-0.32518	-0.0787739	0.292452	0.870352
-0.37361	-0.895089	-0.488534	-0.341683	-0.16217	-0.0224792
0.102981	-1.86371	2.89314	3.88626	1.09501	1.26831
0.661742	-1.24215	-0.515732	2.81946	0.0997239	-2.49636
-0.582066	1.34111	0.0100122	-1.48982	-0.802728	-1.0448
0.121136	0.297957	-0.586197	-0.190835	-0.200139	0.981255
-0.238139	0.278625	0.0999983	2.12246	0.816025	0.975196
0.20253	0.418664	0.352043	-1.44255	-0.187933	0.622769
0.962902	1.11027	0.212761	-0.63822	-1.82978	1.61663
-0.289176	0.468218	-1.47167	0.902907	-0.674894	0.263729
-1.03273	0.190261	1.36105	-0.882138	2.01969	-0.182807
-0.044988	0.913311	-0.59349	-1.51599	0.476534	-0.582181
-0.409856	-0.290469	3.69636	-0.834208	-1.14609	0.351629
-0.00171271	0.290789	0.153568	0.402012	-1.07728	-0.766707
-0.236518	-0.370718	-0.356956	-0.0878794	-0.63201	0.00630662
2.12926	-0.540889	-1.92204	-0.363583	0.391657	0.920713
0.0375826	1.05028	0.226105	0.563663	-1.03218	-0.012056
-0.340121	-1.0201	0.00750157	0.997927	-0.204359	-0.203797
-1.04818	0.44293	-0.00364389	-0.833083	0.328326	-0.292516
-0.533962	-0.421881	-0.855206	2.07586	2.34469	0.361223
0.664366	-0.778397	0.774518	0.041041	-1.83878	0.127953
-0.179076	1.11019	-2.02213	-1.19474	-0.674514	0.795505
0.38216	-0.41771	2.88861	0.569395	0.398102	-0.21448
1.50689	0.86335	-1.17964	-1.98065	-2.0467	-1.5514
0.421141	-0.020484	-0.400385	-1.61711	1.5813	0.283381
0.319144	-1.43473	0.904291	1.80661	1.79554	-0.0023926
-0.297066	1.00111	0.801929	1.19686	0.785005	0.192066
-0.109719	-1.02207	-0.490798	-0.0229706	0.542404	0.142779
-0.504968	0.904717	-0.493109	-0.416395	0.478328	-0.482345
0.169561	0.392588	0.323832	-1.36163	0.363733	0.883254
-0.488206	0.072781	-0.620633	-0.600918	-0.53593	-0.325137
-0.40736	-1.25618	-0.734002	-0.2357	0.0561789	-0.125407
-0.521204	0.543696	1.31922	1.09202	-0.64497	0.0866852
0.150212	-0.28778	-0.394875	1.39732	-0.107367	-0.175533
0.500266	0.320233	-0.5303	0.0371851	0.775355	0.53808
0.0530483	0.297372	1.13576	-0.682961	-0.712329	-0.429561
0.103595	-0.387898	-0.00414481	-0.237758	-0.648564	0.962008
-0.40081	-0.977474	-0.0351118	-0.273676	-0.311302	-0.175617
-0.207832	-1.72043	0.869453	-0.663124	-0.740998	-0.234714
-0.157269	-0.383641	0.0406465	0.270363	-0.439458	0.270732
0.0493859	-0.146099	-2.14324	0.244366	0.862244	0.354698
-0.260737	-0.585703	-0.378014	-0.199487	-0.421164	-0.0515246
0.654029	-1.18168	1.91151	0.611319	0.559716	-0.0388606
0.563994	0.0582132	-1.51473	0.789969	1.41448	1.02402
0.107991	-0.793098	0.390187	0.365444	0.685409	-0.0910884
-0.210129	-0.0326557	-0.184338	-0.327246	-0.163415	-0.069178
0.0895567	-0.912711	0.407766	0.309328	-0.517986	-0.0995375
-0.521785	1.44123	0.147077	0.410651	-2.11853	-0.152941
-0.0329497	-0.463187	-0.334618	0.661679	0.511095	0.0660247
-0.387222	0.483022	-0.344655	0.700117	1.03216	-0.0229425
-0.7829	0.252383	-0.41864	0.0291973	1.04579	-0.0318419
0.672765	-0.916578	-0.548745	0.279325	4.13925	1.05386
-0.0159776	0.806108	-0.248354	-0.34751	-0.298722	-2.57279
-0.482319	1.15133	0.0834188	1.22934	-1.09801	-0.350172
-0.463503	-0.988637	-0.33469	-0.552759	-0.0536655	-0.184904
0.3358	0.365641	0.0535003	-0.0290545	-0.442114	1.36534
1.12262	-0.693719	-1.57689	2.68163	-1.77009	-0.13399
0.48326	0.92549	-1.0786	1.04353	-0.657398	0.419318
0.212927	0.548084	-0.544168	2.09173	-1.20702	-3.73341
0.333029	-0.407884	2.31224	1.22459	-0.16169	0.0357481
-0.145475	-0.114874	-2.44246	3.29096	-0.188241	-0.218255
0.712645	0.0761797	0.411541	-1.40054	2.00953	0.385344
0.0324922	-0.325077	2.20864	0.535563	-0.183894	0.311431
0.729088	-1.49795	1.51887	-1.06182	-0.261585	0.0934984
0.0487095	0.607234	-0.217172	0.0653838	0.155109	0.256866
-0.140091	1.54762	1.61603	0.457853	0.865108	0.764496
-0.0868576	0.0615133	0.250998	0.0969743	-0.844005	-0.0863189
-0.845106	0.204581	0.539113	-0.338575	-0.0328789	-0.31869
0.676903	-0.854027	-0.76144	-0.0156183	2.54	2.75293
-0.211913	0.0604279	-1.05638	0.747691	-0.274614	2.42276
0.725544	0.387113	-0.240545	1.53193	-1.09882	-3.38364
0.200593	-0.572523	-0.133938	0.146078	1.03985	0.834425
-0.123456	-0.550811	-0.924712	1.51336	1.22027	0.0608901
0.098183	0.604999	-0.394153	-1.495	1.83388	0.654652
0.604331	0.053264	-1.77492	1.48899	-0.926906	-0.31531
-0.421598	1.28803	0.0954112	0.935833	-0.869615	-1.06217
-0.430847	-1.59707	-1.02552	1.67873	3.77451	0.721646
-0.230721	1.25722	-1.63004	-0.765063	-1.26284	1.60917
0.359528	-0.388656	-1.65586	-0.951108	1.72157	2.1325
0.44605	-0.0326362	0.47297	0.194552	-0.13896	1.53533
0.259798	0.523075	-1.42226	-0.332515	0.773544	0.39625
-0.0578969	-0.478049	0.703131	1.96188	-0.553182	0.0927289
0.0979621	0.241043	-0.502613	-0.0583239	0.212759	0.453743
0.527483	-1.32288	-0.226595	0.450007	1.4557	0.135047
0.726681	0.255777	0.460081	0.0480881	-1.33529	-1.26847
0.674336	0.856848	-2.54903	-0.583708	-2.0621	-0.144697
0.336863	0.474133	-1.17777	-0.906984	-0.000889026	1.42815
0.285342	0.412404	0.214437	-0.499398	-0.0468502	0.658513
0.00945228	0.480086	1.91172	-1.12654	-1.25243	2.09122
-0.122664	-0.169325	0.399021	-0.192984	-0.375268	-0.0688161
-0.343432	-0.698692	-0.283875	0.0045369	-0.573297	-0.0799889
1.83863	-1.8251	0.196509	0.0169273	-0.338642	0.993128
-0.810084	2.34588	-0.172208	2.03305	-0.0129032	0.371574
0.0621476	0.310191	-0.408814	-1.99539	1.23869	0.22557
-0.203354	0.675164	1.70618	0.118849	-1.36804	-0.863064
-0.885168	0.766152	-1.3028	0.042445	0.821276	0.952147
-0.18034	-0.250385	0.827204	-0.828085	-0.900097	0.12636
-1.28073	1.12373	-0.747421	-0.462669	0.32342	0.258879
-0.605755	0.290344	-1.12327	1.10807	0.237243	0.889545
-0.202797	-0.0468979	0.0225097	0.486742	-0.409951	-0.43042
0.0891536	-0.320484	-0.952096	0.649504	-0.762663	1.10937
-0.200132	-1.39951	0.516551	-0.288712	0.105493	-0.0415444
-0.933366	1.26629	-0.0165718	1.87223	-1.84252	0.877661
-0.255195	0.14991	0.493368	2.23927	-1.40418	0.222684
-0.430194	0.559296	1.26954	0.211873	-0.317037	0.945523
0.0193864	1.65757	-1.50647	0.443101	-0.0488157	0.211785
0.759558	-0.953602	-0.311864	1.99168	0.977651	0.153266
0.0385645	-0.0989343	-1.40885	1.91048	-0.746012	-0.0699115
0.128007	0.180794	0.135017	0.154512	0.208673	0.914079
0.141831	-0.0694894	0.249564	0.792775	-0.150465	-0.021804
0.685637	0.109238	1.93536	-0.990207	0.933706	-0.398731
-0.374722	-0.244239	0.218189	1.53293	0.866645	-0.31807
0.213971	0.54049	-0.567509	0.0933885	-0.143989	-0.142463
0.095693	0.463994	0.666232	0.675628	-1.45855	0.0963317
0.0889543	-0.298641	-0.757254	2.03289	1.13523	0.0619784
-0.455948	-0.96904	-0.401207	-0.444287	-0.461425	0.0483112
-0.0449822	0.60526	0.409858	-0.962402	1.23463	0.378562
0.403847	-0.639561	-1.16872	2.6798	1.15831	-0.187732
-0.390371	-0.329575	-0.704567	0.506999	0.192941	-0.287667
-0.492169	-0.660257	-0.777435	0.0409908	-0.558774	-0.513337
-0.907193	2.40119	-0.773047	-0.595654	0.206361	0.668193
-0.370374	-0.591125	-0.307498	-0.45879	-0.514246	0.179211
-0.749936	0.55445	-0.750032	1.93187	0.0944942	0.304099
1.53834	-0.796373	-0.0830686	1.53189	-1.29624	-1.09231
0.67601	0.297779	-1.02521	-0.587623	0.146367	0.298861
-0.304969	0.138621	1.54512	0.37614	-1.78125	-0.0152977
0.907808	-0.0952439	0.479031	0.251071	0.103973	-1.86066
0.426815	-0.930051	1.70267	-0.338109	-0.16945	-0.0939612
2.52688	-0.754711	0.257035	-1.55813	1.47532	-0.487434
-0.0472082	0.94155	-0.943142	1.67969	0.0954538	-1.18586
-0.129907	0.735009	-0.174929	-0.905611	-0.159145	-0.385336
-0.412199	-0.725072	-0.309649	-0.427422	-0.566404	-0.0707037
-0.780732	1.21207	-0.961207	1.8045	-1.82127	-0.0185215
0.782236	-1.54464	-0.760207	0.777454	1.72446	-0.0818993
-0.515802	0.569865	-0.196374	0.779596	-1.38634	0.556416
0.107805	0.767141	0.16042	0.570213	-3.69826	0.168727
-0.144049	-1.22792	0.511113	0.0587528	-0.238733	0.286079
-0.931027	-0.554632	-0.56761	-0.553386	0.360345	-0.111967
0.799424	-0.247334	0.484125	0.47303	-0.170267	1.48783
-0.740007	-0.828811	-0.69484	0.353156	0.0353519	-1.37751
-0.123311	-0.678718	0.275161	-0.0531504	-0.164037	0.0506885
-2.06858	0.573912	-0.624515	-0.240418	0.0402522	0.236904
-0.504392	-0.717412	-0.722499	-0.912129	0.00344215	0.185479
0.188344	-0.110432	3.36473	-0.248709	0.376273	0.815306
0.121998	0.241771	0.625658	0.148063	-0.106466	0.325638
-1.62206	0.253402	-0.771318	-0.140973	-0.557613	0.119925
-0.713147	0.887739	0.386552	-0.489623	0.732972	0.23189
0.0216403	0.271606	-0.369773	1.23655	0.363736	-0.101485
0.262612	-0.274364	-1.04208	1.23064	0.46886	-0.601103
0.0185456	-0.550096	-0.638288	0.744309	0.11128	0.477445
0.205659	-0.746979	2.84906	1.64627	1.3866	-0.29862
-0.237412	0.384473	-1.22986	-0.256873	-0.044827	-0.0956879
-0.171642	-0.634416	-0.0600549	-0.349191	0.0491316	-0.0264056
0.123481	0.054849	-0.123485	0.0729314	0.271342	0.521914
-0.264764	-0.697113	-0.0967529	-0.101804	-0.0517343	0.0349091
0.8415	-0.577383	0.367167	0.72527	1.56189	0.400536
-0.0718267	-0.789794	0.84273	-0.49047	-0.223834	0.403049
-1.24495	-0.0955142	-0.117478	0.294874	0.0587268	-0.00868356
-0.167442	0.525622	0.0866464	-0.387915	-1.33968	0.312019
-0.0324493	-0.751546	0.413096	0.475496	0.440819	0.205986
0.183956	0.312722	1.36362	0.0565171	0.583888	0.254436
-0.21279	-0.211436	-1.14765	0.2381	-0.335831	0.207832
-0.294636	-0.85305	-0.2447	-0.454694	-0.0293946	-0.116683
-0.346882	-0.308386	-1.01684	-1.07266	0.177718	-0.215294
1.26741	0.181496	-1.46857	-0.0432586	-1.18961	-0.297494
-0.161765	-0.87594	0.290791	-0.203727	-0.166767	0.019039
-0.281766	-0.752935	-0.0707517	-0.288084	0.0762273	-0.218909
0.0481124	-0.182969	-1.18181	3.13055	-0.944607	-0.301415
-0.376267	-1.14271	-0.583448	-0.0427742	-0.0269079	0.00363631
-0.490031	0.508156	1.22462	-0.298814	0.0497813	0.253209
-0.0849511	0.359953	-0.112127	0.216321	-0.268252	-1.16365
0.107136	-0.33074	1.58436	-0.416243	-0.312819	0.305985
0.524083	-0.0984804	-1.24536	2.42746	0.0540391	-0.835397
-2.02689	-0.307056	-0.224391	-0.332259	-0.247793	0.0755816
-0.144777	0.196296	0.467726	-1.33812	-0.374167	-0.266526
-0.43171	0.0110872	0.0798413	0.0592648	0.14901	-0.0098942
-0.405909	0.329596	-1.68858	0.191348	0.206395	-0.0776533
-2.55326	1.62445	0.459238	-0.607742	-0.0443847	0.0832706
-1.09432	-0.0734826	0.0857252	-1.219	-0.180682	0.00412701
-0.642438	-0.145885	0.123759	1.26326	2.00381	0.423984
0.892516	-0.116371	-0.676283	-0.622287	2.28649	-0.366152
-0.0207164	-0.611412	2.09774	0.785182	-0.223109	0.197983
-0.3304	-1.11112	-0.310939	-0.274832	-0.052134	-0.0224782
0.336026	-0.233135	0.261649	0.453755	-0.0563217	0.0464432
0.367349	0.474348	-1.24397	-0.813833	-0.60079	1.26389
0.358815	-2.63595	2.22507	-1.01199	1.09206	0.363031
0.502507	0.275443	0.129232	-0.119171	-0.274169	1.3812
-0.546709	-0.941828	-1.01474	1.26187	1.2478	0.294424
-0.142747	0.484676	-0.609399	-2.30994	0.46683	-0.734245
-0.356846	0.129085	0.249604	1.0717	-1.73329	-0.555742
0.690185	-0.533838	-0.858094	0.788712	1.4361	-0.521102
0.671233	-1.21699	1.47758	1.78862	0.765928	1.58436
-0.812006	0.664983	1.99971	-0.896137	-1.1045	0.242206
0.988618	-0.554199	-2.39647	1.51953	2.43334	-0.705654
0.791204	-0.513793	0.0264521	0.596902	2.04626	-0.696772
-0.110221	0.135441	0.219929	-0.21321	-0.472164	0.534289
-0.00985562	0.443407	-0.459938	0.997015	-0.852664	0.168981
-0.345043	0.4451	-0.228036	-0.0736048	0.575718	0.471291
0.290305	0.341659	-0.940212	0.199897	1.19715	-0.876597
-1.00428	-0.814226	-0.328886	-0.449022	-0.926113	0.519156
-0.545212	-1.02389	-0.434936	-0.243827	-0.6075	-0.332095
-0.0127552	2.21603	-1.16211	-1.51918	0.567933	0.760038
-0.149093	-1.01618	-0.458331	0.618794	0.222935	-0.25726
0.126885	-0.0932148	-1.25478	0.926318	-1.46528	1.89463
0.905786	0.339485	0.12064	-1.03579	0.0938997	-2.01497
-0.0104921	-1.17363	0.293447	-0.145261	0.631787	-0.022004
-0.426648	1.87001	0.452701	0.689606	1.20268	0.330673
-0.182832	0.245889	2.18706	-1.03218	-0.603914	1.5056
-0.169315	0.219756	-1.14743	-0.00656014	-0.207032	0.0240019
-0.29316	-0.201193	-0.820418	0.160217	-0.570523	0.158676
-0.116649	-0.619159	0.597555	-0.582619	-0.550148	0.142179
-1.19166	1.47728	-1.07491	-0.893016	-0.437073	0.436112
0.449392	-1.73275	1.29151	-0.0945818	1.24182	1.46642
2.13515	-1.83574	-0.262654	-0.234612	1.89117	2.653
0.121269	-0.251525	0.0379031	0.130162	0.517393	0.113827
-0.21878	0.835489	0.463213	-0.589685	0.120162	0.293458
-0.0238022	-0.0522382	-0.635734	0.0681152	0.675253	0.304993
0.722433	0.00240568	0.188835	-0.0386168	1.63868	-1.4014
0.667955	0.441384	-0.23042	-1.22056	-0.18536	0.301345
-0.7776	-0.197041	0.500417	0.871378	1.40005	-0.524824
0.088128	-0.546432	2.76088	1.52338	-1.44324	-0.421624
0.105208	-0.292367	0.469172	0.40002	-0.98094	-0.55637
-0.734631	0.0832536	1.67548	-0.506165	0.771472	-0.387685
-0.00160559	1.04262	-0.458816	-2.06494	-0.113641	0.290209
-0.0385376	-0.0783287	-0.152221	0.142356	-0.115122	0.0249045
0.0144231	0.231251	0.478409	0.530149	0.838528	0.568122
0.00522404	-0.517701	0.362402	0.066558	-0.289809	0.107938
0.199654	-0.245719	0.0726166	-0.289603	1.6641	1.92795
-0.575951	0.728101	1.55099	-0.362594	1.30095	-1.4858
-0.424919	-1.23457	-0.4904	-0.230854	-0.228495	-0.0218906
-0.938091	0.774208	-0.390958	0.328992	0.161057	-1.45444
-0.216474	-0.0675696	-0.275235	-0.434901	-0.00750138	-0.0245527
-0.156673	0.617435	-2.07035	0.0604036	0.0607976	-0.844243
0.00800985	-1.23949	-0.464405	0.0731443	0.826794	0.499806
0.391016	-0.774504	-0.180271	2.65701	1.79028	0.514967
0.414813	0.965956	0.702293	-0.122676	0.0868777	0.235866
1.59902	0.213145	-0.305232	-1.70742	0.82406	-1.27578
-0.388707	-1.09924	-0.378832	0.00326716	-0.123679	0.100063
0.758513	0.126049	0.350039	-0.330363	1.29518	0.485413
-0.407211	0.236583	0.189494	0.962629	1.12757	-0.938875
1.97506	-0.617872	-0.26484	0.971687	1.88565	0.163844
0.207601	0.475007	1.39025	0.941562	0.166124	-0.600788
0.101666	-0.306256	0.703505	-0.0800874	-0.297548	0.0247033
-0.30803	1.48839	-0.05803	-0.856198	-0.772313	-0.289984
0.103289	1.02208	-0.502936	0.0204608	-3.01455	0.297973
0.423959	-0.75432	-0.200066	0.989494	1.21305	-0.471005
-0.27314	-0.470109	-0.518937	-0.457016	-0.156183	0.0752539
-0.531394	0.108799	-1.14007	1.72429	-1.76225	-1.1376
-0.956088	0.736436	1.69478	-1.14311	-0.978477	0.572736
0.275725	-1.94756	0.257019	1.05131	0.2411	-0.752691
-0.206201	0.262442	0.22362	-1.1598	0.708172	-0.360066
-0.424456	0.0533904	-0.082503	1.3449	1.54148	0.764035
-0.306772	1.3689	-0.213908	0.747154	-0.0185701	1.10634
0.239313	0.1483	-2.6853	-0.533977	1.80049	-0.660521
-0.341193	0.428112	2.78465	-0.976802	-3.30405	0.096496
-0.385416	-1.10344	-0.491484	-0.0472903	-0.238478	-0.0334285
0.791286	0.758401	0.199907	-0.657551	-0.979415	0.115733
-0.764288	0.216215	-0.128941	0.214776	0.923899	0.57356
-0.331528	0.0645915	-0.467283	-0.683115	-0.0573994	-0.441682
-0.360903	1.26056	-1.26496	0.0473912	-0.972828	0.338534
0.82115	0.473425	0.515288	-0.87125	-1.33362	0.240202
0.211005	0.459476	-1.51986	-0.0494522	1.41708	-0.595939
-0.0362966	0.322231	-0.245186	2.46176	0.00270273	-0.178236
1.15308	-0.372975	-0.132482	-0.126058	0.667281	-0.529732
-0.259007	0.869197	-1.11721	-0.451633	0.221211	0.519328
1.07337	-0.191559	-1.01151	-0.40014	0.833823	4.26453
-0.824751	0.764166	0.272897	1.73354	-1.25442	-1.00329
1.10683	-1.51085	1.03957	1.45639	-0.43945	2.1818
-1.21298	1.27374	-0.929397	-0.448633	0.163692	1.47593
-0.580595	1.03687	-1.12328	-1.751	0.541441	0.718318
-0.393073	0.102671	1.43825	1.07548	-2.58214	-0.891328
-0.139951	0.755792	-0.477689	-0.975878	0.985184	0.415227
0.324685	-0.786503	-1.32939	1.48578	-0.784137	-0.644958
-0.212719	0.979009	0.396281	-2.3053	0.381663	0.254667
0.192981	0.0568505	3.2632	1.25224	1.20859	-1.98825
-0.0538216	-0.118067	-0.132482	1.19754	-0.268069	-0.308352
0.398032	-0.461385	-1.33294	1.40095	-1.00099	2.68736
0.0464755	-0.332444	0.395602	-0.342202	0.117481	0.0482698
-0.62454	2.43493	0.167087	-2.22738	-0.784068	-0.0515761
2.03828	-0.320331	-0.929969	0.576278	-0.558725	-0.340711
1.31759	-0.457208	-0.425324	-0.454285	1.18804	1.89036
-0.0542668	0.855993	0.180444	-0.927686	0.109641	-2.48244
-0.280831	0.255412	-1.27411	0.0820942	0.662657	-0.286742
1.69214	-0.295595	-0.478819	-0.866142	1.01986	0.952252
-0.485603	1.11903	-0.65006	0.271057	-1.35401	-0.426624
-0.0429443	0.593816	1.78451	-0.764249	-0.515902	-1.24217
0.0299669	-0.180276	-1.10589	1.62631	0.234862	0.631573
-0.381311	1.53229	1.72877	-3.034	-1.16901	0.337142
1.11268	-0.267056	0.2664	1.88878	1.46442	0.218348
-1.29641	0.0464075	-0.00919747	-1.16912	1.02194	0.243827
-0.390232	0.340633	-0.575278	2.30692	0.658626	-0.219658
0.388342	0.388874	1.77301	-1.15531	0.491926	0.819168
-1.11193	0.415746	2.07699	-0.837893	0.540654	2.68956
2.43908	-0.758959	-3.50863	0.963534	-0.18647	2.27562
0.0118881	1.26121	-2.75216	1.34842	-1.92584	2.21524
-0.330101	-0.493951	2.26671	2.45755	0.179327	0.186005
-0.00200428	1.18649	-2.78957	-1.81379	-1.98449	1.03145
0.165971	0.498778	1.02538	-0.474121	0.564794	-1.24707
-0.45319	0.814096	0.0891019	-0.839803	-1.0479	-1.31495
-0.196879	-0.454252	-0.480934	0.323264	-0.169488	-0.166779
0.464468	0.605298	-1.78089	-2.19341	-1.10976	0.453445
0.12075	-1.30288	0.439055	0.194202	0.804911	-0.00415895
0.490159	-0.622446	0.699789	-0.179793	1.02318	-0.217712
-0.111509	0.0931208	-0.0555786	-0.180271	-0.429358	0.193978
0.000502771	0.379216	1.17457	-0.719193	0.141622	-0.0248158
-1.54949	1.2486	-0.180122	-1.83769	-1.17404	0.092169
-0.586751	1.02437	1.64553	-1.97961	0.352462	-0.00141237
1.5293	-0.0817446	-2.42557	0.297515	-1.58035	-0.0824565
-0.651942	0.611162	2.38196	2.08734	-0.381944	-0.133084
-0.209443	0.304952	-0.143617	-1.39686	0.374068	-0.0659943
2.21796	-0.688613	-0.29457	-0.276743	0.144511	3.96275
-0.742867	-0.9287	-0.379224	-0.519437	-0.484911	-0.394435
-0.280435	-0.671588	-0.0508522	0.180326	-0.389837	-0.178914
-0.114571	0.138892	0.768385	-0.135088	0.397047	-0.49269
-0.0803194	0.122599	0.308334	0.400095	-0.515877	-0.0893603
0.631281	0.00118402	-0.229447	-0.337102	0.954833	-0.768367
-0.207445	-0.591726	-0.132266	-0.0643265	-0.309941	-0.099812
-0.115307	0.735879	-0.354611	-0.813415	0.004011	-0.331627
0.234278	0.0337904	-0.111701	1.08689	0.501523	-1.25937
-0.862309	1.11124	-0.301006	-0.651222	2.34578	0.844483
-0.316282	-0.74266	-0.12373	-0.358492	-0.210252	0.0176988
0.136561	0.325943	-0.324763	-0.499964	0.359128	-1.03538
0.371924	-0.274404	1.67601	2.83505	-1.6414	-1.85574
0.647393	-0.341661	-1.21323	0.0116263	-0.104827	2.13318
-0.523205	1.14267	2.05	-1.14687	-1.23768	-1.06152
-0.552012	0.124176	0.986191	0.514818	0.00876841	-0.313133
-0.77365	0.56262	-0.212849	0.361828	-2.18732	1.73689
0.798154	-0.454733	0.164821	2.48606	0.672026	-0.309485
-0.037528	0.102203	0.512984	-0.390366	-0.936791	1.12549
0.161622	-0.0320705	-0.365137	1.02374	-0.144056	-0.2822
0.0957881	-0.860535	0.454603	0.0341117	0.542936	0.0672352
0.190806	-0.683686	0.0371346	0.925134	-0.0213006	0.373668
0.754582	-0.234834	-0.580284	-0.639005	1.04111	1.23795
-0.203467	-0.905642	-0.234064	1.41982	1.10918	-0.186522
-0.379037	-0.876756	-0.114147	-0.411216	-0.171901	-0.0365657
0.000130459	0.0673316	-0.271004	1.4258	0.626563	0.440379
0.378823	0.198179	-0.653222	1.25184	-0.629631	0.117383
0.159221	-0.0427014	-0.490285	0.812837	0.438882	0.159924
0.94088	0.339412	-1.06899	0.273939	-0.329803	0.911777
-0.111318	0.217711	-0.866232	-1.17299	-0.96167	-0.400177
-0.332622	-0.197249	1.32542	1.32367	0.926484	0.169485
0.237663	1.26032	-0.281379	0.53303	-0.0877937	-0.543573
-0.825601	0.105197	-0.400845	-0.0554181	1.145	0.0380141
-0.0085482	0.958748	-0.958275	2.10444	1.42081	1.24958
0.576394	-0.361011	-0.275204	-0.407918	1.62315	0.616584
-0.174529	0.561931	-0.156298	0.109291	-1.15247	-0.240831
-0.196174	-0.784415	-0.0421929	0.139772	0.0470904	-0.166365
0.665422	-0.391639	1.69312	0.962125	-0.468668	-1.65432
-0.237557	0.393975	-0.581497	0.265161	-0.180441	-0.270474
0.0300184	-0.350555	-0.846375	1.38729	0.887835	0.496986
-0.0914565	0.267964	-0.694755	0.0833083	-0.0512045	0.184642
-0.724059	-0.730399	-0.219167	-0.0738211	0.148984	-0.0672831
0.127643	0.684386	-1.1899	0.250876	-1.36503	0.484844
-0.388365	0.765353	-0.964195	-0.280227	-0.173507	0.129124
0.376492	-0.0972641	2.23263	1.00604	-0.0987207	-0.130597
0.911084	-0.108469	-0.56661	0.242182	0.310996	1.53951
-0.415409	-0.944432	-0.283814	-0.0595262	-0.0545211	-0.33574
0.831816	-0.235313	-1.6283	1.1167	1.46867	-0.528457
0.421932	0.938024	-0.303868	-0.399828	-0.285921	-0.479136
0.220692	1.1261	2.48646	-0.518397	-2.11208	1.58153
-0.523051	-0.704604	-0.658167	-0.210194	0.539383	0.0931314
0.935326	0.122543	-0.0610023	-0.824178	0.146287	-0.0682126
0.0606932	0.0498312	-0.268877	0.173045	0.0556082	0.0227393
0.750254	0.527574	-0.682922	0.152846	-1.40232	0.264409
-0.0794065	-0.588607	0.343824	-0.136456	0.0820429	0.0914261
-0.259409	-0.626299	-0.258571	-0.260592	-0.0960901	0.00994449
-0.453021	0.212327	0.465708	-0.149207	-0.0276533	0.0223585
-0.145671	-0.436363	-0.356859	-0.0601724	-0.0686333	0.0101888
0.013494	0.742264	0.235265	-1.25881	-0.595244	0.0660729
0.269526	0.769677	-1.32356	-0.402891	-0.254205	-0.378884
0.451147	0.21611	0.323229	1.16781	0.324134	-0.701895
0.0462779	-0.184877	0.493008	-0.432824	0.178679	0.0852007
-0.271933	-0.477124	0.226232	-0.498136	0.104606	0.0335929
0.0598464	-0.289069	0.0277669	-0.851834	1.09214	-0.0181508
-0.214849	-0.38569	-0.280321	0.272661	-0.291396	-0.227257
0.0063118	0.619459	0.0464791	0.514624	-0.417293	-0.493898
-0.180031	0.838776	2.03802	-0.0431706	-3.06934	-0.329654
0.397273	0.613793	-1.4677	-1.00342	0.110711	-0.455035
0.0498402	-0.727508	1.18543	-0.24379	0.145584	0.262117
0.989409	-0.304951	1.60262	0.0463919	0.920472	-0.0945809
0.0907691	0.453492	-0.856798	-0.285257	-0.632698	-0.368645
0.260765	-0.0142888	1.59845	0.519512	-0.323084	0.0658505
0.268971	1.46802	-0.977776	-1.55196	-1.46368	-0.0451896
0.504307	-0.025379	0.748752	2.19901	1.17722	0.470099
0.491472	-0.0841876	0.700844	0.679634	0.537588	0.461835
0.417929	-0.743916	-1.85771	0.732299	1.68123	0.0391643
0.372205	-0.596964	-0.223797	1.27285	0.838402	0.0729414
0.766921	0.798426	0.805801	-0.287718	-1.0388	-0.853417
-0.142729	1.54849	-0.701362	-1.81757	0.266155	0.298402
0.786498	-0.9527	1.02179	-1.51418	-0.168175	0.0499871
0.132744	-1.70787	1.5164	0.674956	-0.0826145	-0.166709
-0.552668	1.62636	-2.33316	-0.407579	0.136325	-0.189813
0.129346	-0.374923	1.29096	1.0924	-0.604999	-0.314518
-0.557218	1.39862	-1.6148	-0.930877	-0.315313	0.161635
-0.0586135	0.0268145	2.09358	1.12166	-0.988459	0.104856
-0.152808	-1.10957	0.098941	-0.0551723	0.0745144	0.0490527
-0.0139999	0.00972176	-1.39476	0.92782	0.347983	-0.205464
-1.46672	0.193148	0.591308	-0.318384	0.425315	-0.277114
-0.748368	-0.137647	1.85932	-0.299382	-0.498944	0.756639
-0.609138	0.762379	-1.1019	-1.82692	0.643136	-0.116946
-0.276026	0.368362	1.79023	0.701543	1.56627	0.287744
-0.397708	1.66462	2.04168	-3.03852	-0.917126	-0.84826
0.0204348	0.195762	-0.472042	-0.912124	1.24823	-0.365089
-0.00488869	-0.245962	1.28092	0.558261	0.978301	-1.21154
-0.403876	-1.00274	-0.548016	0.0433711	0.103672	-0.353013
-0.49563	-0.957179	-0.279969	-0.456406	-0.428035	-0.116751
0.573372	0.282026	-1.23782	-0.623892	0.256876	1.12484
0.260016	-0.864899	1.30356	-0.717297	-0.520141	0.0977551
0.0765781	-0.14573	0.0599878	0.0601238	0.370391	0.261862
0.0810465	0.585474	-0.161529	-0.337459	0.370864	-0.0702517
0.62427	0.140869	0.589804	-0.175211	1.11859	-1.01753
-0.0865408	-0.804953	-0.0186126	-0.456267	0.773351	-0.116502
-0.218148	-0.268216	-0.268012	-0.123719	-0.0885727	-0.221288
-1.06814	-0.852198	0.270197	-0.0502627	-0.0403983	-0.0312499
-0.587539	2.27163	-0.149668	-1.1824	-0.264337	0.599676
0.59852	-0.0998752	0.172506	0.785064	-1.12957	0.000214201
0.603171	0.356681	-1.26076	0.812531	-0.225262	0.0208153
-0.201545	-0.763402	-0.022738	-0.0287487	-0.174858	-0.0487357
0.436325	-0.0757149	1.64286	-1.28685	2.57445	1.6318
-0.101621	-0.147819	0.192173	0.165803	-0.677979	-0.121545
-0.0501872	0.419874	-0.188773	-0.732757	0.694761	-0.078022
0.110716	-0.212693	-0.36359	0.637356	0.967339	0.0115132
1.11593	0.555549	-0.809969	-2.14069	-0.8323	-1.56118
-0.04204	-0.585688	-0.319512	0.637863	0.134872	-3.87419e-06
0.607259	-0.824624	1.77627	0.546096	-0.814038	0.474675
-1.09339	0.472355	-1.14498	-0.286366	-0.092495	-0.476276
-0.39133	-0.989531	0.0160461	-0.408852	-0.559119	-0.189121
-0.444329	-0.255817	-0.0327107	-0.248765	0.265311	0.0447249
-1.09038	0.386488	0.644089	-0.398196	0.0464857	-0.0730021
-0.4314	1.01216	0.215675	-0.771769	0.0538439	0.0265076
-0.999059	1.0455	-1.32207	-1.28865	-0.941246	-0.476744
0.0881174	0.664741	-0.973222	-2.31922	-0.104903	1.70097
-1.68712	1.86992	0.821356	0.149357	0.109246	-6.84953e-05
0.33709	-0.142464	0.12824	1.39025	0.652972	0.454386
-1.14501	2.01044	-1.27151	-0.0180864	-0.00331643	0.0223344
-0.40182	0.489921	3.32141	-0.474822	-1.42744	-1.35195
0.0354764	0.1397	-0.372558	0.267907	0.185014	0.0754345
-0.722668	1.1851	-1.34792	1.70134	0.466178	0.230678
-0.331757	-0.542487	-1.28811	0.744589	-0.43509	0.267322
0.191595	1.91506	-1.08838	-0.459882	-2.02683	-2.43761
-1.21732	-1.41136	0.442903	-0.346604	-0.131315	-0.199704
-0.351047	-1.05519	1.75851	0.915955	-0.119352	0.023762
1.55307	-1.78843	-0.56977	1.1108	1.74247	0.68661
0.165626	0.463176	-0.761	-0.415382	0.377456	1.2345
-0.9704	0.448327	0.0175331	0.103992	-0.285712	-0.533847
-0.0313591	-0.170512	-0.154256	0.093991	-0.0529081	0.0418255
0.952227	-0.028642	-0.728789	-0.667962	-0.13804	2.51431
-0.571302	1.40417	1.08423	0.877339	0.260149	0.402926
0.340642	0.478441	-2.38676	-2.37288	1.14932	-0.280561
-1.40363	1.7318	-0.212997	0.50799	0.184727	0.0468662
0.315025	-0.183467	0.604277	0.422801	0.363058	-0.201759
0.118133	-0.0826866	1.07464	0.326282	0.172434	0.43749
0.0155145	-0.300776	-0.66845	1.4065	1.00116	0.72816
-0.366835	1.03267	-0.818859	1.24005	0.528448	0.501818
0.495371	-0.776803	2.04596	-1.56374	0.54186	-0.110228
-0.233819	0.15997	0.231039	3.40616	-0.976696	1.19942
-0.184026	-0.00130337	2.41069	1.62737	0.279449	-1.37469
0.679346	-0.812823	0.416308	-0.669317	-0.535196	-0.394257
-1.61017	0.84881	-1.07577	0.0141268	-1.04579	0.248561
0.377597	-0.150508	0.0628889	1.3816	0.442271	-2.08193
-0.521613	1.37915	-0.445212	-1.0794	-2.02294	1.52219
1.07514	-1.80289	0.677151	-0.962502	0.230539	0.158192
-0.296597	1.17839	-1.79141	-0.471553	-0.391632	0.568634
-0.0357369	-0.08105	0.907911	1.48145	-0.345732	-0.57613
0.553426	0.0635111	-0.866464	1.49669	0.872999	1.59913
0.0716768	0.80083	0.0416088	-0.16088	-0.263654	0.0107355
-0.0694623	1.9177	0.428082	0.90893	1.25621	0.432044
0.67156	-0.744101	1.026	-0.091464	0.764418	0.79726
0.665084	-0.227877	1.49499	-0.423251	-0.388726	-0.401179
0.0132846	-0.12672	-0.0956389	1.2801	0.19173	-0.447433
0.857163	0.147879	0.393275	-0.388566	-0.870783	0.212859
0.35041	-0.516411	-0.542107	0.855739	1.28001	1.56374
-0.314052	-0.913716	1.81432	-0.962027	0.0111356	0.443127
-0.278312	-0.345943	1.60082	0.814097	0.42819	1.01214
2.00288	-1.17173	-0.827119	1.4269	0.00649053	-1.96061
-0.538001	1.296	-0.246895	0.90722	-1.10483	-0.845657
-0.475198	0.311684	1.97778	-0.589306	-1.46943	-0.848719
-0.190391	0.360281	-0.303319	0.233248	-0.408648	-0.455042
-0.663259	0.897751	0.483422	0.550595	-1.18221	-0.244123
-0.839551	1.05031	-1.01647	-1.2912	-0.982924	-0.645684
0.324904	-0.144948	0.757704	3.30162	-1.28846	0.103621
-0.40645	-0.633171	0.229613	0.0819539	-0.513948	-0.0557693
-0.956935	0.280526	0.132134	-0.539113	0.624985	0.0950067
0.120909	0.18895	1.17059	-1.15958	-0.73244	-0.301839
-0.0940484	-0.406668	-0.00803309	-0.371609	0.143638	-0.0730795
-0.753782	1.24882	-2.16002	-0.891537	0.284259	-0.0577549
-0.168704	-0.0682272	-0.0844397	1.08635	1.44393	-1.52966
-0.334058	-0.864967	-0.204062	-0.223366	-0.248928	0.109167
-0.559769	1.00818	0.0894929	-2.31413	0.61885	0.682296
0.261537	-0.0924711	-0.253276	0.788395	-0.31856	1.8193
0.0783931	-0.535009	0.108843	0.615443	-0.0996908	0.00608757
0.418971	0.490226	0.200751	-1.7947	-1.76943	-0.449015
-2.14449	-0.577285	0.552196	-0.489893	0.200567	-0.199645
0.581649	0.101486	0.286704	0.0186325	1.19115	0.256978
-0.253097	-0.433295	-0.610485	0.206233	-0.0954724	-0.0378477
-0.072168	-0.035714	-0.826125	-0.114384	0.928232	-0.063748
0.661215	0.0124408	1.92718	0.316264	-1.22815	-0.628492
-0.041582	0.489022	-0.657467	0.587592	-0.106649	0.159452
-0.386258	2.29805	0.00165085	0.147979	0.582394	-0.0679923
-0.00559701	-0.401582	1.03982	-0.972603	0.170338	-0.649694
-0.197981	1.07001	-0.739965	1.75403	1.11783	0.219714
-0.499095	-0.916963	-0.765084	-0.385898	-0.106705	-0.0552279
-0.142823	-0.00330603	0.725455	-0.766301	-0.176379	1.07554
-0.679429	-0.421772	-0.346898	-1.29125	-0.713434	-0.408439
0.146564	-1.55132	0.686039	-0.374814	-0.185699	0.692741
-0.039858	0.193291	-1.38524	1.28941	0.120867	0.365894
0.274558	0.251957	0.669202	-0.353746	0.462957	1.84441
-0.298801	0.345922	-0.787839	0.192913	0.16697	-0.921654
0.25225	0.374119	0.0240246	-0.00780716	-0.326302	-0.331202
0.752557	-0.554506	-0.971617	1.83094	1.18928	1.9576
0.393742	-0.841778	-2.14431	0.707188	2.0338	-0.189746
0.899468	-0.908358	1.06693	-0.466373	1.57535	0.344396
0.166813	0.261671	0.321246	0.157614	-0.00942258	0.314169
0.541046	-0.668704	0.698696	1.49632	-0.192777	1.16557
-0.367058	0.607031	-0.521887	-0.196451	-1.40803	0.605279
-0.339115	1.00431	0.237881	-1.64166	-1.65225	0.163863
0.102799	0.325098	3.53547	-1.27684	-0.346855	-1.62911
-0.411174	-0.0544657	-1.15103	1.61519	0.655912	1.12622
-0.000816885	0.164581	-0.026157	0.152583	-0.300927	0.155996
-0.15288	0.189685	-0.719485	0.0244707	-0.00526785	-0.401778
0.703981	-0.755741	0.298925	-2.86805	-0.306744	3.16017
0.00777315	0.931582	1.39606	-0.758796	-0.679213	2.2092
-0.17156	0.366276	4.05447	-0.55324	-1.23418	1.12464
-0.202112	0.179332	-0.115336	2.98321	-0.306247	-1.27021
0.574731	-0.559687	-0.531118	-1.6284	1.85831	-1.83329
0.261482	-0.329402	1.63062	0.0318634	-0.611365	-0.0185119
-0.952221	-0.991762	-1.38494	-0.493496	-0.174728	-0.690674
0.369839	0.0635279	0.40317	0.364643	0.541564	1.03992
1.06073	-1.28896	1.13386	-0.365027	-0.959375	-0.363608
0.270279	0.502994	1.73317	-2.5672	1.35462	1.47016
1.41093	-0.351801	-1.2396	0.946984	0.412213	-1.5805
-0.153258	0.0328499	0.142805	-0.856133	0.935528	-0.339563
0.0761736	1.14297	1.84217	-1.42047	1.28351	-1.86004
-0.4821	-0.869923	-0.654088	-0.407518	-0.50023	0.032538
-0.0132729	0.0737879	-0.50777	0.611377	1.25627	1.14787
-0.893083	1.68823	-1.6983	-0.551953	-0.872733	0.336531
-0.45778	-0.497963	-0.40449	0.542214	-1.64553	-0.699531
-0.157407	-0.317445	0.928554	-0.201906	0.634911	0.0617719
-0.635967	-1.48621	-0.369146	-0.409933	-1.09168	0.674219
-0.139023	0.546499	-0.592575	0.286234	-0.0661933	0.455442
0.966882	-0.567675	-0.118257	0.999259	0.325949	0.710152
0.00745801	-0.0175263	-0.0930988	2.06304	1.48603	0.021542
0.176147	-0.463228	1.27436	-0.534533	0.312464	-0.502015
0.384197	0.260933	0.288927	0.448169	-1.05217	-1.25886
-0.473044	-0.913329	-0.557468	-0.248817	-0.347474	-0.191799
0.472763	-1.23826	2.17791	0.461815	0.174515	-0.0786173
0.305131	1.15553	-3.15919	-1.88422	1.10547	-1.6737
-0.189334	0.430931	0.992402	2.46205	1.85365	1.92535
1.14462	-1.29678	0.657303	0.347997	1.08133	0.157962
1.02549	-2.02206	-0.898509	2.41325	0.482149	0.473989
-0.0368048	0.903821	0.403252	0.611451	-2.05933	1.86197
-0.0608971	0.271225	-0.224809	0.14399	-0.145181	-0.500383
-0.419705	-0.975111	-0.299272	-0.133077	-0.504396	-0.0860589
0.454993	-0.0692273	-0.440952	1.12793	2.12948	-0.0712089
-0.0567133	0.698487	-1.47649	-1.84141	0.214938	-0.988984
1.03727	-1.02841	-1.39818	1.49994	-1.30619	-0.227604
-0.146238	-0.289783	-0.417836	0.0577249	0.210402	0.0507974
-0.275821	-0.452255	-0.381319	-0.299496	-0.166468	0.0343866
0.768027	-0.723151	1.37126	-0.383948	0.353439	0.428104
-0.127489	0.404061	1.26702	-0.123435	-0.815454	-0.789911
-0.089748	0.0583914	0.0846977	0.061793	-0.139057	-0.0122926
-0.0538638	-0.119856	-0.329643	-0.543389	0.422778	0.19581
0.313252	-0.0525952	0.453855	1.24148	-2.36651	1.05134
0.428758	-0.49744	-0.819711	-0.643097	1.23898	0.175352
-1.34478	-1.01755	-0.0816459	-0.19501	-0.45644	-0.220657
-0.0299476	-0.00210368	0.0635983	-0.0686102	0.0491176	0.237477
-0.196199	-0.0814459	0.282033	0.524569	-0.15992	-0.447927
0.440164	0.36919	0.152097	-0.135125	-1.68244	1.7598
0.420783	0.21388	0.054153	-2.82701	3.97028	-1.13423
-0.364782	-0.378074	-0.682831	0.132	-0.468291	-0.206636
-0.00614033	-0.355942	-0.24581	-0.0787998	0.443744	0.250475
0.791382	-0.174707	-0.616362	1.00762	0.0908812	0.541656
-0.277272	-0.0601341	-0.0382542	-0.995435	-0.84699	0.145665
0.438611	0.544746	-0.204998	-0.689595	-0.0369811	-1.33202
-0.394487	-0.0264751	0.695085	1.71472	-0.10767	0.406047
0.381174	-0.682616	1.39958	1.30651	0.886654	-1.68447
-0.10778	-0.0637077	-0.602116	0.206694	-0.138958	0.0635076
0.0540135	-0.428721	1.94788	2.00385	-0.452836	0.585603
-0.295167	1.47718	-0.273677	-0.688344	-0.438673	-0.0973482
1.18157	-0.610789	-0.0827329	0.387564	0.0679293	0.47688
0.0991061	-0.594578	0.611942	-0.347853	0.604234	0.187504
0.36191	-0.449113	-0.116083	1.80353	-0.327628	1.22882
-0.525935	-0.854574	-0.641636	-0.634821	-0.621642	0.183599
0.140588	-0.57534	0.180296	1.1859	0.600116	1.25946
0.181099	0.131156	1.57973	0.0587394	0.258507	0.110734
-0.246516	-0.593072	-0.0053177	0.789026	0.892274	-0.188328
-0.468747	-0.884248	-1.07991	0.439288	-1.26759	-0.289896
0.950462	0.190425	0.351062	1.05761	-0.435854	-4.36675
-0.296713	0.468721	0.0219393	-1.30597	0.859702	-0.445515
-0.265525	-0.768473	-0.580428	0.138536	0.0370793	-0.0404541
-0.216497	-1.03325	0.981102	-0.0740476	0.220658	-0.0366346
-0.335125	0.206067	2.16434	-0.0453588	-0.355769	0.53245
0.239815	-0.25803	1.41035	0.248607	-0.565089	0.0238074
-0.328387	-1.33273	-0.139293	-0.537643	0.169479	0.0913446
-0.0238344	0.110873	-0.859045	1.67435	-0.504397	-1.43238
0.792596	-0.498073	0.511415	-1.68168	-0.179139	2.2041
-0.348012	0.525402	0.325719	0.418788	-0.362591	-0.307206
-0.596386	0.40486	-1.45469	0.520083	-0.371543	0.290301
1.51848	-2.47543	-1.07163	2.38424	-1.35553	1.35808
0.962871	0.150539	0.345401	-0.176463	-0.173468	0.0207445
-0.0352944	-0.0695908	1.02734	-0.0965	-0.356052	-0.62641
0.153288	0.0139164	-0.123134	0.43706	-0.844438	1.17347
-0.0319494	0.0842813	0.419716	-0.440548	0.467399	0.350805
0.28596	0.0336203	-0.129762	0.00534057	-0.595598	1.06075
-0.60395	0.100478	1.22958	1.03692	-0.125692	0.226865
-0.783074	0.0678356	0.989355	-0.239963	-0.513968	-0.191791
-0.53259	-1.41606	-0.425498	-0.107903	-0.726504	-0.0626096
-0.33084	-1.10197	0.0257786	-0.132823	-0.246786	0.0248545
-0.281337	-0.105805	-0.287869	-0.305047	-0.265224	-0.203782
-1.67719	0.569302	1.76428	0.369299	-0.428954	-0.274838
-0.523288	-1.383	-0.571674	-0.299202	-0.289125	-0.0412127
0.310572	-0.750667	-0.933563	0.981536	-1.00379	1.74361
-0.102861	-0.423707	-0.340484	0.511137	-0.0274396	-0.854929
1.13596	-1.97018	1.14696	-0.271289	-1.74147	-0.205397
0.528111	-1.09256	0.970578	1.02941	-0.742927	0.529882
-0.513529	0.346372	2.10301	-1.43526	-1.15082	-1.10056
-0.455158	0.393874	0.0783066	-0.277084	-0.666666	-0.894933
-0.0366632	0.182156	0.92608	-1.02321	-0.741337	-0.0353332
0.0939823	-0.01685	-1.16457	-0.420046	1.0212	0.780833
0.469196	-0.553172	1.15082	-0.0325171	0.870028	0.23573
-0.44102	0.211786	-0.621441	-0.300422	-0.3945	0.0214543
0.897622	0.633378	-2.49366	-2.06324	1.11106	-0.0935168
-0.319183	-0.910112	-0.212086	-0.231884	0.273344	-0.033807
0.231135	-0.224078	0.388864	1.65894	-0.490245	-0.615784
0.723321	0.824487	-2.01886	-2.05813	-2.17456	-0.380412
-0.313113	1.83363	0.691891	0.812211	0.27006	-0.0532585
0.0994705	-0.316646	0.0806752	0.121073	0.445986	0.171389
0.424529	-0.634701	-0.106401	1.53325	-0.721213	-0.138838
0.272624	0.0719777	1.13119	0.642563	-0.37241	0.169453
0.382089	0.426669	2.08168	0.359993	-1.94609	0.0196476
-0.320395	-0.599828	-0.804132	-0.496136	0.0572967	0.1787
-0.455091	-1.12673	-0.637234	-0.379515	-0.316524	-0.0286464
0.60653	-1.39978	1.09906	1.29314	-0.880015	-0.00842629
-0.190761	0.34038	-0.694812	-0.786207	-0.734119	0.818233
0.693102	-1.95861	0.710852	-1.13476	-0.443796	0.0638185
-0.105587	-0.587703	-1.04648	0.446189	1.20475	-0.145118
-0.11072	-0.362599	0.210055	-0.251129	-0.184573	-0.193346
0.0432349	-0.292714	0.23472	-0.409086	0.66738	-0.0309248
0.911049	0.294717	-0.27104	-1.29213	-2.01922	0.498887
0.116592	0.330899	-1.36261	-0.504172	-0.784854	2.93738
-0.510363	-0.837223	-0.566579	-0.612377	-0.238357	-0.113027
-0.317316	-1.07613	-0.12032	-0.306386	-0.0876588	-0.0320408
-0.481077	1.05621	-0.206478	0.282897	-1.49533	-0.293408
-0.6156	0.600265	0.0978346	1.55335	-1.31288	-1.20139
-0.700563	0.426866	-0.0990663	1.76119	0.180804	0.506961
-0.22077	-0.913105	0.322103	-0.19463	-0.195641	-0.119537
0.531373	-1.44123	-0.12243	0.851408	0.181865	0.516579
-0.141366	0.0651322	-0.517068	-0.0895417	-0.041786	0.0607123
0.385593	0.397224	-0.855424	-0.958955	0.469338	1.81576
-0.169119	0.113034	-0.292907	0.73841	-0.210462	-0.330381
-0.58007	-1.23309	-0.604189	-0.480452	-0.414793	-0.236814
-0.153175	-1.16788	0.845203	-0.606103	-0.514379	-0.136974
0.380581	-0.564676	-0.271446	-0.172666	1.78334	-0.0294069
-0.147197	-0.704511	0.245669	0.0157111	-0.119098	0.0592762
-0.0925231	0.03997	-1.08709	0.219729	0.140809	0.154771
-0.194662	0.497862	-0.230968	-0.150571	-1.15079	0.527428
-0.0547561	0.0200818	0.708705	-0.510243	0.831133	-0.0942532
1.2842	0.167148	-0.239949	-1.64202	-0.520435	3.47358
-0.144082	-0.0906981	0.439321	1.30992	0.69214	0.522968
-0.0148599	-0.584391	0.0229618	0.151055	0.270769	-0.0454814
0.390335	0.270443	-1.49675	0.11505	-0.712414	-0.733402
0.285707	0.776631	-0.877508	-0.00545814	-0.1118	-0.911127
-0.0473592	1.87453	0.202762	-1.68899	-1.78045	0.672263
-0.077334	-0.18531	0.246521	-0.0477961	-0.468161	-0.165444
0.21863	-0.579504	1.49713	-1.64445	-0.446674	0.041215
-0.459432	-0.812274	-0.446058	-0.284787	-0.470982	-0.10468
-0.200832	-0.978136	-0.220656	0.0242458	0.0637493	-0.0736382
0.0224518	0.102337	1.11808	2.01008	-1.18983	0.443782
-0.220119	-0.610084	-0.238525	2.93009	-1.09046	-0.186326
0.670467	0.403402	2.94929	-3.19811	1.07375	-0.38614
0.494307	-0.952975	-0.727724	0.907771	1.92598	-0.439969
-0.417438	-1.12803	-0.325422	-0.380013	-0.183907	0.237042
-0.0810527	-0.381322	0.476307	-0.875273	-0.0116378	0.019237
1.53592	0.0896487	-2.91191	-1.70999	-0.484982	0.424108
-0.237337	-0.811384	-0.0633981	-0.19578	0.0573343	0.0188028
-0.178694	-0.296456	-0.513903	-0.252856	-0.155931	0.0155876
-0.0445959	-0.195977	0.679475	0.17559	-1.18426	-0.0956435
0.596995	1.17741	-2.58172	0.280051	1.98773	0.485647
0.924582	-0.786775	1.14673	0.654767	0.199946	0.473879
0.0104359	-0.892122	2.67311	0.75205	0.174856	-0.435169
0.181613	0.0137694	-0.803265	-0.0518883	1.47847	0.131022
-0.167567	0.0137693	-0.25078	-0.661328	-0.111127	0.162919
0.428099	-0.974836	0.124613	1.87458	0.299322	0.0649964
-0.314888	0.465175	-0.334561	-0.748684	-0.234262	0.245618
0.0519764	-0.391499	1.40149	0.224948	-0.339393	-0.102511
-0.26066	-0.572224	-0.16798	-0.409826	0.0825737	-0.135186
-0.287221	-0.640615	-0.114675	-0.160183	-0.245348	-0.269562
0.299452	0.469578	-0.161496	-1.13178	1.31022	-0.80063
-0.197834	-0.682335	0.409175	-0.595322	0.0581623	-0.155967
1.06883	-1.61479	-0.32474	3.31752	-0.135077	-0.136796
-0.703945	0.101262	1.76716	-0.619797	0.818445	-0.544531
-0.121014	0.0541707	1.25851	-1.12705	-0.306937	-0.404865
-0.374207	1.43164	-0.568209	-1.33465	-0.176829	1.10225
-0.360608	-0.179322	1.09291	0.590624	0.260698	0.363665
-0.415849	-0.481321	2.12799	-0.691584	0.039012	0.449807
-0.449968	-1.06271	0.0734741	-0.435235	-0.382668	-0.124851
-0.090278	-0.111772	-0.421413	-0.27672	0.286272	0.542479
0.265791	-0.767629	0.360162	0.63995	2.56325	0.304111
0.362847	0.507563	-2.29898	-0.0217578	-1.76022	-1.20635
0.13405	-1.4048	-0.919409	-0.267659	-1.46053	-0.621288
-0.0210237	-0.745695	-0.680707	0.761603	-0.0984865	0.533489
-0.692375	-0.363426	-1.18663	0.576893	-0.192231	0.309451
-0.17528	-0.687647	0.110081	-0.287537	-0.128483	-0.129361
-0.193625	-0.871015	-0.139644	0.303214	-0.195965	-0.0447008
0.554529	-0.00743188	-0.366732	0.727741	0.899118	0.03682
0.0541397	0.240756	1.06658	-0.809106	-0.0572472	-0.353158
0.418223	0.114557	-0.165678	-1.12641	1.97518	-0.648735
-0.685349	-0.223243	-0.0721	2.87687	0.76797	1.15365
0.948728	-1.43128	0.535525	-0.402687	1.58526	-0.421255
-0.12043	-0.132252	0.0186437	-0.443922	-0.291086	0.246582
-0.712505	-1.77553	-0.505229	-0.693565	-0.597331	-0.16457
1.11116	0.37399	-0.447313	-1.99202	0.496781	-0.959657
-0.228404	1.23597	-2.26428	0.197216	-0.217125	-1.17664
-0.398819	-0.260735	-0.282433	0.478099	2.07377	2.39059
-0.157476	-0.471583	-0.898183	0.624536	-0.0484007	-0.146828
-0.0974248	1.37509	-0.236228	-1.04226	-1.08188	1.29831
-0.071755	0.167094	2.1634	-0.283774	-0.30471	0.11989
-0.0266888	-0.78032	1.43478	-0.151809	0.606282	-1.21735
0.36175	-0.0671841	-0.282277	-0.712329	0.812497	0.127494
-0.263984	0.280472	-0.0724392	0.21168	-0.436026	0.347063
-0.0299478	-0.525107	0.255679	-0.0397171	0.0835429	-0.041307
0.741651	-0.0212783	0.142717	-0.787787	0.588323	2.39357
0.823091	-0.0620417	0.372195	-0.328828	0.626951	0.542102
-0.414807	1.19521	-0.524961	-1.99153	-1.69246	-0.27927
0.718241	-1.60895	-0.512393	1.18479	1.11689	3.55101
-0.602381	-1.14281	-0.813889	-0.356571	-0.493815	-0.107694
-0.929098	2.30371	-0.333151	-1.80959	-1.19107	0.633133
0.0781464	2.11833	-0.890221	-2.73625	0.0246487	-1.23666
-0.296162	-0.0526905	-0.559265	0.202075	0.171578	-1.06287
-0.358573	-0.884921	-0.0362345	-0.254425	-0.245614	-0.100933
-0.441804	-1.52657	-0.593165	-0.284558	-0.419986	0.151159
0.478422	-2.25056	0.953054	0.559751	0.0669173	-0.09292
-0.484491	-2.52807	2.34795	-1.45738	-1.31766	2.17972
-0.401869	-1.22485	-0.442666	-0.255232	-0.183432	-0.0259404
-0.44523	1.05321	0.978325	2.01309	-2.94734	0.495662
1.05259	-0.0222563	0.913594	-1.25313	0.839969	-0.80482
1.45514	-1.77603	1.49136	-0.63828	0.142541	-0.410585
1.01266	-0.0946467	-2.28833	0.261511	-0.398482	1.67124
-0.446172	0.827702	-0.1291	-0.941831	-1.59355	0.94789
0.0597523	0.998404	-0.221003	-0.145027	2.22737	1.26734
-0.0241409	0.196402	0.335037	-0.262862	0.727422	-0.0819645
-0.0306582	-0.282855	-0.807143	3.65248	-2.34544	-1.43732
-0.146316	0.469039	1.79125	-1.39448	0.244125	-0.619745
0.477448	0.806137	-1.06144	-0.555323	-3.02397	-0.93789
0.448938	0.170649	0.892538	-0.32497	0.532006	0.425385
-0.111504	0.0189773	2.57021	-2.31069	-0.343821	-0.0478903
0.139551	-0.121639	2.79224	-0.190312	0.646009	-0.21109
-0.272976	-0.85527	-0.166936	0.167688	-0.465399	0.00561686
-0.0873462	0.500637	-0.0838115	-0.65898	-0.331152	-0.483917
-0.340176	-1.03189	-0.0562014	-0.401912	-0.141948	0.0419055
0.323657	-0.0100279	0.751349	-0.070544	0.371754	0.287645
-0.168813	-0.354256	-0.501751	-0.125511	0.206166	0.0893523
-0.0439782	1.21985	-0.59572	-0.0360323	-0.413895	0.399317
0.22749	-0.068213	0.392868	2.09609	1.03312	0.124802
-0.20756	-0.836433	-0.303368	-0.178993	0.141458	-0.0591052
-1.25478	2.10134	-0.506986	0.850643	0.967844	1.58321
1.10183	0.270923	-0.694514	-0.337636	-1.28354	0.433304
0.128172	-0.501407	0.570654	1.99314	-0.91702	0.468423
-0.593769	-1.66301	-0.438978	-0.504837	-0.4202	-0.146765
-0.527073	0.752349	0.0274033	-1.49448	0.487063	1.15811
-0.0272817	0.215815	-0.611632	0.188222	0.662694	-0.899369
-0.22028	-0.17663	-0.333722	-0.0866254	-0.235186	0.0621642
-0.391823	1.27575	-0.379972	-0.23091	0.504239	0.177305
0.132963	-0.903908	-0.83213	0.583316	3.00579	-0.0488213
0.13568	-0.2349	-0.403638	0.201421	-0.0204977	0.77787
0.692088	-0.600101	3.40041	-0.453687	-1.35328	-0.513587
-0.379933	0.322964	-0.293435	0.318089	-1.23406	-1.06797
-0.214184	0.147979	0.372368	-0.742812	-0.529346	0.140569
1.21458	-0.962445	1.53646	0.174716	1.27866	-0.114043
-0.125282	0.184334	0.768948	-0.49176	0.359455	-0.638273
-0.0527201	-0.163399	0.134842	0.33888	1.95003	0.386315
-0.335243	-0.200281	-0.512102	-0.261744	-0.656082	-0.0646778
0.0242056	-0.181493	0.875135	-0.658653	4.45938	1.0378
-0.488164	0.829514	-0.65206	-0.257814	-0.251047	-0.62748
-1.33684	-1.40435	-1.13696	-0.821168	-2.72203	-0.57443

Annot Parameters for each context in the alphabet: PHIME
P	-0.455319
H	-0.865616
I	-0.255914
M	-3.38716
E	-1.01536


Beta_s (bias in sequence model) : -7.94877
Beta_p (bias in structure context model) : -1.43036
alpha (scaling factor) : 1413.32
b (bias in least squares error model) : 0.369338

Top 20 kmers: 	 sequence number 	 kmer number
           AACAC            528             19
           UGAAU            698             24
           AGAAC           2097             20
           UGAAU            547              3
           CGCAA             23             39
           CAUAC            351              0
           AUAGA            384              2
           CGUCC            386             41
           UUGAG           1286             18
           UUGAG            601             12
           GACUA           1033             29
           GACUA            720             25
           GCGAA            435              7
           AACAG            686              6
           CGAAU            995             14
           GAAAG            670             25
           CGUUU            381              0
           ACUCG            993             25
           GGAGU            350             15
           GAAAG           1210             21

Averaged annotation profiles of the top 20 kmers
P	0.423705	0.382955	0.300625	0.309655	0.531075	
H	0.16849	0.19492	0.195025	0.18516	0.130225	
I	0.21419	0.244065	0.314405	0.33911	0.23554	
M	0.12579	0.11935	0.113705	0.091765	0.047495	
E	0.067825	0.05871	0.07624	0.07431	0.055665	
