Motif width 5
Base parameters 
AAAAA	3.49414	-0.455319	-0.865616	-0.255914	-3.38716	-1.01536
CAAAA	1.32278	2.16972	-0.325276	-1.72975	-0.477491	0.281765
GAAAA	0.959995	1.22123	1.59153	0.249878	-0.0497766	-2.09249
UAAAA	1.33495	-0.51885	-0.542545	-0.368241	-0.362186	-0.257856
ACAAA	-1.31649	0.543647	1.4378	-0.503591	-2.47647	-0.212981
CCAAA	1.48618	-0.734323	-0.577264	-0.24255	-0.724671	-0.252288
GCAAA	-1.00879	-0.018572	-2.40129	2.02444	-0.352586	0.702504
UCAAA	-5.07447	-1.28287	-0.161739	1.26998	-2.10655	-3.42723
AGAAA	0.27758	-1.68976	2.27314	0.432977	-1.52883	1.25606
CGAAA	-1.89456	-0.425116	-0.597586	2.43682	-0.345398	0.238355
GGAAA	0.66253	0.105286	-1.78481	0.849936	0.407604	-0.400386
UGAAA	-0.0843658	-0.426026	0.643658	0.518305	-1.00308	-0.144011
AUAAA	-0.635952	0.205678	2.2921	-1.35715	0.671312	0.16376
CUAAA	0.723958	0.340092	0.820388	-0.626014	-0.329555	0.28904
GUAAA	-1.25796	0.182872	-0.21085	-0.549498	0.254933	1.1253
UUAAA	0.443892	-0.0398962	-0.602403	0.114158	0.268796	-0.464924
AACAA	-3.26747	-0.509794	-0.148895	0.323082	0.57617	-0.644979
CACAA	0.148026	-0.205965	0.738527	0.228842	-0.932235	-0.0528222
GACAA	-2.64574	-1.3173	0.842346	1.8367	-0.228741	0.138445
UACAA	0.390602	-0.101182	-0.537029	-0.986106	0.183463	-0.24234
ACCAA	0.949805	2.32514	-1.71636	-1.89407	-1.52265	0.674912
CCCAA	-0.409684	0.37196	0.108602	0.579856	-1.94449	-0.166525
GCCAA	1.05805	1.74885	-0.586215	-1.34209	-0.575192	0.657581
UCCAA	-1.31682	-1.47126	2.24108	2.72055	0.935765	1.62531
AGCAA	-1.55727	-0.938333	0.406529	1.26907	0.119852	0.970991
CGCAA	-5.51274	-0.591932	-1.14495	1.64857	-2.2026	-0.129692
GGCAA	-0.0642464	-0.973365	-1.00752	-0.705103	1.06247	-1.05595
UGCAA	1.10854	-0.774172	-0.314864	-0.155259	-0.314135	0.00644156
AUCAA	-1.43344	0.484779	-0.483583	-0.0811432	0.334872	-0.425763
CUCAA	-0.418815	0.747706	1.33557	-0.82205	-0.658575	0.270389
GUCAA	-2.57868	-0.188542	0.535709	1.56032	-0.354596	-0.782207
UUCAA	-2.58524	-0.0817708	-0.209724	0.32058	0.608642	-1.99611
AAGAA	1.57635	1.22917	-0.026588	-2.57874	-0.782749	0.509304
CAGAA	-1.49301	-0.0477569	-0.237985	1.93792	-2.78549	1.13763
GAGAA	0.951473	-0.618912	-0.77493	-1.25028	-0.761892	-1.10505
UAGAA	-0.0839817	-0.146119	-2.26556	-1.28831	2.61619	0.696999
ACGAA	-3.03821	0.278052	-1.68653	-0.161916	0.488207	0.03172
CCGAA	-2.32626	0.844449	-0.424822	0.613937	-1.59014	-1.2335
GCGAA	-4.24926	-0.749328	0.0855519	2.57121	0.226324	-0.696754
UCGAA	1.22475	-0.685086	-0.529987	-0.374067	-0.536344	-0.0468798
AGGAA	-1.14432	-0.310683	-1.35618	0.124181	0.774074	1.14938
CGGAA	1.21816	-0.94325	-0.419769	-0.227942	-0.0214741	-0.0780132
GGGAA	6.37262	1.28106	0.0263998	-1.14224	-0.24027	-0.435569
UGGAA	1.6005	-0.805866	-0.409599	-0.625517	-0.451548	-0.00612777
AUGAA	0.923047	0.503943	-0.188143	-0.500242	-0.25936	-0.588894
CUGAA	1.18519	-0.998615	-0.258986	-0.638145	-0.445337	0.200141
GUGAA	1.95037	-1.11239	-0.435901	-0.279021	-0.613514	-0.305975
UUGAA	2.23558	1.00974	0.388955	-0.448508	-0.286042	-0.834607
AAUAA	0.184513	0.484853	-1.39378	1.44	-0.479242	-1.34119
CAUAA	-1.97671	-2.2953	0.519668	-0.823067	-0.847906	1.81587
GAUAA	1.43223	-1.32464	-0.524519	-0.244969	-0.0116778	-0.306702
UAUAA	-2.91666	-0.438348	0.324237	0.31364	-2.70495	0.57795
ACUAA	1.2803	-0.0987091	-0.384964	-0.759362	-0.711726	-0.00668713
CCUAA	1.20615	-0.696855	-0.620723	-0.396914	0.0340925	-0.120633
GCUAA	-0.725615	-0.838084	-0.106261	3.95823	1.70487	1.45604
UCUAA	1.42669	1.75529	1.14132	-0.36074	0.633336	0.388386
AGUAA	0.534671	-0.335245	-0.636067	-0.424131	0.250156	-0.0346151
CGUAA	0.103876	2.3675	-0.263634	-1.13637	-0.291067	1.32745
GGUAA	1.39384	-0.237299	-0.85433	1.74532	-0.960351	-0.257362
UGUAA	0.55687	-1.00181	-0.45511	-0.46993	0.827258	0.349437
AUUAA	-1.32795	-1.15649	-2.84798	4.2004	-0.349298	-1.11209
CUUAA	1.5278	-0.942733	-0.458865	-0.273228	-0.556126	-0.165063
GUUAA	-1.8868	-0.17715	0.659594	-0.17009	0.317904	0.810551
UUUAA	-2.30778	0.000360291	0.421074	-0.796763	-0.56458	-0.957979
AAACA	0.605953	-0.420485	-0.107447	3.07562	-0.201267	-2.66616
CAACA	-0.328426	-0.243796	0.183499	-1.34633	1.65211	-0.203908
GAACA	-0.0292052	-0.185477	0.960944	0.697628	-0.19887	0.67041
UAACA	2.09646	-0.647666	0.00598885	-0.771894	-0.870514	-0.544006
ACACA	2.18276	0.456249	-0.426408	-1.74833	0.649978	1.50078
CCACA	-1.19203	0.800283	-0.128	-1.40319	-0.447809	-1.74797
GCACA	-0.635159	-0.725263	-0.908193	0.194548	0.690752	-0.954286
UCACA	-0.742738	0.0573558	0.363468	0.668428	-0.00735119	0.143804
AGACA	0.124589	0.211999	-1.18231	2.88828	1.42112	-0.728038
CGACA	0.671968	0.0464383	1.67864	-0.0222292	-0.525317	-0.173873
GGACA	0.972475	1.76456	-0.715811	1.23147	-1.72674	-0.879261
UGACA	-0.143055	0.128987	-1.04658	-0.517225	1.145	-0.991277
AUACA	-0.0435235	0.147911	2.72011	0.976474	-0.636101	-0.727137
CUACA	0.57777	-1.63839	3.2559	0.684852	1.52349	1.61824
GUACA	-2.04871	0.307146	0.232317	0.0801989	-1.90459	-0.356165
UUACA	-2.36818	-0.0488298	-1.0891	0.810797	0.313928	-1.51459
AACCA	1.45676	-1.19357	-0.702238	-1.18289	0.59204	-0.249461
CACCA	0.48566	0.344226	0.331919	-1.32142	-0.520074	0.902004
GACCA	-0.374703	-0.319923	0.936222	0.9491	-0.668406	0.651636
UACCA	-1.707	-0.682767	1.63908	-1.33822	-0.996481	0.625517
ACCCA	0.697447	-0.786153	-0.235102	-0.115009	0.0940807	-0.0546024
CCCCA	3.70562	1.73831	-1.03389	1.35914	-0.482298	0.585115
GCCCA	-2.37132	0.169522	1.41602	-3.42376	0.181193	3.26916
UCCCA	-2.4608	-0.224654	0.0859158	-0.126688	0.636947	-0.325431
AGCCA	0.551179	-0.264815	-0.105161	0.688163	0.194527	0.291809
CGCCA	-0.342902	0.281167	1.03114	-1.42695	-0.509224	0.393913
GGCCA	0.828557	0.106848	-0.541003	-0.572476	0.3743	-0.236901
UGCCA	-3.17417	-0.220562	0.533792	-0.715345	0.50088	3.09853
AUCCA	-0.500387	0.456898	-0.679386	-0.367058	-0.44206	0.336055
CUCCA	3.64172	1.26134	0.229498	0.0614319	1.1638	0.00543365
GUCCA	1.11477	-0.622117	-0.390439	-0.464284	-0.000612727	-0.0922591
UUCCA	0.737866	0.323368	-0.812218	-1.20309	0.311517	-0.633287
AAGCA	0.817843	-0.752078	-0.312227	0.0124545	-0.363237	0.206923
CAGCA	1.24765	1.10606	-0.927729	0.300668	0.872401	-1.17706
GAGCA	-0.52748	1.12067	-1.13804	-1.04502	0.700598	0.876793
UAGCA	-0.0615055	-0.169553	-0.442382	0.481075	0.135863	0.00254291
ACGCA	0.122379	0.188753	-0.563658	0.036748	-0.208289	0.0378723
CCGCA	1.14994	-0.722996	0.0514642	0.17279	-1.17166	-0.256991
GCGCA	0.22597	0.201407	-0.697948	0.380033	-0.552842	0.144007
UCGCA	1.37211	-0.959347	-0.548242	-0.245834	-0.316914	-0.194745
AGGCA	-0.239757	0.260623	-0.0542351	0.650871	0.365602	-1.03491
CGGCA	-0.16622	-0.342265	0.069198	0.300338	0.445457	0.338877
GGGCA	-2.14235	0.443432	-1.12573	-1.99407	1.66655	1.87632
UGGCA	-2.99884	0.42226	0.0808792	-0.455649	-0.2377	-0.00294271
AUGCA	-0.100596	-0.311396	-0.292241	0.444856	-0.257395	0.480659
CUGCA	-0.51152	0.373307	-0.134047	0.514613	1.67067	-1.41131
GUGCA	-0.942548	0.706074	0.431174	-0.960234	-1.79574	-0.862842
UUGCA	0.662134	-0.280089	-0.556203	1.33412	-1.33462	0.243393
AAUCA	-0.641025	0.22044	-0.594648	0.627948	-1.69606	0.200049
CAUCA	10.8318	0.0059503	0.612078	0.450292	0.253929	0.0950456
GAUCA	0.711923	-0.272161	0.00870684	0.187543	-0.284782	-0.0111632
UAUCA	0.905865	0.0675829	-0.54489	0.626063	-1.11889	-0.526213
ACUCA	-1.44076	-0.616021	-2.08269	0.973386	0.519628	1.26862
CCUCA	-0.30702	1.47419	-0.287245	-0.274251	-2.46389	-0.462852
GCUCA	0.875838	-0.762453	-0.535324	-0.319349	-0.0193858	0.0759726
UCUCA	0.761623	0.149243	-0.239938	1.23841	0.586788	1.408
AGUCA	-2.65208	-0.439055	2.36696	-1.1503	2.20588	0.989246
CGUCA	1.83195	-1.11198	0.0730288	-0.28568	-1.17927	-0.036731
GGUCA	-1.1127	0.178216	-1.5257	-0.506433	1.03753	1.14366
UGUCA	1.5903	-1.1357	-0.354928	-0.348666	-0.551608	-0.114265
AUUCA	0.0346193	0.684774	-0.248617	-2.3628	1.52374	-2.21536
CUUCA	1.9337	0.745268	-0.433161	-0.966517	-0.0592221	0.43585
GUUCA	1.1313	0.279848	-0.251427	-0.502321	-1.24852	-0.287063
UUUCA	-0.309345	-1.04123	1.40028	-1.78428	-0.847902	0.945663
AAAGA	2.26501	-1.24014	-0.696741	-0.386987	-0.98051	-0.0724056
CAAGA	-1.81741	-1.44686	0.620058	-1.20746	-0.112121	0.0032989
GAAGA	2.2173	-0.626216	2.1169	-1.42916	-0.669588	0.19904
UAAGA	-2.40806	-0.00134638	0.508115	-1.83723	1.24872	0.402133
ACAGA	-1.03193	0.58632	-1.57684	-1.23999	-0.926937	2.67699
CCAGA	2.8795	0.588492	-0.247201	0.682558	-1.24608	-0.113409
GCAGA	3.43376	-0.954408	-0.118004	-0.00153201	-0.431356	-0.0871249
UCAGA	1.17367	-0.773404	0.308139	-0.265596	-0.0886312	0.0590073
AGAGA	1.03235	0.383171	-0.606099	-1.20035	0.312772	-1.23867
CGAGA	1.32466	-0.832518	-0.316152	-0.546099	-0.2747	0.022861
GGAGA	1.42395	-0.339886	-0.32266	0.509563	-0.155296	-0.242761
UGAGA	0.12566	0.0820895	-0.653736	0.0132606	-0.252573	0.482459
AUAGA	-6.65051	-3.90085	-0.408955	2.58163	0.617176	-0.271031
CUAGA	-0.527499	-0.645109	1.64484	-0.767649	0.372697	-0.268823
GUAGA	1.94098	-0.787262	-0.514491	-0.972873	-0.0665846	-0.589965
UUAGA	0.0498739	0.0200245	-0.768369	-0.292515	0.974811	-0.329267
AACGA	-0.208595	0.134562	-0.626885	0.67502	0.471804	-0.0151119
CACGA	-0.153766	-0.228373	1.37562	0.306774	0.0462222	-0.0239522
GACGA	-0.434066	0.118928	-0.750279	0.447734	-0.456657	-0.0751141
UACGA	-2.76057	1.61089	-1.06618	-1.80688	1.7324	-0.316512
ACCGA	1.53321	-0.524195	-0.59633	-0.619894	-0.683105	-0.0549666
CCCGA	-1.39881	-0.231239	-0.740199	1.21627	-1.23536	-0.0199216
GCCGA	0.366885	0.0535967	0.0192929	-0.360534	-0.234498	0.0890644
UCCGA	-0.0142785	-0.0431821	-0.251183	0.0231609	0.551792	-0.110498
AGCGA	0.465253	0.425075	0.35101	-0.802816	0.074166	0.153276
CGCGA	0.122046	-0.04951	-0.00834593	0.127295	-0.0433065	-0.0164444
GGCGA	3.59135	0.892007	-0.389313	1.51768	-0.570144	-0.673078
UGCGA	0.775747	-0.749797	0.119138	-0.253268	-0.346846	-0.228967
AUCGA	-1.89711	0.967046	-0.356885	-0.647809	-1.34201	-0.845989
CUCGA	1.51681	-0.936511	-0.382813	-0.495181	-0.41165	-0.148359
GUCGA	0.247066	-0.638113	-0.103076	0.214608	-0.0828999	0.186501
UUCGA	-0.220635	0.66884	0.139456	-0.613727	-0.599754	0.1443
AAGGA	-0.897492	-0.303769	-0.100212	0.893878	-1.66728	1.02701
CAGGA	1.14607	-0.759257	-0.558082	-0.270746	-0.047297	-0.0491663
GAGGA	0.000881074	0.283466	0.896851	0.481589	-1.16671	-1.60398
UAGGA	0.472895	-0.533364	0.279188	-0.145173	-0.166319	-0.159233
ACGGA	0.397548	0.209459	0.402432	-1.61095	-1.44479	0.272418
CCGGA	-0.240814	-0.0892722	0.12914	-0.111196	0.639869	-0.278423
GCGGA	0.10948	-0.366889	-0.0600211	0.238132	0.17168	-0.0586542
UCGGA	0.905576	-0.802561	-0.657151	-0.00206191	0.0508583	-0.000629262
AGGGA	0.35438	0.669365	-0.273519	1.23829	-0.947788	-0.993832
CGGGA	2.51981	0.0899876	-0.32751	-0.0959135	-0.0231878	-0.0184366
GGGGA	1.94599	3.34387	0.110216	0.518475	0.00957432	0.0290299
UGGGA	1.02208	-0.861095	0.200605	-0.308566	1.22508	0.385955
AUGGA	3.26167	1.27738	0.969996	0.847714	1.29741	-0.0252628
CUGGA	1.55339	2.0454	-1.59384	0.406231	-0.241708	0.3703
GUGGA	2.80613	0.292535	0.264858	-0.520526	0.81098	-0.244341
UUGGA	2.35681	0.273761	1.59168	-0.497585	-0.215296	-0.287579
AAUGA	0.459999	-0.250559	0.323519	2.05674	-0.110571	1.81786
CAUGA	1.19623	-0.816215	-0.605122	-0.315934	-0.166675	-0.0450047
GAUGA	0.839426	0.133175	1.00138	-0.984369	1.26975	-0.00603848
UAUGA	0.459593	-0.529858	-0.380589	-1.1774	0.266702	-0.343577
ACUGA	-2.40251	-0.169942	-0.374377	0.627087	0.432695	0.792358
CCUGA	-0.382603	-0.462036	0.00146233	0.598156	0.727938	-0.837508
GCUGA	3.9209	1.06311	0.0700168	-0.251496	0.040385	-0.0185845
UCUGA	1.38866	-1.256	-0.187747	-0.229517	-0.207904	-0.148437
AGUGA	0.957838	-0.00864081	-0.528303	-0.306456	-0.483762	-0.0272787
CGUGA	-3.05722	0.814736	-1.67669	-1.599	-2.10445	-0.200294
GGUGA	0.89263	-0.32191	-0.461201	0.354367	0.0600221	-0.715724
UGUGA	0.270062	-0.0583581	1.22394	1.01264	0.810023	1.65254
AUUGA	1.4483	-0.877783	-0.547118	-0.530821	-0.347896	-0.0194613
CUUGA	0.329018	0.559687	-1.4627	-0.190854	2.02469	-2.46502
GUUGA	1.41525	0.0769093	1.03964	2.50395	-1.37785	-0.216208
UUUGA	-0.194431	-1.25725	0.705726	1.14922	0.234837	1.03312
AAAUA	2.12997	-0.688891	-0.379234	1.4654	1.87966	3.17679
CAAUA	0.550676	-0.532119	-0.165483	0.201431	-0.019439	-0.0228914
GAAUA	0.807737	-0.355268	-0.556318	0.987424	-0.631651	-0.706764
UAAUA	1.68783	1.05039	0.151124	-1.83318	-0.704362	-0.14372
ACAUA	0.345317	1.44386	-1.46639	-0.105275	-0.323925	0.510732
CCAUA	-1.7121	-1.62296	0.540767	-0.382227	-0.584231	0.0173486
GCAUA	0.722089	-0.409167	-0.34619	-0.223595	-0.0701787	-0.0607419
UCAUA	-0.174353	0.834462	3.6624	0.0761208	-1.84389	-0.854332
AGAUA	0.497451	0.333073	-0.271539	0.74089	-0.714345	-0.734635
CGAUA	-0.201658	-0.164622	-0.0661839	0.0943096	0.232828	0.144578
GGAUA	-1.81347	-1.44851	-2.11034	2.33147	1.55899	-0.964739
UGAUA	-0.380955	0.387492	-1.10013	-0.09513	-0.396196	-0.0482558
AUAUA	0.00114331	-0.665674	-0.277482	1.373	0.589485	-0.274238
CUAUA	1.54394	-1.0912	-0.644375	0.166367	-0.556307	-0.182018
GUAUA	0.878233	-0.918095	-0.388718	-0.577501	0.285415	0.615796
UUAUA	0.693846	0.135478	-0.275842	-0.761667	-0.302011	0.0236693
AACUA	-0.151466	0.117403	-0.402117	-0.666248	0.477934	3.56355
CACUA	-3.00194	-0.260035	-0.162859	0.826531	-0.576308	-1.62172
GACUA	-6.22907	-1.23022	-0.0942227	0.452104	1.38715	0.954831
UACUA	0.169579	-0.257865	0.513289	0.592184	0.0665059	0.214561
ACCUA	0.20579	-0.436855	0.533523	-0.264543	-0.0801813	0.104134
CCCUA	-0.41286	0.319064	-1.451	1.44808	-0.368697	0.713782
GCCUA	0.179945	1.96865	-1.00263	1.78001	-0.587779	0.0683529
UCCUA	0.766354	0.907039	-1.3327	1.59577	-0.136192	-0.483478
AGCUA	-0.199058	0.279986	0.653796	-1.40641	0.923589	0.55937
CGCUA	0.600968	0.399089	-1.10588	-0.298957	-0.292891	-0.0571767
GGCUA	-0.917957	-0.360734	0.925981	-0.108088	0.551955	-0.384484
UGCUA	1.17027	-0.81713	-0.67254	-0.111979	0.0845019	-0.068251
AUCUA	-0.96478	0.0685645	-0.239838	-0.00136902	1.85977	1.69208
CUCUA	-4.73496	-0.0588959	-0.500288	0.0951247	0.442493	-2.40124
GUCUA	1.09948	-0.982081	-0.327729	-0.298092	-0.0713933	0.0160877
UUCUA	-1.72444	-0.648667	0.0780865	0.877684	0.2086	0.837168
AAGUA	-1.80967	0.163012	-1.36819	0.198683	0.214854	1.92453
CAGUA	1.06265	-1.13502	-0.388898	-0.154154	-0.0576651	-0.0780808
GAGUA	0.283897	-0.297894	0.0467797	-0.073659	0.0168662	0.0056965
UAGUA	-2.16887	0.553278	-2.13834	-1.7575	0.038509	0.287654
ACGUA	1.18324	1.00268	-0.720058	-0.356315	-0.841235	0.16263
CCGUA	-1.7897	-0.238039	0.451393	1.26464	0.654057	1.29895
GCGUA	0.236973	-0.835788	-0.583333	0.366995	0.055612	0.339171
UCGUA	-0.0266949	0.295724	0.0878286	-0.285332	0.149043	0.121762
AGGUA	2.7617	-0.768036	-0.267373	-0.420709	-0.326332	-0.343708
CGGUA	0.680344	-0.860999	-0.0835201	-0.264677	-0.0953597	-0.0721057
GGGUA	0.127207	-0.50282	0.910803	0.735756	-0.212131	-0.264127
UGGUA	-0.305809	0.668643	-1.47908	-1.95632	-0.461688	1.22191
AUGUA	-1.86345	0.516782	0.309126	-0.76042	-3.51189	-0.680319
CUGUA	-0.847441	0.0538776	-1.43502	1.54707	0.205248	-0.314692
GUGUA	1.33038	0.413178	1.66399	0.903541	-1.20799	0.1108
UUGUA	-0.0317792	0.292796	-0.298293	2.47511	1.66205	-0.846728
AAUUA	-0.383513	-0.219484	-0.765833	-0.0522622	2.54089	0.710158
CAUUA	-0.220145	0.121358	0.57706	0.144329	0.070261	1.18561
GAUUA	0.558502	-0.177722	-0.293554	-0.431262	0.0314565	0.000280511
UAUUA	-0.512219	0.985816	3.77657	-3.24264	-0.0447994	-0.153584
ACUUA	-1.17377	-0.6876	1.43059	1.27145	-0.0836661	-0.790905
CCUUA	0.782636	0.60859	-0.459668	-0.940866	-0.712122	-0.234471
GCUUA	-1.56488	-1.03842	3.0137	-0.185967	-0.361544	-0.293727
UCUUA	0.00853472	-0.267066	0.281996	0.181351	-0.476198	0.301784
AGUUA	0.331591	-0.771077	-1.19555	2.03424	-0.182863	-0.307681
CGUUA	-0.5667	0.125455	-0.32518	-0.0787739	0.292452	0.870352
GGUUA	1.14394	-0.895089	-0.488534	-0.341683	-0.16217	-0.0224792
UGUUA	-0.315315	-1.86371	2.89314	3.88626	1.09501	1.26831
AUUUA	-2.02616	-1.24215	-0.515732	2.81946	0.0997239	-2.49636
CUUUA	1.7822	1.34111	0.0100122	-1.48982	-0.802728	-1.0448
GUUUA	-0.370903	0.297957	-0.586197	-0.190835	-0.200139	0.981255
UUUUA	0.729147	0.278625	0.0999983	2.12246	0.816025	0.975196
AAAAC	-0.620119	0.418664	0.352043	-1.44255	-0.187933	0.622769
CAAAC	-2.94827	1.11027	0.212761	-0.63822	-1.82978	1.61663
GAAAC	0.885416	0.468218	-1.47167	0.902907	-0.674894	0.263729
UAAAC	3.16206	0.190261	1.36105	-0.882138	2.01969	-0.182807
ACAAC	0.137747	0.913311	-0.59349	-1.51599	0.476534	-0.582181
CCAAC	1.25492	-0.290469	3.69636	-0.834208	-1.14609	0.351629
GCAAC	0.00524408	0.290789	0.153568	0.402012	-1.07728	-0.766707
UCAAC	0.724185	-0.370718	-0.356956	-0.0878794	-0.63201	0.00630662
AGAAC	-6.5195	-0.540889	-1.92204	-0.363583	0.391657	0.920713
CGAAC	-0.115073	1.05028	0.226105	0.563663	-1.03218	-0.012056
GGAAC	1.0414	-1.0201	0.00750157	0.997927	-0.204359	-0.203797
UGAAC	3.20937	0.44293	-0.00364389	-0.833083	0.328326	-0.292516
AUAAC	1.63492	-0.421881	-0.855206	2.07586	2.34469	0.361223
CUAAC	-2.0342	-0.778397	0.774518	0.041041	-1.83878	0.127953
GUAAC	0.548307	1.11019	-2.02213	-1.19474	-0.674514	0.795505
UUAAC	-1.17012	-0.41771	2.88861	0.569395	0.398102	-0.21448
AACAC	-4.61387	0.86335	-1.17964	-1.98065	-2.0467	-1.5514
CACAC	-1.28948	-0.020484	-0.400385	-1.61711	1.5813	0.283381
GACAC	-0.977173	-1.43473	0.904291	1.80661	1.79554	-0.0023926
UACAC	0.909573	1.00111	0.801929	1.19686	0.785005	0.192066
ACCAC	0.335945	-1.02207	-0.490798	-0.0229706	0.542404	0.142779
CCCAC	1.54614	0.904717	-0.493109	-0.416395	0.478328	-0.482345
GCCAC	-0.519172	0.392588	0.323832	-1.36163	0.363733	0.883254
UCCAC	1.49482	0.072781	-0.620633	-0.600918	-0.53593	-0.325137
AGCAC	1.24728	-1.25618	-0.734002	-0.2357	0.0561789	-0.125407
CGCAC	1.59585	0.543696	1.31922	1.09202	-0.64497	0.0866852
GGCAC	-0.459927	-0.28778	-0.394875	1.39732	-0.107367	-0.175533
UGCAC	-1.53174	0.320233	-0.5303	0.0371851	0.775355	0.53808
AUCAC	-0.162427	0.297372	1.13576	-0.682961	-0.712329	-0.429561
CUCAC	-0.317194	-0.387898	-0.00414481	-0.237758	-0.648564	0.962008
GUCAC	1.22722	-0.977474	-0.0351118	-0.273676	-0.311302	-0.175617
UUCAC	0.636354	-1.72043	0.869453	-0.663124	-0.740998	-0.234714
AAGAC	0.481534	-0.383641	0.0406465	0.270363	-0.439458	0.270732
CAGAC	-0.151213	-0.146099	-2.14324	0.244366	0.862244	0.354698
GAGAC	0.798339	-0.585703	-0.378014	-0.199487	-0.421164	-0.0515246
UAGAC	-2.00255	-1.18168	1.91151	0.611319	0.559716	-0.0388606
ACGAC	-1.72687	0.0582132	-1.51473	0.789969	1.41448	1.02402
CCGAC	-0.330653	-0.793098	0.390187	0.365444	0.685409	-0.0910884
GCGAC	0.643385	-0.0326557	-0.184338	-0.327246	-0.163415	-0.069178
UCGAC	-0.27421	-0.912711	0.407766	0.309328	-0.517986	-0.0995375
AGGAC	1.59763	1.44123	0.147077	0.410651	-2.11853	-0.152941
CGGAC	0.100887	-0.463187	-0.334618	0.661679	0.511095	0.0660247
GGGAC	1.18562	0.483022	-0.344655	0.700117	1.03216	-0.0229425
UGGAC	2.39713	0.252383	-0.41864	0.0291973	1.04579	-0.0318419
AUGAC	-2.05991	-0.916578	-0.548745	0.279325	4.13925	1.05386
CUGAC	0.0489212	0.806108	-0.248354	-0.34751	-0.298722	-2.57279
GUGAC	1.47679	1.15133	0.0834188	1.22934	-1.09801	-0.350172
UUGAC	1.41918	-0.988637	-0.33469	-0.552759	-0.0536655	-0.184904
AAUAC	-1.02817	0.365641	0.0535003	-0.0290545	-0.442114	1.36534
CAUAC	-3.4373	-0.693719	-1.57689	2.68163	-1.77009	-0.13399
GAUAC	-1.47967	0.92549	-1.0786	1.04353	-0.657398	0.419318
UAUAC	-0.651954	0.548084	-0.544168	2.09173	-1.20702	-3.73341
ACUAC	-1.01969	-0.407884	2.31224	1.22459	-0.16169	0.0357481
CCUAC	0.445424	-0.114874	-2.44246	3.29096	-0.188241	-0.218255
GCUAC	-2.18202	0.0761797	0.411541	-1.40054	2.00953	0.385344
UCUAC	-0.0994867	-0.325077	2.20864	0.535563	-0.183894	0.311431
AGUAC	-2.23237	-1.49795	1.51887	-1.06182	-0.261585	0.0934984
CGUAC	-0.149142	0.607234	-0.217172	0.0653838	0.155109	0.256866
GGUAC	0.42894	1.54762	1.61603	0.457853	0.865108	0.764496
UGUAC	0.265946	0.0615133	0.250998	0.0969743	-0.844005	-0.0863189
AUUAC	2.5876	0.204581	0.539113	-0.338575	-0.0328789	-0.31869
CUUAC	-2.07258	-0.854027	-0.76144	-0.0156183	2.54	2.75293
GUUAC	0.648847	0.0604279	-1.05638	0.747691	-0.274614	2.42276
UUUAC	-2.22151	0.387113	-0.240545	1.53193	-1.09882	-3.38364
AAACC	-0.614189	-0.572523	-0.133938	0.146078	1.03985	0.834425
CAACC	0.378006	-0.550811	-0.924712	1.51336	1.22027	0.0608901
GAACC	-0.300623	0.604999	-0.394153	-1.495	1.83388	0.654652
UAACC	-1.85038	0.053264	-1.77492	1.48899	-0.926906	-0.31531
ACACC	1.29087	1.28803	0.0954112	0.935833	-0.869615	-1.06217
CCACC	1.31919	-1.59707	-1.02552	1.67873	3.77451	0.721646
GCACC	0.706435	1.25722	-1.63004	-0.765063	-1.26284	1.60917
UCACC	-1.10082	-0.388656	-1.65586	-0.951108	1.72157	2.1325
AGACC	-1.36574	-0.0326362	0.47297	0.194552	-0.13896	1.53533
CGACC	-0.795465	0.523075	-1.42226	-0.332515	0.773544	0.39625
GGACC	0.177272	-0.478049	0.703131	1.96188	-0.553182	0.0927289
UGACC	-0.299946	0.241043	-0.502613	-0.0583239	0.212759	0.453743
AUACC	-1.61508	-1.32288	-0.226595	0.450007	1.4557	0.135047
CUACC	-2.22499	0.255777	0.460081	0.0480881	-1.33529	-1.26847
GUACC	-2.06472	0.856848	-2.54903	-0.583708	-2.0621	-0.144697
UUACC	-1.03143	0.474133	-1.17777	-0.906984	-0.000889026	1.42815
AACCC	-0.873677	0.412404	0.214437	-0.499398	-0.0468502	0.658513
CACCC	-0.0289416	0.480086	1.91172	-1.12654	-1.25243	2.09122
GACCC	0.375579	-0.169325	0.399021	-0.192984	-0.375268	-0.0688161
UACCC	1.05154	-0.698692	-0.283875	0.0045369	-0.573297	-0.0799889
ACCCC	-5.62963	-1.8251	0.196509	0.0169273	-0.338642	0.993128
CCCCC	2.48036	2.34588	-0.172208	2.03305	-0.0129032	0.371574
GCCCC	-0.190287	0.310191	-0.408814	-1.99539	1.23869	0.22557
UCCCC	0.62264	0.675164	1.70618	0.118849	-1.36804	-0.863064
AGCCC	2.71026	0.766152	-1.3028	0.042445	0.821276	0.952147
CGCCC	0.552176	-0.250385	0.827204	-0.828085	-0.900097	0.12636
GGCCC	3.92142	1.12373	-0.747421	-0.462669	0.32342	0.258879
UGCCC	1.85474	0.290344	-1.12327	1.10807	0.237243	0.889545
AUCCC	0.620935	-0.0468979	0.0225097	0.486742	-0.409951	-0.43042
CUCCC	-0.272976	-0.320484	-0.952096	0.649504	-0.762663	1.10937
GUCCC	0.612775	-1.39951	0.516551	-0.288712	0.105493	-0.0415444
UUCCC	2.85784	1.26629	-0.0165718	1.87223	-1.84252	0.877661
AAGCC	0.781371	0.14991	0.493368	2.23927	-1.40418	0.222684
CAGCC	1.31719	0.559296	1.26954	0.211873	-0.317037	0.945523
GAGCC	-0.0593585	1.65757	-1.50647	0.443101	-0.0488157	0.211785
UAGCC	-2.32566	-0.953602	-0.311864	1.99168	0.977651	0.153266
ACGCC	-0.118079	-0.0989343	-1.40885	1.91048	-0.746012	-0.0699115
CCGCC	-0.39194	0.180794	0.135017	0.154512	0.208673	0.914079
GCGCC	-0.434267	-0.0694894	0.249564	0.792775	-0.150465	-0.021804
UCGCC	-2.09932	0.109238	1.93536	-0.990207	0.933706	-0.398731
AGGCC	1.14735	-0.244239	0.218189	1.53293	0.866645	-0.31807
CGGCC	-0.65515	0.54049	-0.567509	0.0933885	-0.143989	-0.142463
GGGCC	-0.292998	0.463994	0.666232	0.675628	-1.45855	0.0963317
UGGCC	-0.272365	-0.298641	-0.757254	2.03289	1.13523	0.0619784
AUGCC	1.39605	-0.96904	-0.401207	-0.444287	-0.461425	0.0483112
CUGCC	0.137729	0.60526	0.409858	-0.962402	1.23463	0.378562
GUGCC	-1.23652	-0.639561	-1.16872	2.6798	1.15831	-0.187732
UUGCC	1.19526	-0.329575	-0.704567	0.506999	0.192941	-0.287667
AAUCC	1.50695	-0.660257	-0.777435	0.0409908	-0.558774	-0.513337
CAUCC	2.7777	2.40119	-0.773047	-0.595654	0.206361	0.668193
GAUCC	1.13403	-0.591125	-0.307498	-0.45879	-0.514246	0.179211
UAUCC	2.2962	0.55445	-0.750032	1.93187	0.0944942	0.304099
ACUCC	-4.71018	-0.796373	-0.0830686	1.53189	-1.29624	-1.09231
CCUCC	-2.06985	0.297779	-1.02521	-0.587623	0.146367	0.298861
GCUCC	0.933771	0.138621	1.54512	0.37614	-1.78125	-0.0152977
UCUCC	-2.77958	-0.0952439	0.479031	0.251071	0.103973	-1.86066
AGUCC	-1.30685	-0.930051	1.70267	-0.338109	-0.16945	-0.0939612
CGUCC	-7.73695	-0.754711	0.257035	-1.55813	1.47532	-0.487434
GGUCC	0.144545	0.94155	-0.943142	1.67969	0.0954538	-1.18586
UGUCC	0.397758	0.735009	-0.174929	-0.905611	-0.159145	-0.385336
AUUCC	1.26209	-0.725072	-0.309649	-0.427422	-0.566404	-0.0707037
CUUCC	2.39049	1.21207	-0.961207	1.8045	-1.82127	-0.0185215
GUUCC	-2.3951	-1.54464	-0.760207	0.777454	1.72446	-0.0818993
UUUCC	1.57931	0.569865	-0.196374	0.779596	-1.38634	0.556416
AAAGC	-0.330084	0.767141	0.16042	0.570213	-3.69826	0.168727
CAAGC	0.441059	-1.22792	0.511113	0.0587528	-0.238733	0.286079
GAAGC	2.85067	-0.554632	-0.56761	-0.553386	0.360345	-0.111967
UAAGC	-2.44772	-0.247334	0.484125	0.47303	-0.170267	1.48783
ACAGC	2.2658	-0.828811	-0.69484	0.353156	0.0353519	-1.37751
CCAGC	0.37756	-0.678718	0.275161	-0.0531504	-0.164037	0.0506885
GCAGC	6.33369	0.573912	-0.624515	-0.240418	0.0402522	0.236904
UCAGC	1.54438	-0.717412	-0.722499	-0.912129	0.00344215	0.185479
AGAGC	-0.576682	-0.110432	3.36473	-0.248709	0.376273	0.815306
CGAGC	-0.37354	0.241771	0.625658	0.148063	-0.106466	0.325638
GGAGC	4.96652	0.253402	-0.771318	-0.140973	-0.557613	0.119925
UGAGC	2.18356	0.887739	0.386552	-0.489623	0.732972	0.23189
AUAGC	-0.0662595	0.271606	-0.369773	1.23655	0.363736	-0.101485
CUAGC	-0.80408	-0.274364	-1.04208	1.23064	0.46886	-0.601103
GUAGC	-0.056784	-0.550096	-0.638288	0.744309	0.11128	0.477445
UUAGC	-0.629698	-0.746979	2.84906	1.64627	1.3866	-0.29862
AACGC	0.726924	0.384473	-1.22986	-0.256873	-0.044827	-0.0956879
CACGC	0.525542	-0.634416	-0.0600549	-0.349191	0.0491316	-0.0264056
GACGC	-0.378082	0.054849	-0.123485	0.0729314	0.271342	0.521914
UACGC	0.81067	-0.697113	-0.0967529	-0.101804	-0.0517343	0.0349091
ACCGC	-2.57655	-0.577383	0.367167	0.72527	1.56189	0.400536
CCCGC	0.219923	-0.789794	0.84273	-0.49047	-0.223834	0.403049
GCCGC	3.81185	-0.0955142	-0.117478	0.294874	0.0587268	-0.00868356
UCCGC	0.512685	0.525622	0.0866464	-0.387915	-1.33968	0.312019
AGCGC	0.0993553	-0.751546	0.413096	0.475496	0.440819	0.205986
CGCGC	-0.563248	0.312722	1.36362	0.0565171	0.583888	0.254436
GGCGC	0.651532	-0.211436	-1.14765	0.2381	-0.335831	0.207832
UGCGC	0.902134	-0.85305	-0.2447	-0.454694	-0.0293946	-0.116683
AUCGC	1.0621	-0.308386	-1.01684	-1.07266	0.177718	-0.215294
CUCGC	-3.88064	0.181496	-1.46857	-0.0432586	-1.18961	-0.297494
GUCGC	0.495301	-0.87594	0.290791	-0.203727	-0.166767	0.019039
UUCGC	0.862728	-0.752935	-0.0707517	-0.288084	0.0762273	-0.218909
AAGGC	-0.147313	-0.182969	-1.18181	3.13055	-0.944607	-0.301415
CAGGC	1.15208	-1.14271	-0.583448	-0.0427742	-0.0269079	0.00363631
GAGGC	1.5004	0.508156	1.22462	-0.298814	0.0497813	0.253209
UAGGC	0.260108	0.359953	-0.112127	0.216321	-0.268252	-1.16365
ACGGC	-0.328037	-0.33074	1.58436	-0.416243	-0.312819	0.305985
CCGGC	-1.60467	-0.0984804	-1.24536	2.42746	0.0540391	-0.835397
GCGGC	6.20606	-0.307056	-0.224391	-0.332259	-0.247793	0.0755816
UCGGC	0.443286	0.196296	0.467726	-1.33812	-0.374167	-0.266526
AGGGC	1.32183	0.0110872	0.0798413	0.0592648	0.14901	-0.0098942
CGGGC	1.24284	0.329596	-1.68858	0.191348	0.206395	-0.0776533
GGGGC	7.81773	1.62445	0.459238	-0.607742	-0.0443847	0.0832706
UGGGC	3.35065	-0.0734826	0.0857252	-1.219	-0.180682	0.00412701
AUGGC	1.96706	-0.145885	0.123759	1.26326	2.00381	0.423984
CUGGC	-2.73276	-0.116371	-0.676283	-0.622287	2.28649	-0.366152
GUGGC	0.0634309	-0.611412	2.09774	0.785182	-0.223109	0.197983
UUGGC	1.01164	-1.11112	-0.310939	-0.274832	-0.052134	-0.0224782
AAUGC	-1.02886	-0.233135	0.261649	0.453755	-0.0563217	0.0464432
CAUGC	-1.12477	0.474348	-1.24397	-0.813833	-0.60079	1.26389
GAUGC	-1.09864	-2.63595	2.22507	-1.01199	1.09206	0.363031
UAUGC	-1.53861	0.275443	0.129232	-0.119171	-0.274169	1.3812
ACUGC	1.67395	-0.941828	-1.01474	1.26187	1.2478	0.294424
CCUGC	0.437072	0.484676	-0.609399	-2.30994	0.46683	-0.734245
GCUGC	1.09261	0.129085	0.249604	1.0717	-1.73329	-0.555742
UCUGC	-2.11325	-0.533838	-0.858094	0.788712	1.4361	-0.521102
AGUGC	-2.05522	-1.21699	1.47758	1.78862	0.765928	1.58436
CGUGC	2.48625	0.664983	1.99971	-0.896137	-1.1045	0.242206
GGUGC	-3.02701	-0.554199	-2.39647	1.51953	2.43334	-0.705654
UGUGC	-2.42256	-0.513793	0.0264521	0.596902	2.04626	-0.696772
AUUGC	0.33748	0.135441	0.219929	-0.21321	-0.472164	0.534289
CUUGC	0.0301765	0.443407	-0.459938	0.997015	-0.852664	0.168981
GUUGC	1.05647	0.4451	-0.228036	-0.0736048	0.575718	0.471291
UUUGC	-0.888872	0.341659	-0.940212	0.199897	1.19715	-0.876597
AAAUC	3.07497	-0.814226	-0.328886	-0.449022	-0.926113	0.519156
CAAUC	1.66936	-1.02389	-0.434936	-0.243827	-0.6075	-0.332095
GAAUC	0.0390547	2.21603	-1.16211	-1.51918	0.567933	0.760038
UAAUC	0.4565	-1.01618	-0.458331	0.618794	0.222935	-0.25726
ACAUC	-0.388503	-0.0932148	-1.25478	0.926318	-1.46528	1.89463
CCAUC	-2.77339	0.339485	0.12064	-1.03579	0.0938997	-2.01497
GCAUC	0.0321253	-1.17363	0.293447	-0.145261	0.631787	-0.022004
UCAUC	1.30634	1.87001	0.452701	0.689606	1.20268	0.330673
AGAUC	0.559807	0.245889	2.18706	-1.03218	-0.603914	1.5056
CGAUC	0.51842	0.219756	-1.14743	-0.00656014	-0.207032	0.0240019
GGAUC	0.897614	-0.201193	-0.820418	0.160217	-0.570523	0.158676
UGAUC	0.357162	-0.619159	0.597555	-0.582619	-0.550148	0.142179
AUAUC	3.64869	1.47728	-1.07491	-0.893016	-0.437073	0.436112
CUAUC	-1.37597	-1.73275	1.29151	-0.0945818	1.24182	1.46642
GUAUC	-6.53753	-1.83574	-0.262654	-0.234612	1.89117	2.653
UUAUC	-0.371308	-0.251525	0.0379031	0.130162	0.517393	0.113827
AACUC	0.669874	0.835489	0.463213	-0.589685	0.120162	0.293458
CACUC	0.0728789	-0.0522382	-0.635734	0.0681152	0.675253	0.304993
GACUC	-2.21199	0.00240568	0.188835	-0.0386168	1.63868	-1.4014
UACUC	-2.04518	0.441384	-0.23042	-1.22056	-0.18536	0.301345
ACCUC	2.3809	-0.197041	0.500417	0.871378	1.40005	-0.524824
CCCUC	-0.269835	-0.546432	2.76088	1.52338	-1.44324	-0.421624
GCCUC	-0.322133	-0.292367	0.469172	0.40002	-0.98094	-0.55637
UCCUC	2.24934	0.0832536	1.67548	-0.506165	0.771472	-0.387685
AGCUC	0.0049161	1.04262	-0.458816	-2.06494	-0.113641	0.290209
CGCUC	0.117997	-0.0783287	-0.152221	0.142356	-0.115122	0.0249045
GGCUC	-0.0441616	0.231251	0.478409	0.530149	0.838528	0.568122
UGCUC	-0.0159953	-0.517701	0.362402	0.066558	-0.289809	0.107938
AUCUC	-0.611312	-0.245719	0.0726166	-0.289603	1.6641	1.92795
CUCUC	1.76348	0.728101	1.55099	-0.362594	1.30095	-1.4858
GUCUC	1.30104	-1.23457	-0.4904	-0.230854	-0.228495	-0.0218906
UUCUC	2.8723	0.774208	-0.390958	0.328992	0.161057	-1.45444
AAGUC	0.662812	-0.0675696	-0.275235	-0.434901	-0.00750138	-0.0245527
CAGUC	0.479711	0.617435	-2.07035	0.0604036	0.0607976	-0.844243
GAGUC	-0.024525	-1.23949	-0.464405	0.0731443	0.826794	0.499806
UAGUC	-1.19724	-0.774504	-0.180271	2.65701	1.79028	0.514967
ACGUC	-1.2701	0.965956	0.702293	-0.122676	0.0868777	0.235866
CCGUC	-4.89597	0.213145	-0.305232	-1.70742	0.82406	-1.27578
GCGUC	1.19017	-1.09924	-0.378832	0.00326716	-0.123679	0.100063
UCGUC	-2.32246	0.126049	0.350039	-0.330363	1.29518	0.485413
AGGUC	1.24682	0.236583	0.189494	0.962629	1.12757	-0.938875
CGGUC	-6.04734	-0.617872	-0.26484	0.971687	1.88565	0.163844
GGGUC	-0.635646	0.475007	1.39025	0.941562	0.166124	-0.600788
UGGUC	-0.311287	-0.306256	0.703505	-0.0800874	-0.297548	0.0247033
AUGUC	0.943144	1.48839	-0.05803	-0.856198	-0.772313	-0.289984
CUGUC	-0.316256	1.02208	-0.502936	0.0204608	-3.01455	0.297973
GUGUC	-1.2981	-0.75432	-0.200066	0.989494	1.21305	-0.471005
UUGUC	0.836315	-0.470109	-0.518937	-0.457016	-0.156183	0.0752539
AAUUC	1.62705	0.108799	-1.14007	1.72429	-1.76225	-1.1376
CAUUC	2.92741	0.736436	1.69478	-1.14311	-0.978477	0.572736
GAUUC	-0.844232	-1.94756	0.257019	1.05131	0.2411	-0.752691
UAUUC	0.631359	0.262442	0.22362	-1.1598	0.708172	-0.360066
ACUUC	1.29963	0.0533904	-0.082503	1.3449	1.54148	0.764035
CCUUC	0.939293	1.3689	-0.213908	0.747154	-0.0185701	1.10634
GCUUC	-0.732744	0.1483	-2.6853	-0.533977	1.80049	-0.660521
UCUUC	1.04469	0.428112	2.78465	-0.976802	-3.30405	0.096496
AGUUC	1.18009	-1.10344	-0.491484	-0.0472903	-0.238478	-0.0334285
CGUUC	-2.42281	0.758401	0.199907	-0.657551	-0.979415	0.115733
GGUUC	2.34014	0.216215	-0.128941	0.214776	0.923899	0.57356
UGUUC	1.01509	0.0645915	-0.467283	-0.683115	-0.0573994	-0.441682
AUUUC	1.10503	1.26056	-1.26496	0.0473912	-0.972828	0.338534
CUUUC	-2.51425	0.473425	0.515288	-0.87125	-1.33362	0.240202
GUUUC	-0.646067	0.459476	-1.51986	-0.0494522	1.41708	-0.595939
UUUUC	0.111135	0.322231	-0.245186	2.46176	0.00270273	-0.178236
AAAAG	-3.53057	-0.372975	-0.132482	-0.126058	0.667281	-0.529732
CAAAG	0.793043	0.869197	-1.11721	-0.451633	0.221211	0.519328
GAAAG	-3.2865	-0.191559	-1.01151	-0.40014	0.833823	4.26453
UAAAG	2.52527	0.764166	0.272897	1.73354	-1.25442	-1.00329
ACAAG	-3.38897	-1.51085	1.03957	1.45639	-0.43945	2.1818
CCAAG	3.71398	1.27374	-0.929397	-0.448633	0.163692	1.47593
GCAAG	1.7777	1.03687	-1.12328	-1.751	0.541441	0.718318
UCAAG	1.20353	0.102671	1.43825	1.07548	-2.58214	-0.891328
AGAAG	0.428509	0.755792	-0.477689	-0.975878	0.985184	0.415227
CGAAG	-0.994141	-0.786503	-1.32939	1.48578	-0.784137	-0.644958
GGAAG	0.651316	0.979009	0.396281	-2.3053	0.381663	0.254667
UGAAG	-0.590881	0.0568505	3.2632	1.25224	1.20859	-1.98825
AUAAG	0.164794	-0.118067	-0.132482	1.19754	-0.268069	-0.308352
CUAAG	-1.21872	-0.461385	-1.33294	1.40095	-1.00099	2.68736
GUAAG	-0.142301	-0.332444	0.395602	-0.342202	0.117481	0.0482698
UUAAG	1.91225	2.43493	0.167087	-2.22738	-0.784068	-0.0515761
AACAG	-6.24093	-0.320331	-0.929969	0.576278	-0.558725	-0.340711
CACAG	-4.03428	-0.457208	-0.425324	-0.454285	1.18804	1.89036
GACAG	0.166157	0.855993	0.180444	-0.927686	0.109641	-2.48244
UACAG	0.859866	0.255412	-1.27411	0.0820942	0.662657	-0.286742
ACCAG	-5.18111	-0.295595	-0.478819	-0.866142	1.01986	0.952252
CCCAG	1.48685	1.11903	-0.65006	0.271057	-1.35401	-0.426624
GCCAG	0.131489	0.593816	1.78451	-0.764249	-0.515902	-1.24217
UCCAG	-0.0917543	-0.180276	-1.10589	1.62631	0.234862	0.631573
AGCAG	1.16752	1.53229	1.72877	-3.034	-1.16901	0.337142
CGCAG	-3.40686	-0.267056	0.2664	1.88878	1.46442	0.218348
GGCAG	3.96942	0.0464075	-0.00919747	-1.16912	1.02194	0.243827
UGCAG	1.19484	0.340633	-0.575278	2.30692	0.658626	-0.219658
AUCAG	-1.18905	0.388874	1.77301	-1.15531	0.491926	0.819168
CUCAG	3.40458	0.415746	2.07699	-0.837893	0.540654	2.68956
GUCAG	-7.46813	-0.758959	-3.50863	0.963534	-0.18647	2.27562
UUCAG	-0.0363998	1.26121	-2.75216	1.34842	-1.92584	2.21524
AAGAG	1.01072	-0.493951	2.26671	2.45755	0.179327	0.186005
CAGAG	0.00613684	1.18649	-2.78957	-1.81379	-1.98449	1.03145
GAGAG	-0.508181	0.498778	1.02538	-0.474121	0.564794	-1.24707
UAGAG	1.3876	0.814096	0.0891019	-0.839803	-1.0479	-1.31495
ACGAG	0.602816	-0.454252	-0.480934	0.323264	-0.169488	-0.166779
CCGAG	-1.42214	0.605298	-1.78089	-2.19341	-1.10976	0.453445
GCGAG	-0.369721	-1.30288	0.439055	0.194202	0.804911	-0.00415895
UCGAG	-1.5008	-0.622446	0.699789	-0.179793	1.02318	-0.217712
AGGAG	0.341424	0.0931208	-0.0555786	-0.180271	-0.429358	0.193978
CGGAG	-0.00153942	0.379216	1.17457	-0.719193	0.141622	-0.0248158
GGGAG	4.74433	1.2486	-0.180122	-1.83769	-1.17404	0.092169
UGGAG	1.79655	1.02437	1.64553	-1.97961	0.352462	-0.00141237
AUGAG	-4.6825	-0.0817446	-2.42557	0.297515	-1.58035	-0.0824565
CUGAG	1.99615	0.611162	2.38196	2.08734	-0.381944	-0.133084
GUGAG	0.641285	0.304952	-0.143617	-1.39686	0.374068	-0.0659943
UUGAG	-6.79107	-0.688613	-0.29457	-0.276743	0.144511	3.96275
AAUAG	2.27456	-0.9287	-0.379224	-0.519437	-0.484911	-0.394435
CAUAG	0.858653	-0.671588	-0.0508522	0.180326	-0.389837	-0.178914
GAUAG	0.350799	0.138892	0.768385	-0.135088	0.397047	-0.49269
UAUAG	0.245927	0.122599	0.308334	0.400095	-0.515877	-0.0893603
ACUAG	-1.93289	0.00118402	-0.229447	-0.337102	0.954833	-0.768367
CCUAG	0.635167	-0.591726	-0.132266	-0.0643265	-0.309941	-0.099812
GCUAG	0.353054	0.735879	-0.354611	-0.813415	0.004011	-0.331627
UCUAG	-0.717327	0.0337904	-0.111701	1.08689	0.501523	-1.25937
AGUAG	2.64027	1.11124	-0.301006	-0.651222	2.34578	0.844483
CGUAG	0.968411	-0.74266	-0.12373	-0.358492	-0.210252	0.0176988
GGUAG	-0.418132	0.325943	-0.324763	-0.499964	0.359128	-1.03538
UGUAG	-1.13878	-0.274404	1.67601	2.83505	-1.6414	-1.85574
AUUAG	-1.98223	-0.341661	-1.21323	0.0116263	-0.104827	2.13318
CUUAG	1.60198	1.14267	2.05	-1.14687	-1.23768	-1.06152
GUUAG	1.69018	0.124176	0.986191	0.514818	0.00876841	-0.313133
UUUAG	2.36881	0.56262	-0.212849	0.361828	-2.18732	1.73689
AAACG	-2.44383	-0.454733	0.164821	2.48606	0.672026	-0.309485
CAACG	0.114905	0.102203	0.512984	-0.390366	-0.936791	1.12549
GAACG	-0.494865	-0.0320705	-0.365137	1.02374	-0.144056	-0.2822
UAACG	-0.29329	-0.860535	0.454603	0.0341117	0.542936	0.0672352
ACACG	-0.584222	-0.683686	0.0371346	0.925134	-0.0213006	0.373668
CCACG	-2.31042	-0.234834	-0.580284	-0.639005	1.04111	1.23795
GCACG	0.622987	-0.905642	-0.234064	1.41982	1.10918	-0.186522
UCACG	1.16056	-0.876756	-0.114147	-0.411216	-0.171901	-0.0365657
AGACG	-0.000399447	0.0673316	-0.271004	1.4258	0.626563	0.440379
CGACG	-1.1599	0.198179	-0.653222	1.25184	-0.629631	0.117383
GGACG	-0.487513	-0.0427014	-0.490285	0.812837	0.438882	0.159924
UGACG	-2.88084	0.339412	-1.06899	0.273939	-0.329803	0.911777
AUACG	0.340841	0.217711	-0.866232	-1.17299	-0.96167	-0.400177
CUACG	1.01844	-0.197249	1.32542	1.32367	0.926484	0.169485
GUACG	-0.727691	1.26032	-0.281379	0.53303	-0.0877937	-0.543573
UUACG	2.52787	0.105197	-0.400845	-0.0554181	1.145	0.0380141
AACCG	0.0261734	0.958748	-0.958275	2.10444	1.42081	1.24958
CACCG	-1.76484	-0.361011	-0.275204	-0.407918	1.62315	0.616584
GACCG	0.534384	0.561931	-0.156298	0.109291	-1.15247	-0.240831
UACCG	0.600657	-0.784415	-0.0421929	0.139772	0.0470904	-0.166365
ACCCG	-2.03743	-0.391639	1.69312	0.962125	-0.468668	-1.65432
CCCCG	0.727367	0.393975	-0.581497	0.265161	-0.180441	-0.270474
GCCCG	-0.0919121	-0.350555	-0.846375	1.38729	0.887835	0.496986
UCCCG	0.280027	0.267964	-0.694755	0.0833083	-0.0512045	0.184642
AGCCG	2.21697	-0.730399	-0.219167	-0.0738211	0.148984	-0.0672831
CGCCG	-0.390825	0.684386	-1.1899	0.250876	-1.36503	0.484844
GGCCG	1.18912	0.765353	-0.964195	-0.280227	-0.173507	0.129124
UGCCG	-1.15276	-0.0972641	2.23263	1.00604	-0.0987207	-0.130597
AUCCG	-2.78961	-0.108469	-0.56661	0.242182	0.310996	1.53951
CUCCG	1.27192	-0.944432	-0.283814	-0.0595262	-0.0545211	-0.33574
GUCCG	-2.5469	-0.235313	-1.6283	1.1167	1.46867	-0.528457
UUCCG	-1.2919	0.938024	-0.303868	-0.399828	-0.285921	-0.479136
AAGCG	-0.675729	1.1261	2.48646	-0.518397	-2.11208	1.58153
CAGCG	1.60151	-0.704604	-0.658167	-0.210194	0.539383	0.0931314
GAGCG	-2.86384	0.122543	-0.0610023	-0.824178	0.146287	-0.0682126
UAGCG	-0.185834	0.0498312	-0.268877	0.173045	0.0556082	0.0227393
ACGCG	-2.29717	0.527574	-0.682922	0.152846	-1.40232	0.264409
CCGCG	0.243131	-0.588607	0.343824	-0.136456	0.0820429	0.0914261
GCGCG	0.794275	-0.626299	-0.258571	-0.260592	-0.0960901	0.00994449
UCGCG	1.38709	0.212327	0.465708	-0.149207	-0.0276533	0.0223585
AGGCG	0.446025	-0.436363	-0.356859	-0.0601724	-0.0686333	0.0101888
CGGCG	-0.0413168	0.742264	0.235265	-1.25881	-0.595244	0.0660729
GGGCG	-0.825249	0.769677	-1.32356	-0.402891	-0.254205	-0.378884
UGGCG	-1.38135	0.21611	0.323229	1.16781	0.324134	-0.701895
AUGCG	-0.141696	-0.184877	0.493008	-0.432824	0.178679	0.0852007
CUGCG	0.832622	-0.477124	0.226232	-0.498136	0.104606	0.0335929
GUGCG	-0.183241	-0.289069	0.0277669	-0.851834	1.09214	-0.0181508
UUGCG	0.657836	-0.38569	-0.280321	0.272661	-0.291396	-0.227257
AAUCG	-0.0193258	0.619459	0.0464791	0.514624	-0.417293	-0.493898
CAUCG	0.551229	0.838776	2.03802	-0.0431706	-3.06934	-0.329654
GAUCG	-1.21639	0.613793	-1.4677	-1.00342	0.110711	-0.455035
UAUCG	-0.152604	-0.727508	1.18543	-0.24379	0.145584	0.262117
ACUCG	-3.02943	-0.304951	1.60262	0.0463919	0.920472	-0.0945809
CCUCG	-0.277922	0.453492	-0.856798	-0.285257	-0.632698	-0.368645
GCUCG	-0.798425	-0.0142888	1.59845	0.519512	-0.323084	0.0658505
UCUCG	-0.82355	1.46802	-0.977776	-1.55196	-1.46368	-0.0451896
AGUCG	-1.54412	-0.025379	0.748752	2.19901	1.17722	0.470099
CGUCG	-1.50482	-0.0841876	0.700844	0.679634	0.537588	0.461835
GGUCG	-1.27964	-0.743916	-1.85771	0.732299	1.68123	0.0391643
UGUCG	-1.13964	-0.596964	-0.223797	1.27285	0.838402	0.0729414
AUUCG	-2.3482	0.798426	0.805801	-0.287718	-1.0388	-0.853417
CUUCG	0.437017	1.54849	-0.701362	-1.81757	0.266155	0.298402
GUUCG	-2.40815	-0.9527	1.02179	-1.51418	-0.168175	0.0499871
UUUCG	-0.406443	-1.70787	1.5164	0.674956	-0.0826145	-0.166709
AAAGG	1.69219	1.62636	-2.33316	-0.407579	0.136325	-0.189813
CAAGG	-0.39604	-0.374923	1.29096	1.0924	-0.604999	-0.314518
GAAGG	1.70612	1.39862	-1.6148	-0.930877	-0.315313	0.161635
UAAGG	0.179466	0.0268145	2.09358	1.12166	-0.988459	0.104856
ACAGG	0.467875	-1.10957	0.098941	-0.0551723	0.0745144	0.0490527
CCAGG	0.0428658	0.00972176	-1.39476	0.92782	0.347983	-0.205464
GCAGG	4.49089	0.193148	0.591308	-0.318384	0.425315	-0.277114
UCAGG	2.2914	-0.137647	1.85932	-0.299382	-0.498944	0.756639
AGAGG	1.86509	0.762379	-1.1019	-1.82692	0.643136	-0.116946
CGAGG	0.845151	0.368362	1.79023	0.701543	1.56627	0.287744
GGAGG	1.21772	1.66462	2.04168	-3.03852	-0.917126	-0.84826
UGAGG	-0.0625684	0.195762	-0.472042	-0.912124	1.24823	-0.365089
AUAGG	0.0149685	-0.245962	1.28092	0.558261	0.978301	-1.21154
CUAGG	1.23661	-1.00274	-0.548016	0.0433711	0.103672	-0.353013
GUAGG	1.51755	-0.957179	-0.279969	-0.456406	-0.428035	-0.116751
UUAGG	-1.75558	0.282026	-1.23782	-0.623892	0.256876	1.12484
AACGG	-0.796131	-0.864899	1.30356	-0.717297	-0.520141	0.0977551
CACGG	-0.234471	-0.14573	0.0599878	0.0601238	0.370391	0.261862
GACGG	-0.248153	0.585474	-0.161529	-0.337459	0.370864	-0.0702517
UACGG	-1.91143	0.140869	0.589804	-0.175211	1.11859	-1.01753
ACCGG	0.264976	-0.804953	-0.0186126	-0.456267	0.773351	-0.116502
CCCGG	0.667938	-0.268216	-0.268012	-0.123719	-0.0885727	-0.221288
GCCGG	3.27049	-0.852198	0.270197	-0.0502627	-0.0403983	-0.0312499
UCCGG	1.79896	2.27163	-0.149668	-1.1824	-0.264337	0.599676
AGCGG	-1.83258	-0.0998752	0.172506	0.785064	-1.12957	0.000214201
CGCGG	-1.84683	0.356681	-1.26076	0.812531	-0.225262	0.0208153
GGCGG	0.617102	-0.763402	-0.022738	-0.0287487	-0.174858	-0.0487357
UGCGG	-1.33596	-0.0757149	1.64286	-1.28685	2.57445	1.6318
AUCGG	0.31115	-0.147819	0.192173	0.165803	-0.677979	-0.121545
CUCGG	0.153666	0.419874	-0.188773	-0.732757	0.694761	-0.078022
GUCGG	-0.338998	-0.212693	-0.36359	0.637356	0.967339	0.0115132
UUCGG	-3.41682	0.555549	-0.809969	-2.14069	-0.8323	-1.56118
AAGGG	0.128721	-0.585688	-0.319512	0.637863	0.134872	-3.87419e-06
CAGGG	-1.85934	-0.824624	1.77627	0.546096	-0.814038	0.474675
GAGGG	3.34782	0.472355	-1.14498	-0.286366	-0.092495	-0.476276
UAGGG	1.1982	-0.989531	0.0160461	-0.408852	-0.559119	-0.189121
ACGGG	1.36047	-0.255817	-0.0327107	-0.248765	0.265311	0.0447249
CCGGG	3.33858	0.386488	0.644089	-0.398196	0.0464857	-0.0730021
GCGGG	1.32089	1.01216	0.215675	-0.771769	0.0538439	0.0265076
UCGGG	3.05898	1.0455	-1.32207	-1.28865	-0.941246	-0.476744
AGGGG	-0.269803	0.664741	-0.973222	-2.31922	-0.104903	1.70097
CGGGG	5.16573	1.86992	0.821356	0.149357	0.109246	-6.84953e-05
GGGGG	-1.03212	-0.142464	0.12824	1.39025	0.652972	0.454386
UGGGG	3.50585	2.01044	-1.27151	-0.0180864	-0.00331643	0.0223344
AUGGG	1.23032	0.489921	3.32141	-0.474822	-1.42744	-1.35195
CUGGG	-0.108624	0.1397	-0.372558	0.267907	0.185014	0.0754345
GUGGG	2.21271	1.1851	-1.34792	1.70134	0.466178	0.230678
UUGGG	1.01579	-0.542487	-1.28811	0.744589	-0.43509	0.267322
AAUGG	-0.586638	1.91506	-1.08838	-0.459882	-2.02683	-2.43761
CAUGG	3.72726	-1.41136	0.442903	-0.346604	-0.131315	-0.199704
GAUGG	1.07486	-1.05519	1.75851	0.915955	-0.119352	0.023762
UAUGG	-4.75529	-1.78843	-0.56977	1.1108	1.74247	0.68661
ACUGG	-0.507123	0.463176	-0.761	-0.415382	0.377456	1.2345
CCUGG	2.97123	0.448327	0.0175331	0.103992	-0.285712	-0.533847
GCUGG	0.096017	-0.170512	-0.154256	0.093991	-0.0529081	0.0418255
UCUGG	-2.91559	-0.028642	-0.728789	-0.667962	-0.13804	2.51431
AGUGG	1.74925	1.40417	1.08423	0.877339	0.260149	0.402926
CGUGG	-1.043	0.478441	-2.38676	-2.37288	1.14932	-0.280561
GGUGG	4.29771	1.7318	-0.212997	0.50799	0.184727	0.0468662
UGUGG	-0.964564	-0.183467	0.604277	0.422801	0.363058	-0.201759
AUUGG	-0.361708	-0.0826866	1.07464	0.326282	0.172434	0.43749
CUUGG	-0.0475033	-0.300776	-0.66845	1.4065	1.00116	0.72816
GUUGG	1.1232	1.03267	-0.818859	1.24005	0.528448	0.501818
UUUGG	-1.51676	-0.776803	2.04596	-1.56374	0.54186	-0.110228
AAAUG	0.71592	0.15997	0.231039	3.40616	-0.976696	1.19942
CAAUG	0.563461	-0.00130337	2.41069	1.62737	0.279449	-1.37469
GAAUG	-2.08006	-0.812823	0.416308	-0.669317	-0.535196	-0.394257
UAAUG	4.93011	0.84881	-1.07577	0.0141268	-1.04579	0.248561
ACAUG	-1.15615	-0.150508	0.0628889	1.3816	0.442271	-2.08193
CCAUG	1.59711	1.37915	-0.445212	-1.0794	-2.02294	1.52219
GCAUG	-3.29192	-1.80289	0.677151	-0.962502	0.230539	0.158192
UCAUG	0.908138	1.17839	-1.79141	-0.471553	-0.391632	0.568634
AGAUG	0.109421	-0.08105	0.907911	1.48145	-0.345732	-0.57613
CGAUG	-1.69451	0.0635111	-0.866464	1.49669	0.872999	1.59913
GGAUG	-0.219464	0.80083	0.0416088	-0.16088	-0.263654	0.0107355
UGAUG	0.212684	1.9177	0.428082	0.90893	1.25621	0.432044
AUAUG	-2.05622	-0.744101	1.026	-0.091464	0.764418	0.79726
CUAUG	-2.03639	-0.227877	1.49499	-0.423251	-0.388726	-0.401179
GUAUG	-0.0406757	-0.12672	-0.0956389	1.2801	0.19173	-0.447433
UUAUG	-2.62451	0.147879	0.393275	-0.388566	-0.870783	0.212859
AACUG	-1.07291	-0.516411	-0.542107	0.855739	1.28001	1.56374
CACUG	0.961584	-0.913716	1.81432	-0.962027	0.0111356	0.443127
GACUG	0.852153	-0.345943	1.60082	0.814097	0.42819	1.01214
UACUG	-6.13255	-1.17173	-0.827119	1.4269	0.00649053	-1.96061
ACCUG	1.64728	1.296	-0.246895	0.90722	-1.10483	-0.845657
CCCUG	1.45499	0.311684	1.97778	-0.589306	-1.46943	-0.848719
GCCUG	0.582952	0.360281	-0.303319	0.233248	-0.408648	-0.455042
UCCUG	2.03081	0.897751	0.483422	0.550595	-1.18221	-0.244123
AGCUG	2.57059	1.05031	-1.01647	-1.2912	-0.982924	-0.645684
CGCUG	-0.994809	-0.144948	0.757704	3.30162	-1.28846	0.103621
GGCUG	1.24449	-0.633171	0.229613	0.0819539	-0.513948	-0.0557693
UGCUG	2.93	0.280526	0.132134	-0.539113	0.624985	0.0950067
AUCUG	-0.370207	0.18895	1.17059	-1.15958	-0.73244	-0.301839
CUCUG	0.287963	-0.406668	-0.00803309	-0.371609	0.143638	-0.0730795
GUCUG	2.30797	1.24882	-2.16002	-0.891537	0.284259	-0.0577549
UUCUG	0.516547	-0.0682272	-0.0844397	1.08635	1.44393	-1.52966
AAGUG	1.02284	-0.864967	-0.204062	-0.223366	-0.248928	0.109167
CAGUG	1.71393	1.00818	0.0894929	-2.31413	0.61885	0.682296
GAGUG	-0.80079	-0.0924711	-0.253276	0.788395	-0.31856	1.8193
UAGUG	-0.240029	-0.535009	0.108843	0.615443	-0.0996908	0.00608757
ACGUG	-1.28283	0.490226	0.200751	-1.7947	-1.76943	-0.449015
CCGUG	6.56614	-0.577285	0.552196	-0.489893	0.200567	-0.199645
GCGUG	-1.78093	0.101486	0.286704	0.0186325	1.19115	0.256978
UCGUG	0.774949	-0.433295	-0.610485	0.206233	-0.0954724	-0.0378477
AGGUG	0.220968	-0.035714	-0.826125	-0.114384	0.928232	-0.063748
CGGUG	-2.02455	0.0124408	1.92718	0.316264	-1.22815	-0.628492
GGGUG	0.127318	0.489022	-0.657467	0.587592	-0.106649	0.159452
UGGUG	1.18267	2.29805	0.00165085	0.147979	0.582394	-0.0679923
AUGUG	0.0171372	-0.401582	1.03982	-0.972603	0.170338	-0.649694
CUGUG	0.60619	1.07001	-0.739965	1.75403	1.11783	0.219714
GUGUG	1.52816	-0.916963	-0.765084	-0.385898	-0.106705	-0.0552279
UUGUG	0.437303	-0.00330603	0.725455	-0.766301	-0.176379	1.07554
AAUUG	2.08032	-0.421772	-0.346898	-1.29125	-0.713434	-0.408439
CAUUG	-0.44876	-1.55132	0.686039	-0.374814	-0.185699	0.692741
GAUUG	0.12204	0.193291	-1.38524	1.28941	0.120867	0.365894
UAUUG	-0.840658	0.251957	0.669202	-0.353746	0.462957	1.84441
ACUUG	0.914888	0.345922	-0.787839	0.192913	0.16697	-0.921654
CCUUG	-0.772355	0.374119	0.0240246	-0.00780716	-0.326302	-0.331202
GCUUG	-2.30422	-0.554506	-0.971617	1.83094	1.18928	1.9576
UCUUG	-1.20558	-0.841778	-2.14431	0.707188	2.0338	-0.189746
AGUUG	-2.75405	-0.908358	1.06693	-0.466373	1.57535	0.344396
CGUUG	-0.510759	0.261671	0.321246	0.157614	-0.00942258	0.314169
GGUUG	-1.65661	-0.668704	0.698696	1.49632	-0.192777	1.16557
UGUUG	1.12388	0.607031	-0.521887	-0.196451	-1.40803	0.605279
AUUUG	1.03832	1.00431	0.237881	-1.64166	-1.65225	0.163863
CUUUG	-0.314757	0.325098	3.53547	-1.27684	-0.346855	-1.62911
GUUUG	1.25896	-0.0544657	-1.15103	1.61519	0.655912	1.12622
UUUUG	0.00250119	0.164581	-0.026157	0.152583	-0.300927	0.155996
AAAAU	0.468098	0.189685	-0.719485	0.0244707	-0.00526785	-0.401778
CAAAU	-2.15549	-0.755741	0.298925	-2.86805	-0.306744	3.16017
GAAAU	-0.0238003	0.931582	1.39606	-0.758796	-0.679213	2.2092
UAAAU	0.525292	0.366276	4.05447	-0.55324	-1.23418	1.12464
ACAAU	0.618837	0.179332	-0.115336	2.98321	-0.306247	-1.27021
CCAAU	-1.75975	-0.559687	-0.531118	-1.6284	1.85831	-1.83329
GCAAU	-0.800621	-0.329402	1.63062	0.0318634	-0.611365	-0.0185119
UCAAU	2.91557	-0.991762	-1.38494	-0.493496	-0.174728	-0.690674
AGAAU	-1.1324	0.0635279	0.40317	0.364643	0.541564	1.03992
CGAAU	-3.24781	-1.28896	1.13386	-0.365027	-0.959375	-0.363608
GGAAU	-0.827557	0.502994	1.73317	-2.5672	1.35462	1.47016
UGAAU	-4.32006	-0.351801	-1.2396	0.946984	0.412213	-1.5805
AUAAU	0.469255	0.0328499	0.142805	-0.856133	0.935528	-0.339563
CUAAU	-0.233233	1.14297	1.84217	-1.42047	1.28351	-1.86004
GUAAU	1.47612	-0.869923	-0.654088	-0.407518	-0.50023	0.032538
UUAAU	0.0406398	0.0737879	-0.50777	0.611377	1.25627	1.14787
AACAU	2.73449	1.68823	-1.6983	-0.551953	-0.872733	0.336531
CACAU	1.40166	-0.497963	-0.40449	0.542214	-1.64553	-0.699531
GACAU	0.481957	-0.317445	0.928554	-0.201906	0.634911	0.0617719
UACAU	1.94724	-1.48621	-0.369146	-0.409933	-1.09168	0.674219
ACCAU	0.425669	0.546499	-0.592575	0.286234	-0.0661933	0.455442
CCCAU	-2.96046	-0.567675	-0.118257	0.999259	0.325949	0.710152
GCCAU	-0.0228354	-0.0175263	-0.0930988	2.06304	1.48603	0.021542
UCCAU	-0.539338	-0.463228	1.27436	-0.534533	0.312464	-0.502015
AGCAU	-1.17636	0.260933	0.288927	0.448169	-1.05217	-1.25886
CGCAU	1.44839	-0.913329	-0.557468	-0.248817	-0.347474	-0.191799
GGCAU	-1.44753	-1.23826	2.17791	0.461815	0.174515	-0.0786173
UGCAU	-0.934268	1.15553	-3.15919	-1.88422	1.10547	-1.6737
AUCAU	0.579714	0.430931	0.992402	2.46205	1.85365	1.92535
CUCAU	-3.50466	-1.29678	0.657303	0.347997	1.08133	0.157962
GUCAU	-3.13991	-2.02206	-0.898509	2.41325	0.482149	0.473989
UUCAU	0.112691	0.903821	0.403252	0.611451	-2.05933	1.86197
AAGAU	0.186458	0.271225	-0.224809	0.14399	-0.145181	-0.500383
CAGAU	1.28508	-0.975111	-0.299272	-0.133077	-0.504396	-0.0860589
GAGAU	-1.39313	-0.0692273	-0.440952	1.12793	2.12948	-0.0712089
UAGAU	0.173648	0.698487	-1.47649	-1.84141	0.214938	-0.988984
ACGAU	-3.17596	-1.02841	-1.39818	1.49994	-1.30619	-0.227604
CCGAU	0.447761	-0.289783	-0.417836	0.0577249	0.210402	0.0507974
GCGAU	0.844524	-0.452255	-0.381319	-0.299496	-0.166468	0.0343866
UCGAU	-2.35159	-0.723151	1.37126	-0.383948	0.353439	0.428104
AGGAU	0.390354	0.404061	1.26702	-0.123435	-0.815454	-0.789911
CGGAU	0.274796	0.0583914	0.0846977	0.061793	-0.139057	-0.0122926
GGGAU	0.164923	-0.119856	-0.329643	-0.543389	0.422778	0.19581
UGGAU	-0.959132	-0.0525952	0.453855	1.24148	-2.36651	1.05134
AUGAU	-1.3128	-0.49744	-0.819711	-0.643097	1.23898	0.175352
CUGAU	4.11752	-1.01755	-0.0816459	-0.19501	-0.45644	-0.220657
GUGAU	0.0916954	-0.00210368	0.0635983	-0.0686102	0.0491176	0.237477
UUGAU	0.600733	-0.0814459	0.282033	0.524569	-0.15992	-0.447927
AAUAU	-1.34772	0.36919	0.152097	-0.135125	-1.68244	1.7598
CAUAU	-1.28838	0.21388	0.054153	-2.82701	3.97028	-1.13423
GAUAU	1.11691	-0.378074	-0.682831	0.132	-0.468291	-0.206636
UAUAU	0.0188008	-0.355942	-0.24581	-0.0787998	0.443744	0.250475
ACUAU	-2.4231	-0.174707	-0.616362	1.00762	0.0908812	0.541656
CCUAU	0.848966	-0.0601341	-0.0382542	-0.995435	-0.84699	0.145665
GCUAU	-1.34297	0.544746	-0.204998	-0.689595	-0.0369811	-1.33202
UCUAU	1.20786	-0.0264751	0.695085	1.71472	-0.10767	0.406047
AGUAU	-1.1671	-0.682616	1.39958	1.30651	0.886654	-1.68447
CGUAU	0.330006	-0.0637077	-0.602116	0.206694	-0.138958	0.0635076
GGUAU	-0.165382	-0.428721	1.94788	2.00385	-0.452836	0.585603
UGUAU	0.903758	1.47718	-0.273677	-0.688344	-0.438673	-0.0973482
AUUAU	-3.61782	-0.610789	-0.0827329	0.387564	0.0679293	0.47688
CUUAU	-0.303449	-0.594578	0.611942	-0.347853	0.604234	0.187504
GUUAU	-1.10812	-0.449113	-0.116083	1.80353	-0.327628	1.22882
UUUAU	1.61034	-0.854574	-0.641636	-0.634821	-0.621642	0.183599
AAACU	-0.430461	-0.57534	0.180296	1.1859	0.600116	1.25946
CAACU	-0.554501	0.131156	1.57973	0.0587394	0.258507	0.110734
GAACU	0.754798	-0.593072	-0.0053177	0.789026	0.892274	-0.188328
UAACU	1.43524	-0.884248	-1.07991	0.439288	-1.26759	-0.289896
ACACU	-2.91018	0.190425	0.351062	1.05761	-0.435854	-4.36675
CCACU	0.908494	0.468721	0.0219393	-1.30597	0.859702	-0.445515
GCACU	0.813001	-0.768473	-0.580428	0.138536	0.0370793	-0.0404541
UCACU	0.662883	-1.03325	0.981102	-0.0740476	0.220658	-0.0366346
AGACU	1.02611	0.206067	2.16434	-0.0453588	-0.355769	0.53245
CGACU	-0.734279	-0.25803	1.41035	0.248607	-0.565089	0.0238074
GGACU	1.00547	-1.33273	-0.139293	-0.537643	0.169479	0.0913446
UGACU	0.0729776	0.110873	-0.859045	1.67435	-0.504397	-1.43238
AUACU	-2.42682	-0.498073	0.511415	-1.68168	-0.179139	2.2041
CUACU	1.06556	0.525402	0.325719	0.418788	-0.362591	-0.307206
GUACU	1.82605	0.40486	-1.45469	0.520083	-0.371543	0.290301
UUACU	-4.64937	-2.47543	-1.07163	2.38424	-1.35553	1.35808
AACCU	-2.94817	0.150539	0.345401	-0.176463	-0.173468	0.0207445
CACCU	0.108066	-0.0695908	1.02734	-0.0965	-0.356052	-0.62641
GACCU	-0.469346	0.0139164	-0.123134	0.43706	-0.844438	1.17347
UACCU	0.0978245	0.0842813	0.419716	-0.440548	0.467399	0.350805
ACCCU	-0.875568	0.0336203	-0.129762	0.00534057	-0.595598	1.06075
CCCCU	1.84921	0.100478	1.22958	1.03692	-0.125692	0.226865
GCCCU	2.39766	0.0678356	0.989355	-0.239963	-0.513968	-0.191791
UCCCU	1.63072	-1.41606	-0.425498	-0.107903	-0.726504	-0.0626096
AGCCU	1.01298	-1.10197	0.0257786	-0.132823	-0.246786	0.0248545
CGCCU	0.861416	-0.105805	-0.287869	-0.305047	-0.265224	-0.203782
GGCCU	5.13532	0.569302	1.76428	0.369299	-0.428954	-0.274838
UGCCU	1.60223	-1.383	-0.571674	-0.299202	-0.289125	-0.0412127
AUCCU	-0.950928	-0.750667	-0.933563	0.981536	-1.00379	1.74361
CUCCU	0.314947	-0.423707	-0.340484	0.511137	-0.0274396	-0.854929
GUCCU	-3.47815	-1.97018	1.14696	-0.271289	-1.74147	-0.205397
UUCCU	-1.617	-1.09256	0.970578	1.02941	-0.742927	0.529882
AAGCU	1.57235	0.346372	2.10301	-1.43526	-1.15082	-1.10056
CAGCU	1.39363	0.393874	0.0783066	-0.277084	-0.666666	-0.894933
GAGCU	0.112258	0.182156	0.92608	-1.02321	-0.741337	-0.0353332
UAGCU	-0.287761	-0.01685	-1.16457	-0.420046	1.0212	0.780833
ACGCU	-1.43661	-0.553172	1.15082	-0.0325171	0.870028	0.23573
CCGCU	1.35034	0.211786	-0.621441	-0.300422	-0.3945	0.0214543
GCGCU	-2.74839	0.633378	-2.49366	-2.06324	1.11106	-0.0935168
UCGCU	0.977293	-0.910112	-0.212086	-0.231884	0.273344	-0.033807
AGGCU	-0.707702	-0.224078	0.388864	1.65894	-0.490245	-0.615784
CGGCU	-2.21471	0.824487	-2.01886	-2.05813	-2.17456	-0.380412
GGGCU	0.958709	1.83363	0.691891	0.812211	0.27006	-0.0532585
UGGCU	-0.304565	-0.316646	0.0806752	0.121073	0.445986	0.171389
AUGCU	-1.29985	-0.634701	-0.106401	1.53325	-0.721213	-0.138838
CUGCU	-0.834738	0.0719777	1.13119	0.642563	-0.37241	0.169453
GUGCU	-1.1699	0.426669	2.08168	0.359993	-1.94609	0.0196476
UUGCU	0.981005	-0.599828	-0.804132	-0.496136	0.0572967	0.1787
AAUCU	1.39343	-1.12673	-0.637234	-0.379515	-0.316524	-0.0286464
CAUCU	-1.85711	-1.39978	1.09906	1.29314	-0.880015	-0.00842629
GAUCU	0.584083	0.34038	-0.694812	-0.786207	-0.734119	0.818233
UAUCU	-2.12218	-1.95861	0.710852	-1.13476	-0.443796	0.0638185
ACUCU	0.323291	-0.587703	-1.04648	0.446189	1.20475	-0.145118
CCUCU	0.33901	-0.362599	0.210055	-0.251129	-0.184573	-0.193346
GCUCU	-0.132379	-0.292714	0.23472	-0.409086	0.66738	-0.0309248
UCUCU	-2.7895	0.294717	-0.27104	-1.29213	-2.01922	0.498887
AGUCU	-0.35699	0.330899	-1.36261	-0.504172	-0.784854	2.93738
CGUCU	1.56266	-0.837223	-0.566579	-0.612377	-0.238357	-0.113027
GGUCU	0.971577	-1.07613	-0.12032	-0.306386	-0.0876588	-0.0320408
UGUCU	1.47299	1.05621	-0.206478	0.282897	-1.49533	-0.293408
AUUCU	1.88488	0.600265	0.0978346	1.55335	-1.31288	-1.20139
CUUCU	2.14502	0.426866	-0.0990663	1.76119	0.180804	0.506961
GUUCU	0.675967	-0.913105	0.322103	-0.19463	-0.195641	-0.119537
UUUCU	-1.62699	-1.44123	-0.12243	0.851408	0.181865	0.516579
AAAGU	0.432843	0.0651322	-0.517068	-0.0895417	-0.041786	0.0607123
CAAGU	-1.18063	0.397224	-0.855424	-0.958955	0.469338	1.81576
GAAGU	0.517819	0.113034	-0.292907	0.73841	-0.210462	-0.330381
UAAGU	1.77609	-1.23309	-0.604189	-0.480452	-0.414793	-0.236814
ACAGU	0.469	-1.16788	0.845203	-0.606103	-0.514379	-0.136974
CCAGU	-1.16529	-0.564676	-0.271446	-0.172666	1.78334	-0.0294069
GCAGU	0.450696	-0.704511	0.245669	0.0157111	-0.119098	0.0592762
UCAGU	0.283293	0.03997	-1.08709	0.219729	0.140809	0.154771
AGAGU	0.596029	0.497862	-0.230968	-0.150571	-1.15079	0.527428
CGAGU	0.167655	0.0200818	0.708705	-0.510243	0.831133	-0.0942532
GGAGU	-3.93204	0.167148	-0.239949	-1.64202	-0.520435	3.47358
UGAGU	0.441159	-0.0906981	0.439321	1.30992	0.69214	0.522968
AUAGU	0.045499	-0.584391	0.0229618	0.151055	0.270769	-0.0454814
CUAGU	-1.19515	0.270443	-1.49675	0.11505	-0.712414	-0.733402
GUAGU	-0.874796	0.776631	-0.877508	-0.00545814	-0.1118	-0.911127
UUAGU	0.145007	1.87453	0.202762	-1.68899	-1.78045	0.672263
AACGU	0.236786	-0.18531	0.246521	-0.0477961	-0.468161	-0.165444
CACGU	-0.669414	-0.579504	1.49713	-1.64445	-0.446674	0.041215
GACGU	1.40672	-0.812274	-0.446058	-0.284787	-0.470982	-0.10468
UACGU	0.61492	-0.978136	-0.220656	0.0242458	0.0637493	-0.0736382
ACCGU	-0.0687443	0.102337	1.11808	2.01008	-1.18983	0.443782
CCCGU	0.673973	-0.610084	-0.238525	2.93009	-1.09046	-0.186326
GCCGU	-2.05287	0.403402	2.94929	-3.19811	1.07375	-0.38614
UCCGU	-1.5135	-0.952975	-0.727724	0.907771	1.92598	-0.439969
AGCGU	1.27814	-1.12803	-0.325422	-0.380013	-0.183907	0.237042
CGCGU	0.248172	-0.381322	0.476307	-0.875273	-0.0116378	0.019237
GGCGU	-4.70277	0.0896487	-2.91191	-1.70999	-0.484982	0.424108
UGCGU	0.726692	-0.811384	-0.0633981	-0.19578	0.0573343	0.0188028
AUCGU	0.547136	-0.296456	-0.513903	-0.252856	-0.155931	0.0155876
CUCGU	0.136546	-0.195977	0.679475	0.17559	-1.18426	-0.0956435
GUCGU	-1.82791	1.17741	-2.58172	0.280051	1.98773	0.485647
UUCGU	-2.83094	-0.786775	1.14673	0.654767	0.199946	0.473879
AAGGU	-0.0319532	-0.892122	2.67311	0.75205	0.174856	-0.435169
CAGGU	-0.556074	0.0137694	-0.803265	-0.0518883	1.47847	0.131022
GAGGU	0.513067	0.0137693	-0.25078	-0.661328	-0.111127	0.162919
UAGGU	-1.31078	-0.974836	0.124613	1.87458	0.299322	0.0649964
ACGGU	0.964142	0.465175	-0.334561	-0.748684	-0.234262	0.245618
CCGGU	-0.159144	-0.391499	1.40149	0.224948	-0.339393	-0.102511
GCGGU	0.798103	-0.572224	-0.16798	-0.409826	0.0825737	-0.135186
UCGGU	0.879429	-0.640615	-0.114675	-0.160183	-0.245348	-0.269562
AGGGU	-0.916879	0.469578	-0.161496	-1.13178	1.31022	-0.80063
CGGGU	0.60574	-0.682335	0.409175	-0.595322	0.0581623	-0.155967
GGGGU	-3.2726	-1.61479	-0.32474	3.31752	-0.135077	-0.136796
UGGGU	2.15538	0.101262	1.76716	-0.619797	0.818445	-0.544531
AUGGU	0.370527	0.0541707	1.25851	-1.12705	-0.306937	-0.404865
CUGGU	1.14577	1.43164	-0.568209	-1.33465	-0.176829	1.10225
GUGGU	1.10413	-0.179322	1.09291	0.590624	0.260698	0.363665
UUGGU	1.27327	-0.481321	2.12799	-0.691584	0.039012	0.449807
AAUGU	1.37774	-1.06271	0.0734741	-0.435235	-0.382668	-0.124851
CAUGU	0.276419	-0.111772	-0.421413	-0.27672	0.286272	0.542479
GAUGU	-0.813813	-0.767629	0.360162	0.63995	2.56325	0.304111
UAUGU	-1.11099	0.507563	-2.29898	-0.0217578	-1.76022	-1.20635
ACUGU	-0.410442	-1.4048	-0.919409	-0.267659	-1.46053	-0.621288
CCUGU	0.0643717	-0.745695	-0.680707	0.761603	-0.0984865	0.533489
GCUGU	2.11996	-0.363426	-1.18663	0.576893	-0.192231	0.309451
UCUGU	0.536682	-0.687647	0.110081	-0.287537	-0.128483	-0.129361
AGUGU	0.592852	-0.871015	-0.139644	0.303214	-0.195965	-0.0447008
CGUGU	-1.69789	-0.00743188	-0.366732	0.727741	0.899118	0.03682
GGUGU	-0.165768	0.240756	1.06658	-0.809106	-0.0572472	-0.353158
UGUGU	-1.28054	0.114557	-0.165678	-1.12641	1.97518	-0.648735
AUUGU	2.09844	-0.223243	-0.0721	2.87687	0.76797	1.15365
CUUGU	-2.90487	-1.43128	0.535525	-0.402687	1.58526	-0.421255
GUUGU	0.368741	-0.132252	0.0186437	-0.443922	-0.291086	0.246582
UUUGU	2.18159	-1.77553	-0.505229	-0.693565	-0.597331	-0.16457
AAAUU	-3.40222	0.37399	-0.447313	-1.99202	0.496781	-0.959657
CAAUU	0.69934	1.23597	-2.26428	0.197216	-0.217125	-1.17664
GAAUU	1.22113	-0.260735	-0.282433	0.478099	2.07377	2.39059
UAAUU	0.48217	-0.471583	-0.898183	0.624536	-0.0484007	-0.146828
ACAUU	0.298301	1.37509	-0.236228	-1.04226	-1.08188	1.29831
CCAUU	0.219704	0.167094	2.1634	-0.283774	-0.30471	0.11989
GCAUU	0.0817173	-0.78032	1.43478	-0.151809	0.606282	-1.21735
UCAUU	-1.10763	-0.0671841	-0.282277	-0.712329	0.812497	0.127494
AGAUU	0.808282	0.280472	-0.0724392	0.21168	-0.436026	0.347063
CGAUU	0.091696	-0.525107	0.255679	-0.0397171	0.0835429	-0.041307
GGAUU	-2.27083	-0.0212783	0.142717	-0.787787	0.588323	2.39357
UGAUU	-2.52019	-0.0620417	0.372195	-0.328828	0.626951	0.542102
AUAUU	1.27008	1.19521	-0.524961	-1.99153	-1.69246	-0.27927
CUAUU	-2.19915	-1.60895	-0.512393	1.18479	1.11689	3.55101
GUAUU	1.84441	-1.14281	-0.813889	-0.356571	-0.493815	-0.107694
UUAUU	2.84477	2.30371	-0.333151	-1.80959	-1.19107	0.633133
AACUU	-0.239273	2.11833	-0.890221	-2.73625	0.0246487	-1.23666
CACUU	0.906805	-0.0526905	-0.559265	0.202075	0.171578	-1.06287
GACUU	1.0979	-0.884921	-0.0362345	-0.254425	-0.245614	-0.100933
UACUU	1.35274	-1.52657	-0.593165	-0.284558	-0.419986	0.151159
ACCUU	-1.46486	-2.25056	0.953054	0.559751	0.0669173	-0.09292
CCCUU	1.48344	-2.52807	2.34795	-1.45738	-1.31766	2.17972
GCCUU	1.23047	-1.22485	-0.442666	-0.255232	-0.183432	-0.0259404
UCCUU	1.36323	1.05321	0.978325	2.01309	-2.94734	0.495662
AGCUU	-3.22288	-0.0222563	0.913594	-1.25313	0.839969	-0.80482
CGCUU	-4.45542	-1.77603	1.49136	-0.63828	0.142541	-0.410585
GGCUU	-3.10063	-0.0946467	-2.28833	0.261511	-0.398482	1.67124
UGCUU	1.36612	0.827702	-0.1291	-0.941831	-1.59355	0.94789
AUCUU	-0.182953	0.998404	-0.221003	-0.145027	2.22737	1.26734
CUCUU	0.0739161	0.196402	0.335037	-0.262862	0.727422	-0.0819645
GUCUU	0.093871	-0.282855	-0.807143	3.65248	-2.34544	-1.43732
UUCUU	0.447998	0.469039	1.79125	-1.39448	0.244125	-0.619745
AAGUU	-1.46188	0.806137	-1.06144	-0.555323	-3.02397	-0.93789
CAGUU	-1.37458	0.170649	0.892538	-0.32497	0.532006	0.425385
GAGUU	0.341411	0.0189773	2.57021	-2.31069	-0.343821	-0.0478903
UAGUU	-0.427286	-0.121639	2.79224	-0.190312	0.646009	-0.21109
ACGUU	0.835813	-0.85527	-0.166936	0.167688	-0.465399	0.00561686
CCGUU	0.267442	0.500637	-0.0838115	-0.65898	-0.331152	-0.483917
GCGUU	1.04157	-1.03189	-0.0562014	-0.401912	-0.141948	0.0419055
UCGUU	-0.990991	-0.0100279	0.751349	-0.070544	0.371754	0.287645
AGGUU	0.516881	-0.354256	-0.501751	-0.125511	0.206166	0.0893523
CGGUU	0.134655	1.21985	-0.59572	-0.0360323	-0.413895	0.399317
GGGUU	-0.696543	-0.068213	0.392868	2.09609	1.03312	0.124802
UGGUU	0.63552	-0.836433	-0.303368	-0.178993	0.141458	-0.0591052
AUGUU	3.84195	2.10134	-0.506986	0.850643	0.967844	1.58321
CUGUU	-3.37364	0.270923	-0.694514	-0.337636	-1.28354	0.433304
GUGUU	-0.392444	-0.501407	0.570654	1.99314	-0.91702	0.468423
UUGUU	1.81804	-1.66301	-0.438978	-0.504837	-0.4202	-0.146765
AAUUU	1.61382	0.752349	0.0274033	-1.49448	0.487063	1.15811
CAUUU	0.0835327	0.215815	-0.611632	0.188222	0.662694	-0.899369
GAUUU	0.674465	-0.17663	-0.333722	-0.0866254	-0.235186	0.0621642
UAUUU	1.19971	1.27575	-0.379972	-0.23091	0.504239	0.177305
ACUUU	-0.407115	-0.903908	-0.83213	0.583316	3.00579	-0.0488213
CCUUU	-0.415433	-0.2349	-0.403638	0.201421	-0.0204977	0.77787
GCUUU	-2.11907	-0.600101	3.40041	-0.453687	-1.35328	-0.513587
UCUUU	1.1633	0.322964	-0.293435	0.318089	-1.23406	-1.06797
AGUUU	0.655802	0.147979	0.372368	-0.742812	-0.529346	0.140569
CGUUU	-3.71888	-0.962445	1.53646	0.174716	1.27866	-0.114043
GGUUU	0.383597	0.184334	0.768948	-0.49176	0.359455	-0.638273
UGUUU	0.161422	-0.163399	0.134842	0.33888	1.95003	0.386315
AUUUU	1.02647	-0.200281	-0.512102	-0.261744	-0.656082	-0.0646778
CUUUU	-0.074114	-0.181493	0.875135	-0.658653	4.45938	1.0378
GUUUU	1.49469	0.829514	-0.65206	-0.257814	-0.251047	-0.62748
UUUUU	4.09321	-1.40435	-1.13696	-0.821168	-2.72203	-0.57443

Relative affinities to the structural contexts 
P	0.36919
H	0.047471
I	1
M	1.58852e-07
E	0.0224531

