Error on the test set seq only: 80039.6
Error on the training set: 0.0181075
Number of parameters: 1031

Base Parameters
-1.28868	-0.557899	-1.14552	-0.205057	-3.77331	-0.936194
0.121762	1.35892	-0.678972	0.580614	-1.14173	-1.37072
-0.349296	0.750565	0.393177	1.65539	-0.251486	-1.57805
-0.361928	-0.170929	-0.27258	-0.502537	-0.605313	-0.477483
1.15747	0.468851	-0.200036	-0.949765	-1.09184	0.051014
-0.450133	-0.710125	-0.701002	-0.354442	-0.276529	-0.349561
-0.00988472	0.788387	-2.71751	1.91018	-1.85921	0.274371
-0.628077	1.24707	0.0809507	0.94713	1.28091	0.89222
-1.13599	-0.366518	1.18406	1.11848	2.82261	2.64113
0.413111	-0.81897	0.371157	2.8247	-0.570731	0.57629
1.12933	0.142759	-3.08425	-0.0716349	-0.100418	-1.06739
-0.422144	-0.997526	-0.38505	-0.479363	-0.384786	-0.00619799
-0.903541	3.25752	0.942311	-2.58232	0.0812003	-0.410648
-0.574651	-0.803135	-0.144251	-0.508804	-0.906239	-0.339897
-0.0108603	1.12244	1.11334	-2.21395	0.893553	-0.950766
0.116711	-0.549987	-0.188736	0.429309	0.784621	-0.960802
-0.240005	0.0278317	2.44301	-1.0577	1.19925	0.900363
-0.872862	-0.243936	0.317295	1.77521	0.314861	0.488641
-0.77652	-1.2313	3.35211	2.08826	-0.76669	-0.545094
-0.431173	0.34519	-2.01426	-1.07711	-0.12823	-0.138738
0.0454764	2.7295	0.103735	-3.84779	-1.93093	-1.65286
0.176659	0.630771	2.25799	-0.987112	-0.14478	-1.69673
-0.878947	0.0422839	-1.01852	0.236341	0.721842	-0.167307
-0.0127754	-0.512863	1.80329	1.39976	-1.41682	1.1465
0.991562	-1.57184	1.13095	1.19786	0.884315	1.42189
-0.356751	-1.00876	-0.262553	0.433835	-1.01029	0.197198
0.163192	-0.164733	-0.956659	-1.5745	2.89286	-1.90181
-0.434212	-1.07721	-0.407266	-0.318579	-0.278189	0.0229427
1.07897	0.882527	-1.65876	-1.93284	-2.14435	-0.554066
-0.501215	-0.12061	2.43519	0.8456	-0.143634	0.530338
1.28764	-0.798402	0.26544	2.46342	-1.15298	-0.356589
-0.492057	-0.4415	-0.745794	0.767274	0.312587	-0.774143
-1.2862	0.351231	0.0947055	-0.127813	1.79715	2.31058
-1.66691	1.91493	0.758748	0.944793	1.03101	0.361535
-0.127225	0.0971178	-1.18197	0.387784	-0.398905	-0.509745
1.11013	-0.569024	-2.41984	-1.53667	2.76917	-1.84077
0.713653	1.62038	-0.0216834	0.399013	0.174162	0.125485
0.743723	0.474514	-0.947176	-0.0661554	-1.61989	-0.97757
0.447297	0.445634	-1.59752	1.41479	0.82328	0.53692
-0.507827	-0.668439	-0.494598	-0.443198	-0.530585	-0.0321354
0.111766	-1.20364	-0.330427	0.673509	0.878887	0.777335
0.0102402	-0.391475	0.602082	-0.0113105	-0.139345	-0.131286
-0.473681	0.606032	-1.39737	-1.62828	-0.172797	-1.10106
-0.573644	-1.46707	-0.706253	-0.438096	-0.218395	0.0449554
-0.168665	-0.446125	-0.52167	-0.241737	0.38077	-0.177476
-0.911828	-1.80561	2.12112	-0.866672	0.221594	0.41191
-0.394962	-0.0886804	0.911157	-0.406166	-0.328347	-0.348522
-0.520809	1.74815	-0.142782	-0.76613	-0.39265	-0.777336
-0.308622	3.48752	0.13689	-0.63225	-1.48135	-0.324134
0.831861	-1.10474	1.12912	-0.156317	-1.57378	3.23548
-0.0605795	-1.03358	-0.593466	-0.395203	1.45957	-0.23069
-0.172168	0.38241	0.210634	0.0436017	0.157167	-0.524448
-1.00573	0.763179	-0.25066	-0.224475	-0.830344	-0.655173
-0.621778	-0.981062	-0.53559	-0.640912	-0.646516	-0.405048
-0.01173	0.894696	-1.7672	2.41815	2.15176	0.643923
-0.0505024	2.86943	-0.112391	-0.908612	0.369228	0.241384
0.971232	-0.380159	-1.8195	-4.19625	1.88417	3.25357
1.21659	1.12718	-1.4022	-0.917433	0.548918	0.653857
-0.192473	-1.30926	-0.312584	-0.56585	0.554476	0.342119
0.436496	-0.809424	-0.680498	-0.696142	1.26518	0.635679
-0.394057	-0.163914	-1.62758	2.82096	-0.555553	0.647307
-0.364438	-0.711217	-0.466796	0.0807596	-0.213876	-0.293528
-0.293133	-0.571298	-0.507543	-0.428774	0.0153217	-0.0989238
-0.102587	0.112197	0.318931	-0.39824	0.399468	-1.20398
0.125191	-0.160069	0.253232	0.309344	1.24349	-3.26411
-0.074746	-0.0903483	-0.649917	-0.732971	1.7774	0.796649
0.813399	-1.88741	-0.175216	1.32944	-1.11673	0.646371
-0.329533	-0.465481	1.31962	-1.09771	-1.47422	-0.506394
0.476568	-0.325502	-0.0659885	-2.60153	1.98273	1.28768
-0.40243	0.316267	-0.0304787	-1.00421	-0.668933	-0.593339
-0.126752	-0.605324	1.17936	-0.278516	0.41887	0.40792
0.105379	0.128325	-0.794893	0.608791	1.57594	0.802782
-0.208912	1.67653	-0.324121	1.41922	-0.090188	-1.42424
0.809907	0.263454	1.62701	-1.47124	-0.818338	-0.0586553
-0.150882	1.54278	-1.51911	0.478664	-0.0804657	-1.17516
1.76538	0.25743	-1.65055	-0.981056	-2.7745	-0.109128
-0.208697	1.13021	0.958518	2.67435	-2.45396	-1.72517
0.278427	-1.40562	4.03925	2.99951	2.5293	3.25023
0.0606454	-0.45192	1.50517	-0.110277	-1.72814	-0.355315
2.14167	0.0119945	-2.36513	-1.40086	-0.117552	-2.07227
0.0520584	1.26372	-1.53055	-1.54579	0.93946	-0.877831
-0.698848	0.0168532	-0.824657	-0.72923	2.68729	1.52888
0.0976388	-0.079674	-0.0571111	2.05128	-1.40363	0.599841
1.00086	-0.664822	1.03896	-1.19095	-2.17184	-0.030731
-0.214295	-0.347689	-0.579193	-0.515804	0.429897	-0.173315
-0.679309	0.962794	-1.69351	1.98829	-0.0928277	-0.150456
0.15687	-0.103134	3.47846	-2.08841	3.75693	1.05549
0.345083	-0.651407	0.180796	1.11235	0.739404	-0.127489
-1.31123	0.265621	2.49642	0.950616	1.15759	1.23103
-0.968037	1.02444	1.13934	0.397511	0.673674	0.0798875
-0.0508526	0.134775	-1.06893	0.423627	1.782	0.537989
1.49009	-0.198141	0.619347	-0.0807517	0.0904348	1.98306
0.23547	-0.906153	-0.62588	1.80242	-0.700363	0.146464
-0.554691	1.69491	-0.0484126	1.37294	1.27155	0.138402
-0.34595	-0.911678	-0.480557	0.172762	-0.317169	-0.288351
-0.54731	-0.955193	-0.610782	-0.127024	-0.454525	-0.247438
-0.21085	0.0486615	0.496978	0.928358	-2.88137	0.844245
-0.0418735	0.884069	0.277485	-0.750402	-0.391557	1.12167
-0.348424	0.584033	0.0972726	-0.829934	1.59669	0.879561
0.628718	-1.5903	1.31958	1.31848	-0.0189987	-0.665886
-0.345024	-0.594455	-0.49534	-0.231309	-0.250241	-0.0169378
-0.426674	-0.748188	-0.336791	-0.0763691	-0.436621	-0.0858498
-0.370687	0.240832	-0.960029	0.918286	-0.180978	0.535353
-0.566622	-1.13972	-0.446344	-0.220286	-0.375659	-0.138554
0.91056	-0.224128	1.01796	-0.0877101	-0.359177	-0.347461
0.416376	0.171307	-1.51426	-0.446218	1.30089	1.32031
-0.150387	0.700631	-2.01702	-1.87052	1.7227	1.32013
-0.0600898	2.95824	-0.371725	0.50605	0.688229	-0.166156
-0.00721972	0.0184821	-1.4992	0.341182	-1.99772	1.21992
0.456243	0.0909348	-1.33089	-0.556912	2.01761	-0.509431
0.133213	0.75729	0.0195623	-0.717519	-3.23747	-0.442119
-0.392954	0.253004	-0.760212	-0.643078	-0.572817	0.10836
-0.575292	1.27115	-1.12621	-0.0576654	-1.70167	-0.852824
-2.78189	-0.239268	0.812974	-0.379544	-0.211107	-0.061842
-0.651749	-1.10497	-0.362394	-0.425402	-0.287135	-0.0205818
-0.107239	-0.73647	1.19416	2.8248	-0.283454	-0.626553
0.192913	-0.511223	0.0902292	0.640738	1.71697	1.85836
-0.175401	1.25177	-1.27833	0.733405	-1.23594	-0.581861
-0.33731	-0.969834	-0.480414	-0.393963	-0.165521	0.0605802
-0.201477	-0.348309	0.0471008	-0.29277	-0.158333	-0.112994
0.46384	-1.10736	5.44002	-1.15061	2.43112	1.30147
-0.413209	-0.831549	-1.47259	0.538359	-0.9411	0.17348
1.58059	-0.217621	-2.38526	0.191532	0.096224	1.70893
-0.300779	-0.525037	0.00937907	-0.602363	-0.275873	-0.124945
0.517739	0.626358	-1.65854	-2.48102	1.61323	0.77945
-0.971336	-0.941411	-0.498716	0.5322	0.183855	0.0363854
-0.653657	-0.216536	0.0801881	0.137818	-0.328683	0.124544
-0.466878	-0.759814	-0.390105	-0.702894	-0.861437	0.465983
-1.15836	-0.262364	-0.275872	-0.74876	0.351593	-1.50607
-0.287794	-1.22424	1.9296	0.18546	-0.0667676	0.0898066
-0.14831	-0.783611	2.22814	-0.0751994	1.50711	0.521104
0.822014	-1.35224	-0.224022	-1.50483	1.02984	0.672075
1.21997	0.308441	-1.81427	1.05297	-4.35724	1.68489
-0.72088	-1.10273	-0.650958	-0.304629	-0.738856	-0.113544
-0.716854	-0.282505	0.881837	0.450432	-0.0687268	0.070675
-0.46633	-2.07422	1.83219	0.296122	-0.710267	-0.0543295
1.27645	0.073963	0.385935	-3.65873	0.0497638	0.843959
-0.309551	-0.646415	-0.584978	-0.152689	-0.0714464	-0.0360854
-0.578388	-0.948829	-0.404284	0.0507763	-0.185226	-0.247503
-0.382886	-0.733812	-0.728091	0.00590367	-0.652118	0.110213
1.67426	-2.91281	0.0268718	2.27199	-0.87869	-0.41786
-0.292904	-1.1614	-0.0530655	-0.35542	-0.0460036	-0.0343714
-0.0514398	0.50893	-2.2749	-0.631972	-0.528796	-0.938489
-0.0813572	-0.378579	-0.14451	0.400892	0.00890927	-0.172061
1.43163	-1.34076	-0.152344	1.17987	0.921493	-1.21265
-0.350869	-0.792568	-0.543577	-0.19466	-0.0640135	0.0312138
-0.347673	0.693956	-0.231185	0.165323	-1.63141	-0.0489195
0.765594	2.29905	-1.34516	-0.213954	-0.377262	-0.739179
-0.39736	-0.488523	-1.01683	-0.754529	-0.81958	-0.113962
0.174899	0.325842	-1.50481	1.46649	0.456235	0.0494572
-0.191244	-0.412332	-0.516166	0.357	-0.361606	0.051514
0.837926	-0.53159	1.01935	0.169723	1.34277	-0.312635
-0.241596	-0.539935	-0.0390969	-0.681485	0.14325	0.067674
-0.332924	-0.832367	-0.543291	-0.128766	0.159296	0.00242871
-1.49689	0.49771	-1.60095	0.2004	0.362339	-0.259664
-0.32602	-0.609843	0.207677	-0.339336	-0.334518	-0.285303
0.500019	0.763198	-1.24994	-0.888441	-0.676798	-0.806192
-0.44069	-0.466776	-0.441711	-0.374355	-0.506668	-0.0630978
-0.25317	-0.681097	-0.272825	0.0222066	-0.139395	0.116517
1.1286	-0.322607	0.290556	-1.86858	-0.137821	1.43897
0.85824	0.0719849	-2.60686	0.212026	-0.414367	1.23928
-0.107468	-0.0927765	0.356837	-0.0111969	1.0053	-0.465309
-1.17533	1.64722	0.340605	0.219398	-1.61649	-0.143863
-0.0898616	0.152895	-0.497203	-0.64174	0.218185	0.106519
0.496169	0.882176	-0.805392	-1.84021	-0.365218	-0.414901
0.0346272	0.404906	1.0963	-0.103124	-0.637951	-0.0879439
-0.135878	-0.767418	-0.0260047	0.217557	0.128167	-0.00735929
-0.289645	-0.88416	-0.399791	-0.0849633	-0.0987324	-0.00476638
-0.334803	0.915808	1.07034	-0.136129	-0.403783	-0.649165
-1.1678	1.32494	-0.148323	0.134149	0.0161962	-0.141894
-1.05821	2.99943	0.260666	0.261788	0.104147	0.00314098
-0.179005	-0.265495	0.883598	-0.379765	1.70962	0.263646
-0.232341	1.92596	1.1036	1.23046	1.24267	0.167672
-0.783036	0.925368	0.422469	1.14284	-1.02322	0.0828211
-1.11857	-0.0142052	-0.343683	-0.654671	0.615443	-0.0479651
0.0446714	-0.755934	2.57209	4.35891	-1.29213	0.493332
-0.715852	2.68679	-0.828318	-0.436269	-0.547829	1.64712
-0.132507	0.0515739	-0.467883	-0.351567	0.116785	-0.144073
-1.03927	1.35127	0.167684	0.115954	0.884751	0.660103
0.340846	-1.16621	-0.0141271	-0.773643	1.08136	-0.0880966
0.175943	-0.440908	0.225453	0.64865	1.28202	1.39698
0.158157	0.0652751	-0.771312	0.0863809	1.56135	-1.21244
-2.31359	0.0567546	-0.0438714	0.553223	-0.353058	-0.0778414
-0.366475	-1.50836	-0.14726	-0.229599	-0.0560768	-0.0160884
-0.372364	-1.01382	-0.509564	-0.467026	-0.0798154	-0.0862024
1.64455	0.720208	-1.97278	-0.993296	-3.33562	-0.361231
0.161504	-0.854696	-0.399872	1.08193	0.379497	-0.10846
-0.0629374	-0.224089	1.43638	0.209864	0.526133	0.244531
-0.351935	-1.31149	-0.0273633	-0.339721	-0.180824	0.0681985
-0.299143	1.7592	-2.81073	-1.23478	-0.312545	-1.16859
-0.176224	-0.226796	1.66252	0.191718	-0.931961	-0.295837
2.05217	-2.08599	-0.169566	-2.5101	0.998169	2.25501
-0.265003	-1.32569	-0.251512	3.43715	1.57514	3.69254
-0.14596	-0.079751	-0.236433	0.322236	-0.777609	0.153683
-0.0623486	-0.566927	-0.214257	1.0234	-0.937069	0.0983839
-1.74492	0.726874	-0.823262	-2.06	-0.763034	0.475774
1.26926	-1.99576	-0.900703	0.858643	0.455682	1.21993
0.903541	-2.09508	-0.504666	-0.905082	-0.840876	-0.00563127
0.606469	0.211673	-0.296229	-0.30208	1.30212	-0.398684
-0.146909	0.561341	2.63103	0.333263	-1.28798	0.929954
-1.46634	1.74093	-2.27764	0.989648	-0.0463855	-0.131828
-0.28192	-1.34829	-0.00851347	-0.101241	0.0783005	0.0089522
1.17104	-2.3258	-1.50245	3.31029	-0.586401	-0.869125
0.174784	0.16166	-0.164845	-0.567791	0.811434	0.280331
0.210554	0.240295	-1.60121	3.13208	-0.61478	-1.27314
-0.524092	-1.19896	-0.535886	-0.149413	-0.348919	-0.202116
0.0323913	-0.867154	1.07384	-0.192155	-0.146975	0.270281
0.00686474	0.150057	-0.448004	-0.253575	0.5387	0.147755
0.949832	0.175385	-0.878518	0.0843864	-0.337413	2.82049
0.146162	-1.29614	-0.464447	0.179328	-0.612326	-0.918729
2.95974	-3.40349	-0.340996	0.459971	0.0871705	0.732616
0.493586	-0.0344463	1.9409	0.148187	-2.41251	0.00941054
-0.108628	-0.528879	1.02699	-0.81907	-0.603354	0.119077
-0.590427	0.228924	-1.00646	-0.12808	-0.185569	0.829752
0.397386	1.84553	-1.3149	1.98554	-0.197339	0.216104
-0.488788	0.250834	-1.41363	0.424783	-0.299988	-0.927495
0.191121	0.195296	0.773034	-2.14439	1.44829	0.206778
-0.226206	1.04839	-2.01985	-0.349871	0.882462	0.0220499
-0.348697	-1.12451	-0.213741	-0.167095	-0.00117246	-0.112965
0.401283	0.0362896	0.803985	-0.433417	-0.600289	0.29577
0.271485	-0.101382	0.509066	-0.505612	1.98146	0.243083
1.19259	-0.053591	0.266188	0.388833	0.467766	-1.66333
-0.362546	-0.876543	-0.683514	-0.427917	-0.0718502	-0.013349
0.241276	-0.400634	0.771536	0.0506051	-0.136568	0.148148
0.0911239	0.557115	-1.29867	-0.0253884	0.155625	1.99025
-0.0515554	-1.37817	0.370864	-0.0118433	0.636679	-0.0284254
-0.22703	-0.519817	-0.0907449	-0.197033	-0.111828	-0.023496
-0.776604	-0.417498	-0.755835	-1.61155	-0.163033	0.533903
-0.329962	-0.594544	-0.471066	-0.279146	-0.367911	-0.0447208
0.63054	0.185009	0.0100662	0.0337889	-0.238684	1.8041
0.0165276	-0.37184	-0.0186022	0.998963	0.928513	0.243538
-0.444751	-0.936199	-0.248703	-0.410713	-0.526934	-0.102598
-3.27229	1.52223	-0.0147602	-0.446051	-0.413507	-0.00764305
-0.0401443	0.154553	0.0770441	-0.380126	-0.0553651	-0.0954115
0.356761	0.0443564	1.64191	1.27823	0.129487	-2.70903
0.175067	0.119626	0.320479	-0.935148	0.887809	0.248241
-0.877159	-1.07436	-0.840818	0.0272583	-0.953217	0.0635379
0.104282	-0.126672	0.490398	-0.251668	0.503344	-0.0633394
0.451939	0.184053	2.7216	1.82757	-2.77442	-0.322191
0.140785	1.97463	-0.945508	0.499823	1.1538	-0.787701
-0.0753167	-1.04258	-0.544967	0.17796	1.75782	1.89228
-0.369136	0.872603	-1.01343	0.659264	0.806633	-0.940507
-0.864589	-0.31276	-0.670462	2.72607	1.05252	0.217034
0.129865	0.370429	4.98526	-3.16384	-0.34834	1.79503
0.622941	-1.42587	1.52118	1.04691	-0.0908681	0.25805
1.91884	0.149829	-5.51011	-0.808918	0.341775	-0.877075
-0.491776	0.319165	2.03738	-0.198114	-1.18175	-0.274006
-0.0931703	1.10782	-0.024679	-1.42067	-0.979289	0.866143
-1.73401	0.44305	0.416714	-0.0256557	1.35154	-1.30648
-0.0619307	0.209318	-0.0588681	0.164909	-0.421246	0.0387966
-0.437351	-1.12061	-0.535632	-0.414598	-0.117283	0.0128622
1.10668	-0.96458	0.539769	2.03007	0.828514	-2.0632
-0.768521	3.08926	-0.329791	1.53431	0.990919	-0.728002
-0.210058	0.125869	-0.177724	-0.545787	-0.0853841	-0.085524
0.0619053	0.243577	-0.830371	0.00584558	-0.0487014	0.742458
-0.198215	4.44885	1.00141	2.03118	-0.264448	-0.2149
-0.994518	0.380447	2.64687	0.612288	-0.330163	-1.34862
1.48914	0.625746	-0.0315283	-0.313183	-0.976066	-1.53268
-0.469268	-0.851696	-0.654551	-0.134922	-0.467075	0.0702864
-0.534674	3.42358	1.99605	-1.14998	0.544212	-1.64754
1.46082	-0.789967	-1.9378	1.59579	0.486226	-3.07818
0.725037	0.0290295	0.63812	-2.49616	0.731886	0.297657
-0.0405352	-0.38135	0.265698	0.462124	-0.280037	-0.0499694
0.212928	-0.020207	0.50041	0.63514	0.938933	0.470675
1.24389	-0.132966	-1.55333	-2.44986	1.71852	1.59099
0.180635	0.464836	0.360747	0.0864005	-0.542687	0.0626221
0.897391	-0.294813	-0.0906205	1.42924	-1.13415	1.08075
-0.221972	0.49227	0.108385	0.0285215	0.159156	-0.962082
-0.785195	-0.0544183	-1.66	0.265887	2.12982	0.525523
1.46987	-0.766142	0.489535	0.690381	-1.80708	0.441396
1.3256	0.557971	-1.92251	-1.36325	-1.67422	-1.41494
0.471744	-1.2822	1.89854	0.254569	1.58297	0.0148609
1.19995	0.887142	-1.12565	-1.95924	-0.269936	-2.07417
-0.167155	1.40795	-0.884542	-2.14545	-0.6617	-0.202873
1.17822	-2.55813	0.71196	1.47226	0.304036	-0.841291
0.0753534	0.122134	-0.920677	2.66235	0.642171	-0.905569
-0.847158	-0.892364	-0.0067053	1.04048	3.81858	-0.355575
-0.0527409	-0.52245	0.982727	0.432834	2.31851	0.317216
-0.195326	-0.271471	0.101761	-0.316802	-0.154439	0.0670175
-0.0774469	0.962811	-1.51941	1.96093	-2.123	-0.569202
-0.393001	-1.38336	-0.407573	-0.299117	-0.00624223	-0.0159528
1.22373	-0.0236123	0.896253	0.570257	-1.31292	1.41195
-1.1106	0.92968	0.342657	1.05103	0.347923	-0.158351
-0.327371	1.40866	-1.59921	0.375134	0.793478	-0.0788727
-0.559693	0.987324	0.0229291	-0.487839	-1.59499	-0.585872
0.393806	0.197743	-1.11303	-0.151848	-0.434748	1.9677
-0.523754	-1.4376	0.425497	-0.622197	-0.47084	-0.365429
-0.640235	-1.27403	-0.624726	-0.468862	-0.451438	-0.201679
-0.430069	-0.242156	-0.228418	1.09384	2.07129	0.582534
0.349114	0.459212	-3.08491	1.27272	0.573867	-0.216882
-0.484878	0.368191	0.245453	0.134943	-0.62977	-0.301863
1.39213	-1.51681	1.38934	-0.203238	0.156504	-0.198924
1.21796	0.00588896	-1.28038	-1.33872	1.56278	0.351955
-0.279325	-1.07753	-0.0107592	0.189719	0.231712	0.108134
-0.329974	-0.668299	-0.149878	-0.307355	-0.0330862	-0.0223136
-0.145657	0.174199	-0.0693205	1.19052	-0.507177	-0.0520079
-0.551585	1.57268	-0.130545	1.01782	-1.09792	-0.517242
0.0924391	0.466831	0.394692	-0.344045	-0.733972	-0.0188782
-0.51008	1.79933	-0.446646	0.254477	0.654222	-0.245271
-2.42878	0.589352	-0.401344	-0.235034	0.424037	-0.126772
0.325236	-0.441245	0.572607	0.851314	4.50477	1.58201
1.16459	0.437337	-1.01734	-0.235232	-0.258687	-2.39298
-0.705921	2.0153	-1.26181	0.70267	-0.669911	0.35678
-0.393638	-0.783773	-0.855937	-0.161492	0.242438	-0.173418
0.213929	0.251816	-0.0472593	-0.254644	1.00872	0.889746
0.469941	-0.328186	-0.953739	1.30938	-1.38283	0.81736
-0.067362	2.75863	-1.51565	0.896782	0.958227	0.191061
0.265789	0.74199	-1.01632	2.88187	-1.81182	-2.54188
-0.30066	-0.762967	-0.094972	0.231141	-0.692098	0.0725271
-0.421864	-1.12194	-1.66579	0.617312	-0.102224	-0.13338
0.827694	-0.235827	-1.60174	0.915201	1.93442	0.926804
0.844662	-0.6932	2.1447	-0.809675	-2.62033	-0.112494
0.523133	0.478772	-0.054139	-0.646192	-0.716482	0.568972
0.299413	-0.0551913	0.215376	0.0525934	-0.288549	0.315812
0.221839	1.02518	1.36986	1.05348	0.833206	0.714084
-0.0622878	1.78689	-2.35926	0.0309118	-1.43193	-1.57951
-0.0811866	-0.18001	1.35246	-0.487171	0.0562239	0.124273
0.627327	-2.11142	-0.0680935	2.61649	3.29551	2.89174
-0.979865	0.25857	-1.59528	0.30775	-0.33785	1.83641
0.534115	-0.852679	0.421881	3.38054	0.686062	-2.19441
0.971935	-0.784772	-0.455003	0.887103	0.90208	0.16379
0.656403	0.720128	1.46276	-2.06637	-1.38273	-1.3243
-0.131471	0.384492	-0.321476	-0.4269	0.111846	0.428339
0.394492	-0.213393	-1.15365	1.74836	-0.716044	-0.583823
0.977774	0.494775	0.427632	-2.00177	-0.47344	-1.60114
-2.92146	-0.356326	-1.10792	1.63176	3.23554	0.63287
-0.791503	1.79347	-2.12122	-0.833915	0.254024	1.188
1.47043	0.0802571	-0.482624	-0.478657	-2.13477	1.93836
-0.80208	-0.169141	2.38683	0.00829014	0.105027	1.02557
0.622494	0.987458	-1.27769	-1.1853	-1.42366	-0.134931
-0.724822	0.494625	0.999146	0.289792	-0.391639	-0.325419
0.294188	-0.190458	-1.03053	0.5247	0.83792	0.27824
1.07915	-1.47871	-0.118857	1.18363	0.625285	0.719943
0.427477	0.576585	-0.861357	1.08871	0.546759	-2.02977
-0.244861	0.502876	-0.139041	-1.05453	-0.756022	-0.519071
0.507163	-1.05522	-0.960722	1.63878	0.199785	0.847917
0.411583	0.0859018	0.148845	-1.9927	0.202469	1.44034
1.71538	-1.52441	0.709781	1.37194	-1.64602	0.407066
-0.122902	-0.0535224	-0.0230601	0.925092	0.0107003	-0.280573
-0.444817	-0.710639	-0.588824	0.113688	-0.760798	-0.106804
-0.628306	-1.19059	-0.354019	-0.303597	-0.569216	-0.104816
-0.358525	-0.0335335	0.088043	1.15319	0.979946	0.474843
-0.920899	0.863264	-1.54731	-0.342744	0.0408238	-0.115161
0.0722572	2.4325	-1.26395	1.81384	-0.263734	-0.269097
-1.06725	1.33736	-2.28019	-0.102823	-0.336547	0.119002
0.456429	0.14582	0.630488	-0.235473	-0.87895	0.351491
-0.176302	2.17219	-1.3567	0.592843	0.456095	0.0900202
0.177716	-0.351637	-1.10645	2.17218	-0.795696	0.589397
-0.435808	-0.517964	0.468604	0.831908	-0.465683	-0.233169
0.596418	-1.95844	0.529152	2.82419	-1.64639	-0.675985
-0.328568	-1.0844	-0.280586	-0.289347	0.0672165	-0.0550827
0.129588	-0.41747	0.0949137	-0.212771	1.23384	0.66702
-0.466306	0.413974	1.4429	-0.359816	0.971148	0.673905
-0.0118305	0.192797	-1.25929	0.201832	0.363649	0.697622
-0.0981009	1.19571	-1.49297	-0.0488229	-0.0460533	-0.259392
1.07572	-0.891415	1.12123	2.9717	1.39125	-0.00887233
-0.0821301	-0.264146	-0.529434	1.91169	1.52442	0.492438
-0.645442	-0.634	-0.0859365	0.533525	0.170331	-0.00925078
-0.121671	-0.622447	0.365167	-0.10831	-0.0572535	-0.0336564
-0.0402968	-0.0977228	2.37789	0.635873	2.52316	0.369297
-1.06258	-1.06685	-0.213852	-0.446237	0.0335248	0.0303888
-0.114692	-0.10102	-0.0883147	-0.535989	-0.824844	0.0493137
-0.527668	1.3616	-1.17678	-1.21721	-1.11378	-0.146641
0.378907	-1.06776	0.0685856	2.56405	0.582782	-0.442852
-0.412871	-0.775589	0.0129098	-0.409851	-0.308581	0.049528
-0.940424	-0.981823	0.00660123	-0.226353	-0.130799	-0.103599
-0.739724	1.90792	-2.20711	0.360787	0.121218	0.166818
0.210793	0.784848	-2.65134	-0.289964	-1.05271	-1.27581
0.518063	-0.400632	-0.522753	2.30272	-1.50366	-0.348454
-0.00121893	0.971441	-2.32932	-1.29981	0.657706	1.61162
-1.06615	0.677774	2.73883	0.312303	-0.968107	1.05231
0.235642	0.151354	-2.38888	-1.30286	1.61276	-0.44473
1.8043	-1.71136	0.418728	1.56536	-3.50827	-1.14663
0.890872	0.0702547	-0.00756768	0.167739	-1.15019	-1.4474
-0.65475	0.449313	0.862262	-0.723689	-0.575617	-0.232627
0.396871	0.0994658	-0.0710257	0.582477	1.33595	0.0268999
0.571826	-0.841587	1.11026	-0.465575	-0.370633	0.0942058
0.095217	-0.00300927	1.74506	0.761652	1.62691	1.20961
0.611853	0.791029	-0.769899	-0.129942	-2.00147	-1.37715
1.10304	0.657905	-0.792952	-1.2187	-2.49782	0.220042
-0.504706	-0.843904	-0.976031	-0.229302	-0.138338	-0.261393
-0.215515	1.96724	-2.81136	2.81138	-2.02788	-0.61507
-0.170386	-1.1647	-0.536132	0.919222	-0.170956	-0.291396
-0.186817	1.57376	1.08891	1.76694	-2.29754	1.62725
0.187123	0.649034	1.52589	-0.336239	-3.54444	-0.884465
0.566143	-1.41006	1.69466	0.467945	0.366572	1.93705
-0.242979	0.167536	0.0297625	-0.318217	0.665648	-0.0577382
0.757794	-0.439334	0.577328	0.95494	-0.338455	2.86227
-0.583635	-1.30958	-0.552945	-0.195183	-0.385901	-0.261075
-0.393286	-0.107929	1.46915	-1.23767	0.379323	0.12466
-1.80764	1.95483	0.213864	0.195847	0.191495	0.0676471
1.59607	-0.732529	0.545348	-0.285807	-0.466958	2.11625
0.274113	0.682792	1.48223	-0.857544	0.131353	-0.0638228
1.77027	0.071683	0.519917	0.0605086	-2.63667	-0.522502
-1.8263	0.193436	0.262792	0.800795	-0.0754749	-0.0714894
-1.24809	2.07034	0.100423	0.204305	0.286995	0.179394
0.0623001	2.40355	0.643142	0.436514	0.24777	0.18264
1.32131	-0.440157	-0.0545372	1.64723	-0.661832	-0.569172
-0.329997	-1.05665	-0.517742	-0.101773	-0.156492	0.0589655
0.3872	-0.352833	2.77025	0.326088	-0.96986	-0.857945
0.557398	3.42069	-2.8217	0.383456	0.555173	1.00177
-0.48203	-1.08785	-0.130024	-0.537006	-0.365033	-0.0435693
0.107222	-0.190966	-0.189963	0.278189	0.154504	0.803512
-0.288385	-0.775635	0.00554156	-0.267648	-0.120561	-0.0591589
0.773505	-0.98871	0.31264	2.43936	-1.3592	-0.172747
-0.154802	-0.466977	-0.212844	0.0909119	-0.170231	0.0964931
-0.895365	1.10611	0.750617	0.379584	0.397098	0.0349872
-0.468312	-0.688377	-1.09602	0.353933	-0.227587	0.277691
0.897427	-0.292002	0.184968	1.47559	0.269451	0.0747482
0.0733365	-0.431911	1.77618	0.40992	0.353809	0.116896
0.195775	0.0698368	-0.962426	1.59502	0.0434763	0.595101
-0.372828	-1.01962	-0.0987435	-0.544618	0.0483437	-0.0256137
0.176071	0.551878	-0.826219	-1.20254	1.40896	-0.190116
0.940207	0.0639805	-1.73837	0.523849	-2.12831	1.03144
-0.299609	-1.28248	0.490217	-0.315295	-0.36336	0.101485
-0.0689343	-0.210613	0.143432	-0.223002	0.0911357	-0.120119
-0.0863445	1.90441	-2.24992	-0.471344	-0.20512	-0.297022
-0.466094	-1.41929	-0.580007	-0.165271	-0.132689	-0.0234667
-0.056384	-0.0537145	0.319151	-0.0636466	-0.0810052	-0.0599561
1.19974	-0.795036	0.844582	1.42603	-0.351326	-0.571503
0.210394	0.193751	2.70852	0.189434	-0.597508	0.62275
0.882101	-0.469496	-1.03745	2.69323	0.321805	0.487768
-1.39927	0.604878	-0.384947	-0.470178	-0.656618	0.213069
-0.821958	-0.904626	0.0765695	-1.23121	-0.706699	-0.0975985
-0.547436	-0.00157915	0.576008	-0.0103737	0.238727	-0.44651
0.641116	0.0641901	-3.05339	-0.423638	1.09951	-0.0904433
-1.59257	1.80472	0.0975172	-0.740002	-0.105264	0.0754907
-0.649174	0.974381	-1.09082	-0.154325	0.332377	-0.0616547
-0.0306895	-0.90672	1.00954	1.99347	0.215485	0.23688
0.898021	-0.666164	-0.903054	0.697567	4.01355	-1.39273
-2.42774	1.67982	0.768493	0.597071	-0.0841701	0.0156432
-0.449244	-1.25695	-0.348474	-0.365544	-0.0929373	-0.0775295
-0.130967	-1.07917	2.49428	-0.0603567	-0.489833	-0.100277
-0.344778	0.797313	-1.21857	-0.588219	-1.23018	0.230102
1.88044	-3.26273	1.25867	-1.09984	0.145577	0.207079
0.475904	0.302534	-0.454771	-0.56522	-0.370449	1.88931
0.401987	-0.181244	-0.0366298	1.42584	0.818336	1.06771
0.311935	1.1398	-0.761489	-2.28991	-0.35811	-1.47127
1.11399	0.366887	0.194393	-1.76311	-1.30861	-2.86513
0.110151	-0.444332	0.686138	1.66464	-0.0727149	1.19077
1.21598	-2.21513	2.79539	2.3351	-0.214513	0.566476
-0.0423424	-1.45937	1.18642	-0.69219	-0.435922	0.112076
0.734796	-0.179818	-1.34941	0.0278148	3.41324	0.104616
0.923631	-0.183328	0.359973	0.363672	1.98819	-0.564707
-0.0565763	0.305085	0.422101	0.705088	0.362603	0.556172
0.547719	-0.265416	-0.222657	3.216	-3.59826	-0.443296
-0.600174	-0.878388	1.06443	0.0421001	0.185674	0.0719777
-0.598397	1.0262	-1.4541	-2.09465	0.460641	-0.0854693
0.0264134	-0.895211	4.18416	0.128012	-1.59083	1.81371
-0.533114	-1.11883	-0.54438	0.203877	-0.555872	-0.320387
1.12483	0.0601993	-0.351248	-1.00501	0.894668	2.04178
-0.285014	-0.98195	-0.504217	-0.352413	0.415969	-0.221017
-0.850582	-0.419744	1.45639	2.35783	-0.49205	1.95505
0.560771	0.329194	0.460966	0.511234	-0.235898	-0.00277172
-0.392112	-1.15047	-0.201363	-0.143627	0.108216	-0.0623229
-0.162265	2.03825	-0.0638834	0.870326	1.10121	0.338991
0.878374	-0.0460249	0.460033	-0.877945	0.0796397	2.86703
-0.249863	0.22384	-1.49318	0.227913	0.299008	-0.0142925
0.177204	0.320259	-1.62865	0.0559759	0.181891	1.37364
-0.296972	-0.519509	0.146542	-0.474754	-0.33501	0.00804644
-0.878351	0.61599	-1.55414	-1.51082	-0.618861	0.556047
-0.0618151	-1.88707	-0.416718	-0.563785	2.63582	0.884389
2.09072	-1.25479	-1.78209	-1.8605	2.18913	1.89569
0.309304	-0.709259	0.506727	0.619671	-0.0400183	-0.0312282
-1.40127	0.851549	0.068693	-2.36686	2.35783	0.285196
-0.407083	-0.665572	-1.09881	0.0960697	0.0886571	0.0288314
-0.25127	-0.202187	-0.129831	1.14901	1.2522	-2.141
-0.120791	0.194776	-0.747309	-0.325868	0.227725	0.262026
0.809267	-0.452249	0.0949835	0.499514	0.846093	-0.619411
0.431229	-0.528666	-0.188388	2.40286	0.42672	-0.288484
-0.12755	0.227709	0.94582	0.130853	-0.875745	-0.629109
0.583878	-0.502388	0.617222	-2.65707	0.367873	-0.749717
0.162256	1.70198	-2.61787	-2.99635	-1.03735	-0.795587
0.0124693	-0.539719	0.322717	0.41781	-0.394105	-0.0143343
-0.363743	0.469261	2.17	-0.36694	0.0812929	0.592569
1.81435	-0.517733	0.0620352	0.504211	-0.452597	1.51394
-0.168316	-0.257677	0.0620345	0.215089	0.801313	0.22324
-1.38169	1.47541	-0.499664	-0.788894	-1.25228	-2.26839
-0.488925	-1.48685	-0.335426	-0.208591	-0.280296	0.00418946
-0.0813813	-0.066054	-0.877488	0.980495	0.807327	-2.40605
-0.137931	-0.0998748	0.0550849	0.111371	-0.677889	0.177397
0.803032	0.408292	-0.0752263	-0.20025	0.495348	-1.50701
-0.0611746	-1.63026	0.362296	-0.0017791	0.199448	0.707443
0.896743	-1.17828	0.348005	1.3408	3.75348	1.36717
-0.116055	0.0467391	1.22393	-0.509023	0.768212	0.36015
0.489451	1.05424	-1.05654	-4.33292	0.475795	1.52549
-0.0757532	-0.751283	0.12526	0.286239	-0.0500837	0.181714
-0.230199	1.27257	-0.247432	0.897764	0.791827	0.510866
-0.960962	0.686369	-1.25457	-1.03282	0.00190964	-0.374482
1.06906	0.380355	-2.08417	-0.62534	1.83247	-0.748539
-0.0733871	0.567942	-0.14537	1.2714	-0.120489	-0.218264
-0.334454	-1.16151	-0.361217	-0.180205	0.0124199	0.00120426
-0.195183	-0.540124	-0.106384	-0.177145	-0.0945253	-0.144106
0.467089	0.152594	0.8542	0.366478	-1.00853	1.86204
0.548307	-0.572509	0.427676	0.61457	0.77444	-0.269611
-0.468001	-0.479538	-0.684828	-0.763556	-0.217619	-0.0797225
0.726005	0.064728	0.0810995	0.872308	-1.61545	-2.07558
-0.904866	0.168739	2.21014	0.508357	-1.87163	1.83508
0.287822	0.279837	-0.0102686	0.18992	-0.76471	-2.44667
-0.32412	1.06745	-0.507302	-0.687293	0.681035	-1.64978
0.00100431	0.232009	-1.19997	0.21529	2.72582	0.791603
-0.868533	1.53729	0.951562	0.675816	-0.140064	0.0615604
-1.50368	-0.213081	-0.536174	-0.119397	0.117708	0.0978349
0.0904657	0.643316	3.7448	-1.79842	-2.46875	0.881977
-0.245287	-0.387404	-0.50175	-0.115992	-0.258035	-0.0366137
0.936445	-0.125713	0.520111	1.7111	0.368683	-1.55545
-0.0373626	0.142228	0.374033	0.758493	0.519724	0.260995
-0.0831557	-0.104256	0.0264319	0.618134	0.503549	-0.112583
0.223619	-1.26419	-0.374437	1.83517	-0.507797	0.623889
0.263345	1.34605	1.98136	-3.02093	0.285579	1.21633
0.839054	-0.218743	1.04528	-1.61921	2.04321	-2.58037
0.547593	-0.431751	-0.621567	2.16397	-0.681577	0.456147
0.452398	-0.760843	0.339477	-0.240316	0.663049	0.122492
1.28759	-0.288346	-0.097606	0.191289	-0.434789	0.631839
1.01041	-0.349203	-0.343718	-0.0466346	0.445826	3.70815
0.16116	-1.7636	2.75847	1.61046	-1.08665	-0.00280874
1.17882	-1.52034	1.34079	-0.210909	-0.0534005	3.69666
-1.42837	1.70937	1.09196	1.06048	0.0955804	0.83756
0.895901	-0.314067	0.310734	-0.572971	-0.684562	-0.0672942
0.0678044	0.272056	0.319544	1.93165	-0.917816	-0.866256
-0.3053	0.918844	-1.58749	-1.01472	0.108589	-0.356626
-0.46354	-0.325379	-0.844446	-0.405952	-0.592033	-0.26921
-0.24435	0.571726	-0.174221	-3.15383	1.04847	0.179451
0.636782	-0.0061117	1.41499	0.321674	1.30228	-3.14185
-0.143521	-0.657173	-0.37712	-0.0726611	0.727702	-0.147231
0.224168	-0.963128	-0.714902	2.81765	2.06662	1.60674
-0.325797	-1.32274	-0.92263	-0.850468	0.495609	0.272062
0.0559741	1.86644	1.50916	0.0653956	-2.867	0.00337859
-0.368859	-0.0432323	-0.267952	0.558213	1.87424	1.62864
-0.115671	0.426817	-0.924013	0.638006	0.284335	0.0572885
0.701453	0.556887	-0.140026	-2.02438	-0.941248	-2.20321
-0.522243	1.18482	-0.270326	-0.204105	-0.721846	-1.3359
0.419425	0.172621	-0.0426847	-2.0237	1.24464	1.65383
-0.828349	0.56776	-0.744314	0.485529	0.211538	-0.211094
-1.33763	1.8063	1.15862	0.353542	-0.275687	0.0638379
0.612534	-0.20064	-0.535963	0.634597	0.482479	2.13155
-1.71537	2.73392	0.515066	0.505464	0.358283	0.0510009
1.2071	-0.0969751	-0.546923	1.35592	0.204054	0.844275
-1.48196	-0.274346	0.222074	-1.85338	0.704996	0.201677
0.919659	-0.20772	-0.388787	1.22544	0.234363	1.44149
0.622825	0.465032	1.16641	-1.32178	0.413608	-0.217094
-0.731973	2.20646	0.385129	-1.32099	-2.91552	-0.351272
1.06461	-0.0903587	-1.34881	0.512167	-0.158591	0.795912
0.0322168	1.37605	-0.848387	3.49607	-3.21128	2.32705
-0.200524	-0.152951	2.90142	1.76937	-0.181152	-0.0372947
-1.22217	1.77185	-3.00684	-1.59803	-2.57922	0.110823
0.382052	-0.519113	1.43058	0.807068	0.166471	-1.14347
-0.0853688	0.252738	-0.728145	0.309186	-0.211242	-0.0247696
-0.32428	-0.323919	-0.612057	-0.119037	-0.0781333	-0.142467
2.7071	0.453988	-1.8841	-4.12587	-2.87848	0.680769
-0.447113	-1.29331	-0.312108	-0.0017127	0.294041	0.0419935
0.0436336	0.341157	0.76202	-0.357413	0.805458	-0.119242
-0.370492	-0.445202	0.142746	-0.2919	-0.576876	-0.341098
0.810649	0.122428	0.671476	-0.730707	0.863165	-1.11417
-0.854582	1.21226	-1.99107	-1.12357	-0.161681	0.175637
-0.366607	1.83911	1.35549	-1.47804	0.854252	0.255442
0.464049	0.182628	-1.86412	0.106234	-0.247812	0.933447
-0.362913	1.49727	0.72931	1.43378	-0.507555	0.145267
0.00940585	0.123993	0.275076	0.0956277	1.29037	0.922163
-0.194656	1.92059	-0.715082	-0.286102	0.30457	0.941678
-0.553547	0.395235	0.34232	-0.921888	-0.212005	-0.795551
-0.117454	0.252361	-0.339047	0.261652	-0.818452	-0.388681
-0.520394	2.13158	-0.395735	0.907959	0.927864	0.352772
-0.294088	-0.315841	-0.284293	-0.228683	-0.381806	0.108384
0.723591	-0.646153	1.54588	0.283086	-0.225885	0.616601
0.0633202	0.200876	1.09773	-0.971114	-1.07172	0.00183344
-0.201687	-0.970883	-0.136191	-0.283755	0.0871102	-0.0260121
0.555474	-0.731949	-0.826427	1.9019	1.86888	-0.426647
-0.595759	0.867684	-0.707981	-2.27911	1.16697	1.3406
-0.426046	-0.930782	-0.13706	-0.531866	-0.239201	-0.0370362
0.200117	0.0970214	0.607348	-0.0058014	0.0157835	-0.978428
0.607813	-0.208322	2.57491	1.40975	-1.75759	-0.688602
0.118498	0.447948	-1.71802	-0.0953593	-0.0390077	1.84996
-0.298061	0.34	1.14992	-1.02229	-0.346371	-1.48036
-0.244651	-0.08694	0.42812	0.545441	-0.562352	-0.740601
0.166373	0.744193	0.374864	1.03571	-5.1425	0.265837
0.360291	-0.604573	-0.260898	0.971866	1.43105	-0.185711
-0.3958	-0.685188	0.139809	-0.579296	-0.0980168	0.431005
-0.119084	-0.708873	-1.1024	-0.197442	0.850679	0.380816
-0.319532	-1.12359	0.2657	-0.700796	-0.147673	0.0987269
-0.228951	-0.152678	1.17147	-0.782263	-0.354242	0.175578
-0.165035	-0.339007	-1.12323	1.39925	1.83833	0.450939
0.0627899	1.1593	-1.55775	0.698243	2.28374	-0.194985
-0.362242	-0.918435	-0.119473	-0.504908	-0.315406	-0.0483212
-0.375811	-0.717432	-0.835173	0.469991	-0.413262	-0.532288
0.350159	0.22043	0.83472	0.590384	-0.182789	0.480446
0.0472297	-0.559963	-0.726369	0.784889	0.737783	0.263748
-0.130993	2.9248	-0.381658	0.0558969	-1.5935	0.781559
0.536698	0.431793	-1.79267	0.0417192	-1.44757	-0.695203
0.54455	-1.05584	1.65666	0.803465	1.34372	0.132925
0.301471	2.09307	0.921936	0.126947	1.35312	0.421493
0.495893	0.906215	-1.308	0.946779	-0.274051	0.105414
1.12422	-1.54647	-0.719253	4.20911	1.11489	1.97406
0.0516693	0.126346	0.0650544	-0.462804	0.865395	-0.180804
0.260819	0.0261592	0.761939	0.811583	-1.68078	-0.804825
1.18457	-1.4591	-0.77824	-0.570212	1.60315	0.270255
1.23733	-0.659882	0.890139	1.40746	0.0205505	-1.41881
-0.598497	-0.750925	-0.044225	0.0903534	-0.208612	-0.125893
0.152872	-0.570441	0.778545	0.981681	0.799664	0.615655
-0.382733	-0.0100333	-1.12212	-0.503777	0.127086	0.291398
-0.749934	-0.915841	0.12915	0.514947	-0.0715835	-0.274829
-0.0886664	2.09186	0.574342	0.459628	-0.128976	0.134031
0.3218	0.440233	-0.0943144	0.0902242	-0.971409	0.290533
-0.775595	1.61535	0.663942	0.27174	-0.0518479	0.0212573
0.616614	0.344139	-1.70419	0.86407	-0.114387	0.640965
-0.17576	0.142021	0.722776	-0.755607	-0.414214	0.104582
0.174032	-0.596342	-0.14857	0.244738	1.93095	0.951502
0.221049	1.14105	-0.612269	-0.148153	0.559923	-0.701738
0.492928	0.332004	-0.414743	-0.0826833	-0.77709	1.39059
-2.53382	1.54874	-0.989462	0.535727	0.37619	0.132586
0.815739	0.296114	-0.451295	-0.494985	0.617217	0.04917
-0.0455324	0.062352	-0.26777	-0.0403686	-0.0130043	0.0368763
1.25373	0.306995	-0.90161	-0.132666	-1.9946	0.0769281
-0.217298	-0.852537	-0.0891041	-0.125942	0.0536286	0.0368495
-0.267086	-1.21161	0.523106	1.00566	-0.026821	0.0398292
0.824852	0.367495	1.07507	-0.456167	0.0904951	0.048096
-0.352387	-1.04068	-0.549762	-0.165305	-0.143892	-0.0285398
-0.145789	0.320746	0.257215	-1.37239	0.501376	0.0612716
-0.292993	1.62546	-1.65101	-0.00853618	0.158877	0.201756
0.192851	2.36493	-0.270987	-1.49474	0.377222	-0.322093
-0.0044942	-0.102342	0.144187	-0.319684	0.267805	0.100546
-0.789955	-0.941573	0.247016	-0.537734	0.153029	0.0943108
-0.226593	-0.718498	-0.186689	-0.356465	0.342618	-0.0134985
0.536872	0.752506	0.422504	1.68813	-0.92515	-1.48206
0.4129	1.55598	0.233431	-0.169447	-0.539061	-0.632776
0.0654461	0.902054	2.04756	-0.400741	-2.62439	-0.585328
0.068241	0.569463	-1.15797	0.395446	-0.403969	-0.326667
0.0305773	-1.015	0.876894	-0.671917	-0.245451	-0.279424
1.20466	0.516053	0.736552	-2.23472	0.267907	-0.154675
-0.720805	-0.349021	0.487951	0.176548	-0.902703	-0.059795
0.796885	0.00271075	0.904938	-1.25102	-0.0988566	0.28624
-0.214823	1.53062	-0.647222	-0.596488	-0.55701	-0.518956
0.71474	0.0503919	0.255588	1.3312	0.007948	-0.896889
-1.96489	1.9075	-0.842898	0.0761914	0.566537	0.516029
1.26057	-0.868803	-1.91656	0.856138	2.00542	0.0760713
0.00146826	-0.106595	-0.381865	0.221311	-0.057145	0.0677601
0.978593	-0.685155	1.12004	0.380452	-0.403712	-0.137163
-0.121762	0.178353	2.93906	-1.57327	1.85646	0.138757
-0.887516	0.745307	1.15051	0.0780086	0.174454	0.0544296
0.959588	0.688179	1.53508	-2.81768	-0.32645	0.150256
-0.526573	2.06307	-3.44429	-0.21699	-1.82494	0.294414
0.114753	-0.627689	0.851656	0.541789	-0.187445	-0.0649696
-0.512664	1.05191	-2.21953	-2.37372	0.561641	1.68798
0.403975	-0.296135	-1.17768	1.18582	-0.870234	-1.42812
0.570147	-1.018	1.54766	1.27217	1.80265	0.744509
0.813328	0.195663	-1.86161	-1.15131	-0.288744	-0.863943
-1.29139	2.1068	0.019268	0.520043	0.0606797	-0.0489244
-0.540894	-0.46629	-0.689592	-0.832504	-0.419981	0.326131
0.142472	1.01421	-0.237267	-2.94213	0.71793	0.430241
-0.0798991	0.618829	2.53471	-0.715836	0.0838613	0.58584
-0.146325	2.57922	2.11485	-3.94492	-1.30672	-0.523166
-0.628602	0.545036	0.855354	-0.714468	-0.653245	0.666137
-0.0741829	-0.157924	0.19661	0.659919	0.439831	-1.00765
0.0499297	0.351027	-0.90611	-1.45974	-0.48878	0.740939
-0.431354	-1.02616	-0.307045	-0.343193	-0.410562	-0.0816395
-1.32537	1.62216	-0.907383	2.02463	-0.528003	0.231837
0.817143	-0.437668	1.55376	-0.928451	-0.165117	0.169608
0.17225	0.496234	0.865375	0.0294344	-0.995568	0.221919
-0.163711	-0.202689	-0.0396224	0.1274	-0.126978	-0.0189972
2.06026	-0.515444	-2.2	0.538694	2.16814	-1.06859
-0.116436	-0.624142	0.14251	-0.367536	0.49435	-0.138978
0.269821	-0.394374	1.14422	0.802318	-0.155537	-0.0398268
-2.5048	1.36942	0.401103	0.411245	0.324887	0.0071246
-0.0577639	1.47752	-0.977709	-1.61519	-0.974766	0.923734
1.3455	0.247105	-0.658493	-0.999597	-1.56933	0.877784
-0.147223	1.03343	-0.572125	0.893579	0.0448976	0.285967
-0.370268	-1.01171	-0.400752	-0.158882	-0.229923	-0.0427161
1.12265	-0.182386	6.05133	-1.55372	0.975831	0.246258
0.326219	-0.261615	0.767208	0.833321	-0.150343	0.0358702
-0.0279532	1.10738	-0.394637	-1.28654	0.752811	-0.530499
0.451068	0.134105	-1.3386	1.54131	-0.412363	-1.09734
0.898855	1.32176	-0.515858	-4.28439	-1.21928	-0.497482
0.0430824	0.212149	0.418821	-0.348026	0.449389	-0.182899
-0.455684	0.253458	1.25328	-0.958679	-0.760666	1.25446
-2.06724	-0.449978	0.749555	0.449399	-0.463608	-0.363711
0.101403	0.0865326	0.914881	-0.299599	-0.46814	-0.417304
-0.321915	0.151187	-0.446563	0.0123665	0.546746	0.274804
-1.1599	-0.359742	1.30248	-0.0482664	0.420188	-0.0334811
-2.79721	0.491138	-0.581349	0.106766	0.0545603	0.0424979
-1.44905	0.990625	-0.492568	-0.795161	-0.781886	-0.415427
0.811931	-0.379101	0.470502	-0.298883	0.742793	1.83459
-0.85829	2.09562	0.803882	0.351848	0.135448	0.0737834
-0.675446	1.53669	0.652343	1.16121	0.0729314	0.0316931
-0.805552	2.72419	0.139935	0.130657	0.105966	0.00413832
-2.30107	0.263222	2.60888	-0.156906	-0.946575	-1.46631
-0.130762	-0.30447	-0.297746	-0.144947	0.375905	-0.104528
-0.739966	0.835485	-1.48603	1.66516	-0.374523	0.275057
0.0799496	0.0602851	-2.30296	2.01148	1.79103	0.636552
-0.00720746	1.42481	-0.579591	1.94458	0.942593	0.264669
-1.89332	-1.10721	0.215497	-0.945672	-0.16311	-0.10665
-0.44781	-0.613333	1.46134	1.88586	0.454674	0.161708
0.308049	-0.492231	0.761956	-0.804981	1.67354	0.963251
0.808084	0.0397893	0.206676	-0.430014	0.14875	0.404143
1.23298	0.124796	-0.373124	-1.70597	0.426437	-1.05937
-0.451653	-1.36065	-0.375988	-0.346668	-0.0107139	-0.0525545
1.74547	-0.112122	-0.701118	-0.305437	-0.47379	1.85652
-0.472386	1.86627	0.5842	0.216658	0.346208	0.225773
0.645377	0.148235	-2.4435	-1.168	0.446717	0.221729
-1.50888	2.00484	-1.22598	0.294791	0.274977	0.0475984
0.558515	-0.150073	1.69568	0.710756	-0.925769	-2.14562
-0.150681	0.204333	1.55227	-1.09897	0.815282	-0.460804
0.708067	-0.565449	-1.35778	1.23032	1.34339	1.21441
0.176607	-0.226441	-0.325228	0.43964	2.00121	0.16291
1.98148	-1.13245	0.614599	-0.145452	0.805509	-0.324048
0.207059	0.530894	-0.403257	2.73613	-0.940716	1.17901
-0.102532	0.303066	3.03434	-0.559916	-0.00888913	-0.345522
0.280884	-0.279873	0.718317	-0.997809	-0.305819	-0.695707
0.0222069	0.35273	-0.187109	-1.23109	-0.897852	2.29344
0.552488	0.2095	-0.177356	0.44168	0.62746	-1.32342
-0.17832	0.325223	-3.06082	2.00525	-0.426143	1.01164
-0.288451	1.35973	-0.717344	-1.12714	-2.21245	-0.219329
-0.282031	-0.224981	-0.715286	-0.325197	-0.172119	0.114442
0.334147	-0.185191	-3.92708	1.39438	0.104471	-0.174062
0.672302	-0.341888	1.96476	0.652837	2.07532	2.27003
0.0785789	1.86271	-1.77639	-2.3415	0.0856893	-0.570513
-0.115708	2.31106	0.983582	1.0569	1.06888	0.391168
1.25862	-0.953004	0.653709	-1.07881	0.759822	1.38357
0.789151	-0.904248	0.861162	0.570617	0.834354	-0.103127
-0.0243013	0.215721	1.10231	1.52808	-0.0879906	-0.900658
0.987083	0.0710491	-0.178152	0.301845	-0.809503	0.796348
0.699633	0.0389056	-2.50907	0.470162	0.422804	2.39572
0.511848	-0.297269	0.61096	0.0688056	-0.604923	2.18045
0.2631	0.313427	1.92072	-0.489751	-1.34377	-0.15976
-0.0809637	0.378528	0.503043	0.415496	0.886519	-2.54373
0.390567	-0.970083	-0.0907585	2.52963	-0.844702	-0.93964
-0.254788	-0.204424	2.41577	-1.54353	0.112898	0.298342
-0.0494991	-0.39811	-0.425205	2.29328	0.363195	-0.579026
-1.00138	-0.53095	0.582442	-0.287763	-0.973808	-0.74501
-0.409048	1.96942	-1.24634	0.750213	0.311521	0.073746
0.623543	-0.17698	-0.29117	2.25138	-1.84057	-0.193352
-1.49117	-2.18386	0.100369	-0.010514	-0.010345	0.0129549
-0.383237	1.41028	-1.1891	-3.1426	1.30871	0.294378
-0.102298	-0.389721	0.650272	-0.803073	0.247647	0.0158286
0.423461	-0.144508	0.231201	-0.634231	0.615723	1.4761
-0.708631	0.860864	1.27251	-1.01796	0.252082	0.0210422
-0.552613	0.197416	-0.448971	2.72339	-0.0688204	-0.928141
-0.361231	-1.09611	-0.18743	-0.299485	-0.289659	-0.0300196
0.332965	0.0916311	-1.23544	-1.28501	1.95504	0.552441
-0.101976	0.567998	-0.198781	-0.814597	-0.592667	0.438681
-0.169561	-0.108154	0.0340209	-0.158485	-0.360285	0.00797149
0.39852	0.744305	-0.58922	0.359223	-2.39508	-0.473263
-1.06438	-0.894588	0.335375	0.323755	-0.239983	-0.247237
1.13908	0.210908	-0.261714	-0.313046	-0.0923176	0.375833
-0.318179	-0.849366	-0.220042	0.156278	-0.1584	0.053497
0.310395	0.203089	-2.27601	-0.312472	1.74641	0.620822
-0.47879	-0.941621	0.134443	-0.253648	-0.414747	-0.0848548
-0.812634	1.25862	0.667276	-0.711707	0.344801	0.233507
-0.291414	3.08242	-0.168144	-0.895316	1.11806	-0.0985014
-0.405467	-1.0427	0.119621	-0.669832	-0.189346	-0.210447
-0.528112	1.62573	-0.714246	1.72313	-1.40949	0.152247
-0.339587	-0.986704	-0.614716	-0.111569	-0.170492	-0.109108
0.0719648	-0.0699901	-0.443574	-0.00671071	-0.0340124	0.743017
-0.372291	0.281028	0.489632	-0.401586	-1.9955	-0.0884081
0.0411416	-1.11716	-0.0488144	-0.212816	0.825687	0.520091
-0.794824	0.544296	-1.86216	0.273888	-1.57934	-1.07557
1.34418	1.00411	-2.64125	-2.90226	-2.649	0.908828
-1.242	0.198989	0.593879	2.2316	-0.0801013	-0.997408
0.402389	-0.0613649	0.649827	0.0602109	-0.870318	0.527672
0.405312	-1.33983	-0.577363	1.27296	1.26745	0.322718
0.260623	-1.6454	-1.06994	0.623609	1.42566	1.04287
1.32084	-1.91599	1.75017	0.216257	2.28542	-0.13444
-0.163938	-0.810568	0.172427	-0.201838	0.200666	-0.0195086
1.3765	-0.889894	0.858244	1.39595	0.757808	1.21827
-0.696791	0.981338	0.0379783	-0.716728	-0.859051	-0.313157
-1.76698	1.09882	-0.0448124	-1.06601	-1.14211	0.44004
-0.170708	0.330963	3.15278	-1.07742	-0.449372	-0.670065
1.94912	-1.15656	-2.35363	0.97353	0.42528	1.79617
-0.639424	-1.59988	-0.498093	-0.588064	-0.548781	-0.137421
-0.592137	-0.723439	-0.496033	-0.3828	-0.911589	-0.505864
0.0386934	-0.88293	0.822681	-3.1976	-1.41598	4.55621
1.44573	-0.207807	0.100982	-0.00386345	-1.57068	1.66522
-0.884326	-0.837205	3.20554	-0.386388	-0.193332	2.80119
-0.064935	0.49531	-2.36954	0.587415	0.0460654	-0.57247
1.24098	-0.169229	-0.534653	-1.9595	1.49911	-2.51675
-0.30051	0.335475	1.32244	-0.365659	-0.534821	0.141618
-0.318886	-0.800602	-0.959295	0.59121	-0.051827	-0.501976
-0.218198	2.25321	-0.620084	-2.44125	-0.23055	1.05815
-0.764288	-0.850234	0.0365036	-0.512007	-0.434846	-0.0408596
0.186217	0.42791	1.60361	-2.237	1.14002	0.987048
0.52071	0.00160222	-0.580669	1.18962	1.12502	-3.42561
-0.00198462	-0.77991	0.203074	-0.653382	0.997461	-0.587715
0.127522	1.12954	3.48503	-1.94824	-1.02915	-0.409622
-0.287789	0.720626	-1.55562	-1.35599	-1.59577	0.897859
0.505533	-0.157343	-0.396366	0.197236	-0.516932	3.78913
0.167162	1.29705	-0.848695	0.724222	-1.86246	-1.09624
1.82984	-0.376078	-0.147312	0.980215	-2.57325	-0.978043
-0.590299	-0.8662	-0.386612	-0.478206	0.0100948	-0.0170118
-1.31194	-0.26168	0.293224	-0.368893	-1.24853	0.492881
-0.140288	0.386678	-0.209666	0.202511	1.1573	0.431756
1.84898	-0.245234	-0.434682	0.496735	-0.236533	-0.492028
-0.126053	-0.254973	0.314105	0.594909	1.5647	0.156729
0.514628	-1.6092	1.42362	-1.58096	0.627927	-1.24985
0.0627072	-0.0994373	0.0666741	0.282736	-0.114062	-0.0799758
-0.524211	-1.02746	-0.692083	-0.353858	-0.448047	-0.171588
0.0654288	-0.102666	-0.09856	0.39591	1.23022	0.441581
0.315924	0.0289736	-3.10852	-1.88248	2.03348	-1.55443
0.470312	-0.30882	-0.566948	3.73934	0.270234	1.65503
0.0852009	-1.30931	0.891042	-0.255725	2.36433	0.295389
-0.337905	-1.05251	-0.365781	-0.058811	-0.252057	0.116757
0.237972	0.634567	-0.556298	1.81835	-2.2575	2.09262
0.288796	0.154936	-1.27096	0.877449	-0.0325348	0.704455
-0.534835	-0.980496	-0.503929	-0.441812	-0.6268	-0.0921458
-0.0483725	0.164894	-1.23687	1.24595	2.37463	1.17661
1.08885	0.412195	-0.416621	-5.55306	0.762278	-0.833943
-0.22857	-1.15665	-1.49906	0.636532	-0.506086	0.039412
-0.206795	-0.941995	-0.576338	-0.114115	0.606594	0.0763533
-0.254296	-0.429906	-0.750603	-0.30093	0.147332	-0.0229638
0.283058	-0.329955	1.46347	0.87916	0.966979	1.16813
0.762546	-0.597127	3.86733	-2.53487	-0.967581	-0.966665
0.192559	-0.332931	0.444009	0.00834112	1.28558	0.00993834
-0.399217	-0.828235	-0.834787	-0.36948	0.18535	0.143633
0.991257	-2.05313	1.04865	0.55498	0.601576	-0.0241635
-0.494331	-0.960236	-1.28083	-0.174167	1.04627	0.560356
-1.32223	-1.35088	1.4272	-0.484362	-1.21734	-0.359638
0.882067	-0.055219	-0.198399	-1.12183	1.21006	-1.0586
0.188078	-0.906067	1.10777	-1.13248	0.159425	-0.349101
-0.0682555	0.115056	0.481293	0.176626	-0.0686843	1.23445
0.482642	0.486351	-0.395485	-2.40003	4.48824	-1.76132
-0.179787	0.421143	-0.86645	0.359614	-0.260993	0.116089
1.72122	-3.06158	0.0785062	0.123008	0.981199	0.932742
1.16931	-0.0323478	-0.270947	0.450028	-0.70127	0.496596
2.04195	0.445401	-1.69088	-1.15085	-2.67224	-1.06362
0.127919	-0.176894	1.64526	-0.700578	-0.112565	-0.515995
0.358186	-0.171512	0.575139	1.67056	0.258683	4.0256
0.0571374	-0.581145	-0.0154169	1.07833	1.88032	-0.591366
-0.304803	0.516565	0.195428	0.127057	-0.79659	0.0697303
-0.380543	0.701721	2.32536	0.710365	0.128405	-0.178191
-0.756898	1.2835	1.21331	-0.311572	-1.02484	-1.86361
-1.05658	-0.1696	2.56616	1.08567	2.76095	0.804523
0.243005	-1.49811	0.294388	0.845391	0.764214	0.450643
0.10586	-0.565979	0.369308	2.42627	0.398346	0.694386
-0.330891	-0.65783	-0.490415	-0.316555	-0.372458	-0.0827812
0.356126	0.0973053	-0.128624	-0.394466	-0.536508	1.59432
-0.0295182	0.430244	-0.15559	0.283461	-0.133124	-1.53273
-0.0966637	-0.845896	0.256281	2.32667	0.603987	0.860747
0.832264	0.0992627	-1.92501	-0.666775	-2.61041	-0.96197
0.468358	1.43501	-0.592795	0.876955	-2.73186	-1.50813
0.147461	-0.0725574	0.699809	0.318054	2.34877	-0.889628
-0.382384	-1.36308	-0.492252	-0.255733	-0.0696859	-0.00685181
-0.0383479	-0.754684	-0.104722	0.425563	0.561979	0.923118
0.205166	-0.0984099	2.13649	-0.375395	-0.885015	0.262061
0.196041	0.624961	1.33729	0.0880082	0.808288	-0.191107
-0.681587	-1.64216	-0.00253786	-0.0200474	-0.0765741	0.0267463
0.54946	-0.154275	0.796196	1.06275	-1.82044	-1.45197
1.71513	-0.0610742	-0.348147	-0.00232773	-2.8458	3.18344
0.180294	-0.207191	-0.211791	4.75558	-0.652431	-0.958032
-0.0890002	0.193441	-0.809665	-0.193998	-1.1373	0.254884
-0.208016	-1.21486	-0.47382	0.474468	-0.378049	0.140446
-0.206541	2.54289	-1.24177	1.01448	-0.962767	-0.578836
-0.0534902	0.714887	2.2607	-1.58759	0.653378	-1.30975
-0.0977251	-0.360014	1.63192	2.95241	-2.65974	0.933853
-0.182397	-0.575521	0.367639	1.0981	-1.12313	-0.352298
0.267228	-0.0684054	0.0214605	1.287	-1.22564	2.13115
-1.22304	-0.71334	-0.0846111	-0.5541	-0.685398	-0.0607526
-0.550165	-0.00442763	0.825935	1.148	0.965336	-0.0341559
-0.507207	-1.17342	-0.540018	-0.183018	-0.426069	-0.184886
-0.469013	-1.26567	-0.321555	-0.178249	-0.265069	-0.0631574
-0.214716	0.227629	-0.454686	-1.13424	-0.648906	-0.0421782
-0.509689	0.305178	1.85712	0.725352	-0.280665	-0.404872
-0.390938	-1.15046	-0.419974	-0.227844	-0.268475	-0.126184
0.761966	0.0571282	-0.723878	0.359739	-0.786746	1.06448
0.544932	-0.281726	-0.389149	-1.2155	1.20486	-0.457372
1.70659	-1.33007	0.738381	1.09256	-1.98419	0.38583
0.323914	-1.39102	1.6457	0.633259	-1.642	-0.193097
0.961441	-1.96976	0.306265	-0.718892	0.72731	-0.00810695
-0.288276	-0.347661	-0.459728	-0.0566274	-0.175123	-0.235803
-0.67959	0.248798	1.50405	-0.522253	-0.0268396	-0.319717
-0.339689	-0.0232523	-0.533366	-0.524078	-0.95379	0.722141
-0.197183	-1.06728	0.458567	-0.0570855	-0.197715	0.0409696
-0.667299	-0.320113	-0.665709	-0.345217	-0.632398	0.176394
0.676719	0.241477	-2.34127	-2.53381	0.942927	-0.417173
-0.115751	0.391596	-0.708516	0.869888	0.0394332	0.284034
0.729632	-0.338618	0.102545	2.22014	-0.893125	-1.26441
0.85548	0.985461	-1.67463	-2.57481	-1.96677	0.93217
-0.139323	0.294363	0.0451674	0.661985	0.988849	-0.754974
0.880617	-0.225135	0.49277	0.0264601	0.833579	0.287621
-0.345452	1.32856	-0.543503	-0.668937	-2.72391	-0.701332
-0.159495	-0.308624	-0.459635	0.407466	-0.466069	0.264694
-0.445744	0.843675	0.818175	0.995319	-2.77843	-0.334409
0.0713999	-0.376007	-0.077756	-0.569548	0.86596	0.348159
0.397321	-0.535485	-0.225475	1.17596	0.878662	0.604591
-1.55285	-1.1951	-0.702071	-0.169091	-0.381741	0.12632
-0.169799	0.425894	-0.0252392	-0.953897	-0.0194043	0.279052
0.634092	-1.10038	0.575093	-0.237666	1.24662	0.295228
0.309168	-0.0252457	-0.728772	-1.1349	1.73756	-0.186712
0.0714121	-0.597341	0.0148294	-0.0651324	0.429097	0.402222
-1.1221	-0.858756	0.435745	-1.04889	-0.660304	-0.458448
-0.0847689	1.5655	-2.13284	-0.528817	-1.68642	-1.16998
0.137897	-0.130661	0.508148	1.29756	-0.293131	3.00396
-0.240302	-0.448435	-0.403817	-0.21692	-0.0437776	0.0757353
-0.348425	-1.09923	-0.174111	-0.314182	-0.0302095	-0.00247942
-0.0397992	0.83703	-1.63787	0.428824	-0.720615	-0.621285
0.701957	-1.54957	0.781503	0.165936	1.24316	-0.480516
-1.12561	2.41884	1.69375	-0.361943	-1.83014	1.18612
-0.356833	-0.962466	-0.310617	-0.300234	-0.0857352	-0.0121774
-0.390021	-0.344492	-0.770773	1.90188	1.16746	-0.891679
-0.410689	-0.698649	-0.689048	-0.334983	-0.314261	0.0240814
-0.0397589	0.53669	-1.13657	-0.520261	0.911695	0.598816
-0.383809	-0.51855	-0.591948	2.6124	-1.17389	-0.10872
-0.46073	-0.896618	-0.339635	-0.307194	-0.367416	-0.281411
-0.367733	-0.958264	0.12878	-0.471924	-0.212849	-0.225178
-0.366716	-0.105314	2.34326	-0.177089	1.32139	0.862942
-0.593815	0.227408	-0.0502334	0.0223344	3.07942	-0.0178188
-0.21119	-0.0884582	-0.945902	0.315846	-0.175567	-0.112482
0.196293	1.14913	-0.425186	-1.00722	-0.335214	-0.280218
0.374635	0.362827	-0.429049	-0.665903	1.59686	-0.181991
0.810882	0.447908	-0.461493	-2.50084	-0.801366	5.56047
1.18154	-0.689426	0.937871	0.38263	-0.265071	-0.0165834
-0.236652	-0.272085	0.03771	1.40694	0.478633	0.528911
-0.442024	0.560463	-0.277369	1.66959	0.387402	0.0711733
0.413139	0.868017	-2.85086	-0.620422	1.05993	-1.01321
0.018679	2.08771	-1.11544	0.353873	-1.9402	-0.927388
-0.0745158	-0.23891	0.312963	0.135922	-0.621431	-0.0213722
-0.0597142	-0.612208	-0.454507	-1.52515	-0.94447	0.160898
0.0273148	0.00804793	0.0849383	0.386034	-0.527482	0.0449562
0.377788	-0.233895	-0.163232	0.359191	1.00785	0.0665128
0.448685	-0.119088	0.040546	0.0103567	0.86735	0.642972
0.326158	-0.33691	-0.310939	3.90469	-1.95754	-0.922474
0.930158	0.442768	2.83284	-2.04878	-0.202172	-3.24202
1.64133	-0.676651	-2.73983	-0.0101864	1.89059	1.2223
0.11257	-0.448343	0.0450911	0.269172	-0.106018	0.645022
0.00302414	-0.284705	0.324815	0.0150738	-0.0849766	-0.0286815
0.819057	0.11986	-1.46573	0.239862	1.42587	-0.00127147
-0.156525	-0.566872	-0.0902205	-0.00232772	-0.049549	-0.032675
0.0254461	0.488394	0.250694	0.335307	-0.188587	-0.0264246
-1.46257	0.749254	0.942182	0.274254	0.114398	0.386172
0.538619	1.4534	-3.55705	0.337796	1.31879	0.369744
1.34668	-1.83146	1.27082	0.983296	-1.03553	-0.0389099
0.413919	0.200112	0.618572	0.258912	-0.988396	1.02925
-0.408857	0.380428	0.574061	0.453738	-1.06433	-0.630588
-0.455459	-1.11796	-0.645445	-0.503802	0.0463102	0.0426858
-0.0984669	-0.529495	0.705356	0.0581276	-0.24171	-0.000663303
0.73976	-0.274865	1.47669	-0.355691	-0.718334	-0.159602
0.715734	-0.076819	1.31507	0.687688	-0.101588	-0.376751
-0.187803	0.275591	-0.21466	-0.34982	-0.4133	-0.163858
-0.30347	-0.996484	-0.368532	0.110184	-0.177242	-0.340055
-0.0415628	0.485627	0.0601357	0.204212	-0.17142	-1.61802
-0.381329	0.465979	1.05749	-0.538008	0.245902	-0.11385
1.04319	-1.74354	0.518519	2.10187	1.1237	0.628709
0.0685174	0.0881054	1.75157	-0.0597587	0.7587	-0.194218
0.0838183	-1.91192	0.829314	3.28384	1.65303	-0.0138743
-0.0398444	1.4461	-0.724826	-1.5035	-2.06074	0.878884
-0.106636	0.220201	1.52955	-2.72736	0.881534	-0.081697
0.0558689	-0.427996	1.04834	-0.751287	0.2771	0.179487
-0.404159	-1.11344	-0.198432	-0.233785	-0.156548	-0.175713
0.0500061	-0.716453	0.531297	0.0610205	-0.0887975	0.0934553
-0.2115	0.0998186	0.645356	1.24361	-1.02244	-1.09947
0.120763	1.19573	-1.29057	-1.66007	-2.88268	-1.30874
0.29681	-1.32811	-0.959465	-0.381258	-1.12459	-0.0459261
0.121825	-1.06764	0.285373	0.725539	-0.0712984	0.266803
-1.51029	-0.504245	0.74757	-0.910746	-0.299373	0.538879
-0.458484	-1.59196	-0.0474751	-0.351695	-0.129892	-0.117402
-0.303298	-0.974335	-0.0288262	-0.185253	-0.140288	-0.0089447
0.0795569	0.541968	-1.44847	0.607374	0.852035	-0.0537427
-0.643235	0.0446487	0.175743	-0.6232	-0.809477	-0.108774
-0.217276	-0.519451	-0.35596	-0.0365508	0.0473202	-0.0560666
-0.231597	-0.412101	-2.61145	3.80039	-1.53304	-1.09213
0.838182	0.0183113	-0.339136	-1.25204	3.09334	-1.50733
0.0388664	-0.294567	0.547253	-0.753037	0.0968644	0.346967
-0.873476	-2.27392	-0.489412	-0.851254	-0.698111	-0.208816
-0.241049	0.689792	-0.831104	-0.898375	2.6058	-0.624867
0.0582344	-0.313867	-1.44638	-0.432194	3.78187	0.189679
-0.0380072	-0.460989	-0.321794	-0.364117	2.58461	2.74982
0.394148	-0.900449	-1.16358	1.15287	-0.415031	-0.29577
-0.365191	0.65115	1.14147	-0.66416	-1.96095	0.730351
1.46382	-0.0153828	0.0981491	-0.276432	-2.93308	1.24893
-0.241701	0.249754	0.889615	-1.33528	0.822151	-0.620267
0.0376361	0.240064	0.000215538	-0.273549	0.51433	-0.348966
-0.0480467	0.56086	-0.474215	1.50641	-1.52127	-0.320226
0.206131	0.94774	-0.501159	-0.138711	0.126394	-0.196364
0.178197	0.764063	-2.06265	-1.55932	0.787018	3.64109
0.208856	0.0858814	2.23358	0.961374	0.66114	-2.01649
-1.71196	-1.4044	-0.784086	0.00820058	0.0172339	0.322065
0.874871	-2.76873	0.694462	0.376399	1.65539	4.82227
-0.560301	-0.666105	-0.664358	-0.47467	-0.479148	-0.0853626
-0.70431	0.152969	0.018027	0.101635	0.934313	0.768497
-0.354751	0.718122	-0.119236	0.432761	1.44759	-1.54892
-0.0318237	-0.16584	-0.276803	0.100372	2.29612	-2.79502
-0.384135	-1.05356	-0.236691	-0.30504	-0.257689	-0.135908
-0.68694	-0.852192	-0.200199	-0.262165	-1.52202	0.979711
-0.463556	-0.243505	-1.76376	0.108511	0.926094	-1.03576
-0.492677	0.406046	1.85085	-2.64334	-1.64551	0.424124
-0.35407	-0.871682	-0.440785	-0.23331	-0.126437	0.000291945
-0.213365	1.40161	2.15299	-1.73846	-2.63849	-0.0186345
0.822154	-0.0925615	0.849407	-0.721683	0.543475	0.440526
1.49546	-2.0796	1.43165	-1.09213	-0.151397	-0.153609
-0.260812	-0.741043	-1.51088	2.3448	-1.54686	1.06555
0.347047	0.156155	-0.896006	0.540191	-0.556668	0.847385
0.34438	0.0998842	-1.5324	-0.0790921	1.89991	0.918068
-0.456453	0.390694	2.74521	-0.289167	0.685678	2.9067
-0.111687	-0.458929	-1.49162	2.65696	0.580507	-0.100298
0.536469	0.347658	-0.550477	-0.570107	-0.273591	0.192686
-0.603575	1.96471	-2.49981	-0.292625	-1.72803	-0.861567
-0.279015	-0.121349	1.75987	0.883241	1.81419	1.55485
-0.0827146	-0.470187	-0.703621	-0.381277	0.720989	0.0464435
1.21045	-0.405952	0.19727	-0.932097	0.915609	-1.69831
-0.176382	-0.880661	-0.095378	0.365814	-0.334192	-0.0569267
-0.351836	-0.940365	-0.180678	-0.493542	0.219004	-0.0680981
-0.299394	-0.851166	-0.000975052	-0.310174	-0.0646097	-0.0147173
0.588696	1.1746	1.04732	-0.505349	0.542473	0.0988262
-0.188348	-0.439267	-0.365004	-0.300145	0.172038	-0.0175723
-0.24706	-0.557617	0.534953	-0.0520826	0.275596	0.144974
0.38822	-0.340908	0.177409	1.58937	1.40079	0.724382
-0.173184	-0.896118	0.158338	-0.190079	0.177077	-0.0108109
0.10608	-0.296965	2.62253	0.730269	1.32914	2.27763
-0.0126353	2.62797	-2.12124	-2.52019	-1.10412	-0.498202
-0.119637	-0.20388	0.385067	2.23812	-0.662944	-0.191025
-0.618743	-1.67058	-0.359444	-0.489258	-0.39598	-0.159778
0.155547	0.367005	0.375933	-1.31833	0.0044542	0.439768
0.0443648	-0.408696	0.19577	0.307362	0.46818	-0.913916
-0.87839	-1.15677	-1.23852	-0.721795	0.0518093	-0.316278
0.199557	0.905998	0.252792	-1.16406	-0.548304	-1.18637
-0.582523	-0.891978	-1.69567	-0.50521	2.34628	-0.0213734
-0.447796	-0.38089	-0.514423	-0.646764	-0.45738	-0.100847
0.488073	-1.18172	2.91536	0.459102	-1.16013	3.84455
-0.553243	-1.00047	-0.308016	-0.737031	-0.668267	-0.315848
0.142919	-0.624898	1.81804	-0.330841	0.278325	-0.25638
0.0258385	-0.245063	0.781715	-0.364764	1.46369	0.822854
0.244562	0.333701	-0.352623	-1.76721	0.267604	0.704021
-0.601073	-1.59681	-0.465677	-0.537026	-0.319347	-0.134732
-0.787093	-1.07102	-0.807456	-0.475912	-1.10957	-0.228604
-0.070361	0.112805	3.41034	-0.15814	4.78133	-0.976107
0.0484621	0.366334	-0.483137	-0.0626051	0.490628	1.03889
-1.67126	-1.61204	-1.00433	-0.971121	-3.57257	-1.05895

Annot Parameters for each context in the alphabet: PHIME
P	-0.557899
H	-1.14552
I	-0.205057
M	-3.77331
E	-0.936194


Beta_s (bias in sequence model) : -7.94578
Beta_p (bias in structure context model) : -1.53267
alpha (scaling factor) : 1310.02
b (bias in least squares error model) : 0.377302

Top 20 kmers: 	 sequence number 	 kmer number
           CCGAG             88             24
           UUCGU            208             19
           AGAAC           1044             22
           CACCC            856             16
           AGAAC           2096             20
           UUUGG            204             16
           AGUGC             27             21
           ACGAC            714             23
           CUAGC           1026             31
           UAUUG            665             25
           GGAUA            932              6
           CGUAA            109             27
           UAUUG            729             14
           ACAAC              9              1
           CCAAU            667             10
           AACAC            512             19
           UGCGG            559             28
           CCGAG           1520             14
           UAUUG            359             30
           GGUUG           1152             16

Averaged annotation profiles of the top 20 kmers
P	0.46953	0.472465	0.437075	0.405825	0.598265	
H	0.104075	0.114235	0.124365	0.12523	0.073055	
I	0.26168	0.23968	0.213385	0.25329	0.16169	
M	0.138345	0.144125	0.19776	0.190435	0.14857	
E	0.02637	0.029495	0.027415	0.02522	0.01842	
