Motif width 5
Base parameters 
AAAAA	3.45962	-0.557899	-1.14552	-0.205057	-3.77331	-0.936194
CAAAA	-0.326885	1.35892	-0.678972	0.580614	-1.14173	-1.37072
GAAAA	0.937727	0.750565	0.393177	1.65539	-0.251486	-1.57805
UAAAA	0.971639	-0.170929	-0.27258	-0.502537	-0.605313	-0.477483
ACAAA	-3.10737	0.468851	-0.200036	-0.949765	-1.09184	0.051014
CCAAA	1.20843	-0.710125	-0.701002	-0.354442	-0.276529	-0.349561
GCAAA	0.0265367	0.788387	-2.71751	1.91018	-1.85921	0.274371
UCAAA	1.68615	1.24707	0.0809507	0.94713	1.28091	0.89222
AGAAA	3.04969	-0.366518	1.18406	1.11848	2.82261	2.64113
CGAAA	-1.10904	-0.81897	0.371157	2.8247	-0.570731	0.57629
GGAAA	-3.03182	0.142759	-3.08425	-0.0716349	-0.100418	-1.06739
UGAAA	1.13329	-0.997526	-0.38505	-0.479363	-0.384786	-0.00619799
AUAAA	2.42566	3.25752	0.942311	-2.58232	0.0812003	-0.410648
CUAAA	1.54272	-0.803135	-0.144251	-0.508804	-0.906239	-0.339897
GUAAA	0.0291557	1.12244	1.11334	-2.21395	0.893553	-0.950766
UUAAA	-0.313325	-0.549987	-0.188736	0.429309	0.784621	-0.960802
AACAA	0.644323	0.0278317	2.44301	-1.0577	1.19925	0.900363
CACAA	2.3433	-0.243936	0.317295	1.77521	0.314861	0.488641
GACAA	2.08466	-1.2313	3.35211	2.08826	-0.76669	-0.545094
UACAA	1.15753	0.34519	-2.01426	-1.07711	-0.12823	-0.138738
ACCAA	-0.122087	2.7295	0.103735	-3.84779	-1.93093	-1.65286
CCCAA	-0.474261	0.630771	2.25799	-0.987112	-0.14478	-1.69673
GCCAA	2.35964	0.0422839	-1.01852	0.236341	0.721842	-0.167307
UCCAA	0.0342971	-0.512863	1.80329	1.39976	-1.41682	1.1465
AGCAA	-2.66196	-1.57184	1.13095	1.19786	0.884315	1.42189
CGCAA	0.957739	-1.00876	-0.262553	0.433835	-1.01029	0.197198
GGCAA	-0.438108	-0.164733	-0.956659	-1.5745	2.89286	-1.90181
UGCAA	1.16569	-1.07721	-0.407266	-0.318579	-0.278189	0.0229427
AUCAA	-2.89662	0.882527	-1.65876	-1.93284	-2.14435	-0.554066
CUCAA	1.34557	-0.12061	2.43519	0.8456	-0.143634	0.530338
GUCAA	-3.45683	-0.798402	0.26544	2.46342	-1.15298	-0.356589
UUCAA	1.32098	-0.4415	-0.745794	0.767274	0.312587	-0.774143
AAGAA	3.45296	0.351231	0.0947055	-0.127813	1.79715	2.31058
CAGAA	4.47502	1.91493	0.758748	0.944793	1.03101	0.361535
GAGAA	0.34155	0.0971178	-1.18197	0.387784	-0.398905	-0.509745
UAGAA	-2.98027	-0.569024	-2.41984	-1.53667	2.76917	-1.84077
ACGAA	-1.91589	1.62038	-0.0216834	0.399013	0.174162	0.125485
CCGAA	-1.99661	0.474514	-0.947176	-0.0661554	-1.61989	-0.97757
GCGAA	-1.20082	0.445634	-1.59752	1.41479	0.82328	0.53692
UCGAA	1.36332	-0.668439	-0.494598	-0.443198	-0.530585	-0.0321354
AGGAA	-0.300048	-1.20364	-0.330427	0.673509	0.878887	0.777335
CGGAA	-0.0274911	-0.391475	0.602082	-0.0113105	-0.139345	-0.131286
GGGAA	1.27165	0.606032	-1.39737	-1.62828	-0.172797	-1.10106
UGGAA	1.54001	-1.46707	-0.706253	-0.438096	-0.218395	0.0449554
AUGAA	0.452802	-0.446125	-0.52167	-0.241737	0.38077	-0.177476
CUGAA	2.44791	-1.80561	2.12112	-0.866672	0.221594	0.41191
GUGAA	1.06032	-0.0886804	0.911157	-0.406166	-0.328347	-0.348522
UUGAA	1.39817	1.74815	-0.142782	-0.76613	-0.39265	-0.777336
AAUAA	0.828531	3.48752	0.13689	-0.63225	-1.48135	-0.324134
CAUAA	-2.23323	-1.10474	1.12912	-0.156317	-1.57378	3.23548
GAUAA	0.162633	-1.03358	-0.593466	-0.395203	1.45957	-0.23069
UAUAA	0.462204	0.38241	0.210634	0.0436017	0.157167	-0.524448
ACUAA	2.69999	0.763179	-0.25066	-0.224475	-0.830344	-0.655173
CCUAA	1.66924	-0.981062	-0.53559	-0.640912	-0.646516	-0.405048
GCUAA	0.0314907	0.894696	-1.7672	2.41815	2.15176	0.643923
UCUAA	0.13558	2.86943	-0.112391	-0.908612	0.369228	0.241384
AGUAA	-2.60739	-0.380159	-1.8195	-4.19625	1.88417	3.25357
CGUAA	-3.26609	1.12718	-1.4022	-0.917433	0.548918	0.653857
GGUAA	0.516718	-1.30926	-0.312584	-0.56585	0.554476	0.342119
UGUAA	-1.17182	-0.809424	-0.680498	-0.696142	1.26518	0.635679
AUUAA	1.05789	-0.163914	-1.62758	2.82096	-0.555553	0.647307
CUUAA	0.978378	-0.711217	-0.466796	0.0807596	-0.213876	-0.293528
GUUAA	0.786949	-0.571298	-0.507543	-0.428774	0.0153217	-0.0989238
UUUAA	0.275407	0.112197	0.318931	-0.39824	0.399468	-1.20398
AAACA	-0.33609	-0.160069	0.253232	0.309344	1.24349	-3.26411
CAACA	0.200664	-0.0903483	-0.649917	-0.732971	1.7774	0.796649
GAACA	-2.18366	-1.88741	-0.175216	1.32944	-1.11673	0.646371
UAACA	0.884669	-0.465481	1.31962	-1.09771	-1.47422	-0.506394
ACACA	-1.2794	-0.325502	-0.0659885	-2.60153	1.98273	1.28768
CCACA	1.08037	0.316267	-0.0304787	-1.00421	-0.668933	-0.593339
GCACA	0.340281	-0.605324	1.17936	-0.278516	0.41887	0.40792
UCACA	-0.282902	0.128325	-0.794893	0.608791	1.57594	0.802782
AGACA	0.560848	1.67653	-0.324121	1.41922	-0.090188	-1.42424
CGACA	-2.17429	0.263454	1.62701	-1.47124	-0.818338	-0.0586553
GGACA	0.405061	1.54278	-1.51911	0.478664	-0.0804657	-1.17516
UGACA	-4.73936	0.25743	-1.65055	-0.981056	-2.7745	-0.109128
AUACA	0.560272	1.13021	0.958518	2.67435	-2.45396	-1.72517
CUACA	-0.74747	-1.40562	4.03925	2.99951	2.5293	3.25023
GUACA	-0.16281	-0.45192	1.50517	-0.110277	-1.72814	-0.355315
UUACA	-5.74956	0.0119945	-2.36513	-1.40086	-0.117552	-2.07227
AACCA	-0.139757	1.26372	-1.53055	-1.54579	0.93946	-0.877831
CACCA	1.87614	0.0168532	-0.824657	-0.72923	2.68729	1.52888
GACCA	-0.262123	-0.079674	-0.0571111	2.05128	-1.40363	0.599841
UACCA	-2.68694	-0.664822	1.03896	-1.19095	-2.17184	-0.030731
ACCCA	0.5753	-0.347689	-0.579193	-0.515804	0.429897	-0.173315
CCCCA	1.82369	0.962794	-1.69351	1.98829	-0.0928277	-0.150456
GCCCA	-0.421137	-0.103134	3.47846	-2.08841	3.75693	1.05549
UCCCA	-0.926416	-0.651407	0.180796	1.11235	0.739404	-0.127489
AGCCA	3.52016	0.265621	2.49642	0.950616	1.15759	1.23103
CGCCA	2.59881	1.02444	1.13934	0.397511	0.673674	0.0798875
GGCCA	0.13652	0.134775	-1.06893	0.423627	1.782	0.537989
UGCCA	-4.00031	-0.198141	0.619347	-0.0807517	0.0904348	1.98306
AUCCA	-0.632147	-0.906153	-0.62588	1.80242	-0.700363	0.146464
CUCCA	1.48913	1.69491	-0.0484126	1.37294	1.27155	0.138402
GUCCA	0.928744	-0.911678	-0.480557	0.172762	-0.317169	-0.288351
UUCCA	1.46932	-0.955193	-0.610782	-0.127024	-0.454525	-0.247438
AAGCA	0.566053	0.0486615	0.496978	0.928358	-2.88137	0.844245
CAGCA	0.112414	0.884069	0.277485	-0.750402	-0.391557	1.12167
GAGCA	0.935385	0.584033	0.0972726	-0.829934	1.59669	0.879561
UAGCA	-1.68787	-1.5903	1.31958	1.31848	-0.0189987	-0.665886
ACGCA	0.926257	-0.594455	-0.49534	-0.231309	-0.250241	-0.0169378
CCGCA	1.14546	-0.748188	-0.336791	-0.0763691	-0.436621	-0.0858498
GCGCA	0.995152	0.240832	-0.960029	0.918286	-0.180978	0.535353
UCGCA	1.52116	-1.13972	-0.446344	-0.220286	-0.375659	-0.138554
AGGCA	-2.4445	-0.224128	1.01796	-0.0877101	-0.359177	-0.347461
CGGCA	-1.11781	0.171307	-1.51426	-0.446218	1.30089	1.32031
GGGCA	0.403731	0.700631	-2.01702	-1.87052	1.7227	1.32013
UGGCA	0.161318	2.95824	-0.371725	0.50605	0.688229	-0.166156
AUGCA	0.0193822	0.0184821	-1.4992	0.341182	-1.99772	1.21992
CUGCA	-1.22484	0.0909348	-1.33089	-0.556912	2.01761	-0.509431
GUGCA	-0.357625	0.75729	0.0195623	-0.717519	-3.23747	-0.442119
UUGCA	1.05493	0.253004	-0.760212	-0.643078	-0.572817	0.10836
AAUCA	1.54444	1.27115	-1.12621	-0.0576654	-1.70167	-0.852824
CAUCA	7.46831	-0.239268	0.812974	-0.379544	-0.211107	-0.061842
GAUCA	1.7497	-1.10497	-0.362394	-0.425402	-0.287135	-0.0205818
UAUCA	0.287897	-0.73647	1.19416	2.8248	-0.283454	-0.626553
ACUCA	-0.517896	-0.511223	0.0902292	0.640738	1.71697	1.85836
CCUCA	0.470885	1.25177	-1.27833	0.733405	-1.23594	-0.581861
GCUCA	0.905547	-0.969834	-0.480414	-0.393963	-0.165521	0.0605802
UCUCA	0.540888	-0.348309	0.0471008	-0.29277	-0.158333	-0.112994
AGUCA	-1.24523	-1.10736	5.44002	-1.15061	2.43112	1.30147
CGUCA	1.10931	-0.831549	-1.47259	0.538359	-0.9411	0.17348
GGUCA	-4.24329	-0.217621	-2.38526	0.191532	0.096224	1.70893
UGUCA	0.807477	-0.525037	0.00937907	-0.602363	-0.275873	-0.124945
AUUCA	-1.38993	0.626358	-1.65854	-2.48102	1.61323	0.77945
CUUCA	2.60766	-0.941411	-0.498716	0.5322	0.183855	0.0363854
GUUCA	1.75482	-0.216536	0.0801881	0.137818	-0.328683	0.124544
UUUCA	1.25339	-0.759814	-0.390105	-0.702894	-0.861437	0.465983
AAAGA	3.10975	-0.262364	-0.275872	-0.74876	0.351593	-1.50607
CAAGA	0.772616	-1.22424	1.9296	0.18546	-0.0667676	0.0898066
GAAGA	0.398155	-0.783611	2.22814	-0.0751994	1.50711	0.521104
UAAGA	-2.20679	-1.35224	-0.224022	-1.50483	1.02984	0.672075
ACAGA	-3.27516	0.308441	-1.81427	1.05297	-4.35724	1.68489
CCAGA	1.93529	-1.10273	-0.650958	-0.304629	-0.738856	-0.113544
GCAGA	1.92448	-0.282505	0.881837	0.450432	-0.0687268	0.070675
UCAGA	1.25192	-2.07422	1.83219	0.296122	-0.710267	-0.0543295
AGAGA	-3.42677	0.073963	0.385935	-3.65873	0.0497638	0.843959
CGAGA	0.831025	-0.646415	-0.584978	-0.152689	-0.0714464	-0.0360854
GGAGA	1.55275	-0.948829	-0.404284	0.0507763	-0.185226	-0.247503
UGAGA	1.0279	-0.733812	-0.728091	0.00590367	-0.652118	0.110213
AUAGA	-4.49475	-2.91281	0.0268718	2.27199	-0.87869	-0.41786
CUAGA	0.786336	-1.1614	-0.0530655	-0.35542	-0.0460036	-0.0343714
GUAGA	0.138096	0.50893	-2.2749	-0.631972	-0.528796	-0.938489
UUAGA	0.218413	-0.378579	-0.14451	0.400892	0.00890927	-0.172061
AACGA	-3.84337	-1.34076	-0.152344	1.17987	0.921493	-1.21265
CACGA	0.941949	-0.792568	-0.543577	-0.19466	-0.0640135	0.0312138
GACGA	0.933368	0.693956	-0.231185	0.165323	-1.63141	-0.0489195
UACGA	-2.05533	2.29905	-1.34516	-0.213954	-0.377262	-0.739179
ACCGA	1.06676	-0.488523	-1.01683	-0.754529	-0.81958	-0.113962
CCCGA	-0.469538	0.325842	-1.50481	1.46649	0.456235	0.0494572
GCCGA	0.513416	-0.412332	-0.516166	0.357	-0.361606	0.051514
UCCGA	-2.24951	-0.53159	1.01935	0.169723	1.34277	-0.312635
AGCGA	0.648592	-0.539935	-0.0390969	-0.681485	0.14325	0.067674
CGCGA	0.893775	-0.832367	-0.543291	-0.128766	0.159296	0.00242871
GGCGA	4.01858	0.49771	-1.60095	0.2004	0.362339	-0.259664
UGCGA	0.87524	-0.609843	0.207677	-0.339336	-0.334518	-0.285303
AUCGA	-1.34236	0.763198	-1.24994	-0.888441	-0.676798	-0.806192
CUCGA	1.18308	-0.466776	-0.441711	-0.374355	-0.506668	-0.0630978
GUCGA	0.679665	-0.681097	-0.272825	0.0222066	-0.139395	0.116517
UUCGA	-3.02985	-0.322607	0.290556	-1.86858	-0.137821	1.43897
AAGGA	-2.30405	0.0719849	-2.60686	0.212026	-0.414367	1.23928
CAGGA	0.28851	-0.0927765	0.356837	-0.0111969	1.0053	-0.465309
GAGGA	3.15531	1.64722	0.340605	0.219398	-1.61649	-0.143863
UAGGA	0.241244	0.152895	-0.497203	-0.64174	0.218185	0.106519
ACGGA	-1.33202	0.882176	-0.805392	-1.84021	-0.365218	-0.414901
CCGGA	-0.0929609	0.404906	1.0963	-0.103124	-0.637951	-0.0879439
GCGGA	0.364782	-0.767418	-0.0260047	0.217557	0.128167	-0.00735929
UCGGA	0.777585	-0.88416	-0.399791	-0.0849633	-0.0987324	-0.00476638
AGGGA	0.898817	0.915808	1.07034	-0.136129	-0.403783	-0.649165
CGGGA	3.13508	1.32494	-0.148323	0.134149	0.0161962	-0.141894
GGGGA	2.84088	2.99943	0.260666	0.261788	0.104147	0.00314098
UGGGA	0.480559	-0.265495	0.883598	-0.379765	1.70962	0.263646
AUGGA	0.623747	1.92596	1.1036	1.23046	1.24267	0.167672
CUGGA	2.10215	0.925368	0.422469	1.14284	-1.02322	0.0828211
GUGGA	3.00293	-0.0142052	-0.343683	-0.654671	0.615443	-0.0479651
UUGGA	-0.119926	-0.755934	2.57209	4.35891	-1.29213	0.493332
AAUGA	1.92179	2.68679	-0.828318	-0.436269	-0.547829	1.64712
CAUGA	0.35573	0.0515739	-0.467883	-0.351567	0.116785	-0.144073
GAUGA	2.79003	1.35127	0.167684	0.115954	0.884751	0.660103
UAUGA	-0.915042	-1.16621	-0.0141271	-0.773643	1.08136	-0.0880966
ACUGA	-0.472341	-0.440908	0.225453	0.64865	1.28202	1.39698
CCUGA	-0.424592	0.0652751	-0.771312	0.0863809	1.56135	-1.21244
GCUGA	6.21111	0.0567546	-0.0438714	0.553223	-0.353058	-0.0778414
UCUGA	0.983846	-1.50836	-0.14726	-0.229599	-0.0560768	-0.0160884
AGUGA	0.999654	-1.01382	-0.509564	-0.467026	-0.0798154	-0.0862024
CGUGA	-4.41498	0.720208	-1.97278	-0.993296	-3.33562	-0.361231
GGUGA	-0.433577	-0.854696	-0.399872	1.08193	0.379497	-0.10846
UGUGA	0.168963	-0.224089	1.43638	0.209864	0.526133	0.244531
AUUGA	0.94481	-1.31149	-0.0273633	-0.339721	-0.180824	0.0681985
CUUGA	0.803085	1.7592	-2.81073	-1.23478	-0.312545	-1.16859
GUUGA	0.473095	-0.226796	1.66252	0.191718	-0.931961	-0.295837
UUUGA	-5.5093	-2.08599	-0.169566	-2.5101	0.998169	2.25501
AAAUA	0.711431	-1.32569	-0.251512	3.43715	1.57514	3.69254
CAAUA	0.391847	-0.079751	-0.236433	0.322236	-0.777609	0.153683
GAAUA	0.167382	-0.566927	-0.214257	1.0234	-0.937069	0.0983839
UAAUA	4.68445	0.726874	-0.823262	-2.06	-0.763034	0.475774
ACAUA	-3.40748	-1.99576	-0.900703	0.858643	0.455682	1.21993
CCAUA	-2.42566	-2.09508	-0.504666	-0.905082	-0.840876	-0.00563127
GCAUA	-1.62814	0.211673	-0.296229	-0.30208	1.30212	-0.398684
UCAUA	0.394395	0.561341	2.63103	0.333263	-1.28798	0.929954
AGAUA	3.93655	1.74093	-2.27764	0.989648	-0.0463855	-0.131828
CGAUA	0.756848	-1.34829	-0.00851347	-0.101241	0.0783005	0.0089522
GGAUA	-3.1438	-2.3258	-1.50245	3.31029	-0.586401	-0.869125
UGAUA	-0.469228	0.16166	-0.164845	-0.567791	0.811434	0.280331
AUAUA	-0.565258	0.240295	-1.60121	3.13208	-0.61478	-1.27314
CUAUA	1.40699	-1.19896	-0.535886	-0.149413	-0.348919	-0.202116
GUAUA	-0.0869583	-0.867154	1.07384	-0.192155	-0.146975	0.270281
UUAUA	-0.0184292	0.150057	-0.448004	-0.253575	0.5387	0.147755
AACUA	-2.54994	0.175385	-0.878518	0.0843864	-0.337413	2.82049
CACUA	-0.39239	-1.29614	-0.464447	0.179328	-0.612326	-0.918729
GACUA	-7.94578	-3.40349	-0.340996	0.459971	0.0871705	0.732616
UACUA	-1.32509	-0.0344463	1.9409	0.148187	-2.41251	0.00941054
ACCUA	0.291624	-0.528879	1.02699	-0.81907	-0.603354	0.119077
CCCUA	1.58507	0.228924	-1.00646	-0.12808	-0.185569	0.829752
GCCUA	-1.06683	1.84553	-1.3149	1.98554	-0.197339	0.216104
UCCUA	1.31221	0.250834	-1.41363	0.424783	-0.299988	-0.927495
AGCUA	-0.513086	0.195296	0.773034	-2.14439	1.44829	0.206778
CGCUA	0.607277	1.04839	-2.01985	-0.349871	0.882462	0.0220499
GGCUA	0.936117	-1.12451	-0.213741	-0.167095	-0.00117246	-0.112965
UGCUA	-1.07729	0.0362896	0.803985	-0.433417	-0.600289	0.29577
AUCUA	-0.728834	-0.101382	0.509066	-0.505612	1.98146	0.243083
CUCUA	-3.20164	-0.053591	0.266188	0.388833	0.467766	-1.66333
GUCUA	0.973297	-0.876543	-0.683514	-0.427917	-0.0718502	-0.013349
UUCUA	-0.647733	-0.400634	0.771536	0.0506051	-0.136568	0.148148
AAGUA	-0.244633	0.557115	-1.29867	-0.0253884	0.155625	1.99025
CAGUA	0.138406	-1.37817	0.370864	-0.0118433	0.636679	-0.0284254
GAGUA	0.609488	-0.519817	-0.0907449	-0.197033	-0.111828	-0.023496
UAGUA	2.08488	-0.417498	-0.755835	-1.61155	-0.163033	0.533903
ACGUA	0.885822	-0.594544	-0.471066	-0.279146	-0.367911	-0.0447208
CCGUA	-1.69276	0.185009	0.0100662	0.0337889	-0.238684	1.8041
GCGUA	-0.0443703	-0.37184	-0.0186022	0.998963	0.928513	0.243538
UCGUA	1.19399	-0.936199	-0.248703	-0.410713	-0.526934	-0.102598
AGGUA	8.78484	1.52223	-0.0147602	-0.446051	-0.413507	-0.00764305
CGGUA	0.107772	0.154553	0.0770441	-0.380126	-0.0553651	-0.0954115
GGGUA	-0.957768	0.0443564	1.64191	1.27823	0.129487	-2.70903
UGGUA	-0.469988	0.119626	0.320479	-0.935148	0.887809	0.248241
AUGUA	2.35484	-1.07436	-0.840818	0.0272583	-0.953217	0.0635379
CUGUA	-0.279957	-0.126672	0.490398	-0.251668	0.503344	-0.0633394
GUGUA	-1.21328	0.184053	2.7216	1.82757	-2.77442	-0.322191
UUGUA	-0.377953	1.97463	-0.945508	0.499823	1.1538	-0.787701
AAUUA	0.202197	-1.04258	-0.544967	0.17796	1.75782	1.89228
CAUUA	0.990988	0.872603	-1.01343	0.659264	0.806633	-0.940507
GAUUA	2.32109	-0.31276	-0.670462	2.72607	1.05252	0.217034
UAUUA	-0.348637	0.370429	4.98526	-3.16384	-0.34834	1.79503
ACUUA	-1.67236	-1.42587	1.52118	1.04691	-0.0908681	0.25805
CCUUA	-5.15135	0.149829	-5.51011	-0.808918	0.341775	-0.877075
GCUUA	1.32023	0.319165	2.03738	-0.198114	-1.18175	-0.274006
UCUUA	0.250127	1.10782	-0.024679	-1.42067	-0.979289	0.866143
AGUUA	4.65514	0.44305	0.416714	-0.0256557	1.35154	-1.30648
CGUUA	0.16626	0.209318	-0.0588681	0.164909	-0.421246	0.0387966
GGUUA	1.17412	-1.12061	-0.535632	-0.414598	-0.117283	0.0128622
UGUUA	-2.97101	-0.96458	0.539769	2.03007	0.828514	-2.0632
AUUUA	2.06319	3.08926	-0.329791	1.53431	0.990919	-0.728002
CUUUA	0.563926	0.125869	-0.177724	-0.545787	-0.0853841	-0.085524
GUUUA	-0.166192	0.243577	-0.830371	0.00584558	-0.0487014	0.742458
UUUUA	0.532132	4.44885	1.00141	2.03118	-0.264448	-0.2149
AAAAC	2.6699	0.380447	2.64687	0.612288	-0.330163	-1.34862
CAAAC	-3.99777	0.625746	-0.0315283	-0.313183	-0.976066	-1.53268
GAAAC	1.25981	-0.851696	-0.654551	-0.134922	-0.467075	0.0702864
UAAAC	1.43539	3.42358	1.99605	-1.14998	0.544212	-1.64754
ACAAC	-3.92174	-0.789967	-1.9378	1.59579	0.486226	-3.07818
CCAAC	-1.94645	0.0290295	0.63812	-2.49616	0.731886	0.297657
GCAAC	0.108822	-0.38135	0.265698	0.462124	-0.280037	-0.0499694
UCAAC	-0.571631	-0.020207	0.50041	0.63514	0.938933	0.470675
AGAAC	-3.33937	-0.132966	-1.55333	-2.44986	1.71852	1.59099
CGAAC	-0.484935	0.464836	0.360747	0.0864005	-0.542687	0.0626221
GGAAC	-2.40915	-0.294813	-0.0906205	1.42924	-1.13415	1.08075
UGAAC	0.595909	0.49227	0.108385	0.0285215	0.159156	-0.962082
AUAAC	2.10795	-0.0544183	-1.66	0.265887	2.12982	0.525523
CUAAC	-3.94604	-0.766142	0.489535	0.690381	-1.80708	0.441396
GUAAC	-3.55874	0.557971	-1.92251	-1.36325	-1.67422	-1.41494
UUAAC	-1.26645	-1.2822	1.89854	0.254569	1.58297	0.0148609
AACAC	-3.2214	0.887142	-1.12565	-1.95924	-0.269936	-2.07417
CACAC	0.448747	1.40795	-0.884542	-2.14545	-0.6617	-0.202873
GACAC	-3.16307	-2.55813	0.71196	1.47226	0.304036	-0.841291
UACAC	-0.202295	0.122134	-0.920677	2.66235	0.642171	-0.905569
ACCAC	2.27429	-0.892364	-0.0067053	1.04048	3.81858	-0.355575
CCCAC	0.141589	-0.52245	0.982727	0.432834	2.31851	0.317216
GCCAC	0.524375	-0.271471	0.101761	-0.316802	-0.154439	0.0670175
UCCAC	0.207915	0.962811	-1.51941	1.96093	-2.123	-0.569202
AGCAC	1.05506	-1.38336	-0.407573	-0.299117	-0.00624223	-0.0159528
CGCAC	-3.28526	-0.0236123	0.896253	0.570257	-1.31292	1.41195
GGCAC	2.98153	0.92968	0.342657	1.05103	0.347923	-0.158351
UGCAC	0.878865	1.40866	-1.59921	0.375134	0.793478	-0.0788727
AUCAC	1.50256	0.987324	0.0229291	-0.487839	-1.59499	-0.585872
CUCAC	-1.05722	0.197743	-1.11303	-0.151848	-0.434748	1.9677
GUCAC	1.40608	-1.4376	0.425497	-0.622197	-0.47084	-0.365429
UUCAC	1.71879	-1.27403	-0.624726	-0.468862	-0.451438	-0.201679
AAGAC	1.15457	-0.242156	-0.228418	1.09384	2.07129	0.582534
CAGAC	-0.937239	0.459212	-3.08491	1.27272	0.573867	-0.216882
GAGAC	1.30171	0.368191	0.245453	0.134943	-0.62977	-0.301863
UAGAC	-3.73733	-1.51681	1.38934	-0.203238	0.156504	-0.198924
ACGAC	-3.26976	0.00588896	-1.28038	-1.33872	1.56278	0.351955
CCGAC	0.749882	-1.07753	-0.0107592	0.189719	0.231712	0.108134
GCGAC	0.885854	-0.668299	-0.149878	-0.307355	-0.0330862	-0.0223136
UCGAC	0.391034	0.174199	-0.0693205	1.19052	-0.507177	-0.0520079
AGGAC	1.48079	1.57268	-0.130545	1.01782	-1.09792	-0.517242
CGGAC	-0.248164	0.466831	0.394692	-0.344045	-0.733972	-0.0188782
GGGAC	1.36937	1.79933	-0.446646	0.254477	0.654222	-0.245271
UGGAC	6.52035	0.589352	-0.401344	-0.235034	0.424037	-0.126772
AUGAC	-0.873134	-0.441245	0.572607	0.851314	4.50477	1.58201
CUGAC	-3.12647	0.437337	-1.01734	-0.235232	-0.258687	-2.39298
GUGAC	1.89513	2.0153	-1.26181	0.70267	-0.669911	0.35678
UUGAC	1.05677	-0.783773	-0.855937	-0.161492	0.242438	-0.173418
AAUAC	-0.574317	0.251816	-0.0472593	-0.254644	1.00872	0.889746
CAUAC	-1.26161	-0.328186	-0.953739	1.30938	-1.38283	0.81736
GAUAC	0.180841	2.75863	-1.51565	0.896782	0.958227	0.191061
UAUAC	-0.713543	0.74199	-1.01632	2.88187	-1.81182	-2.54188
ACUAC	0.807157	-0.762967	-0.094972	0.231141	-0.692098	0.0725271
CCUAC	1.13254	-1.12194	-1.66579	0.617312	-0.102224	-0.13338
GCUAC	-2.22204	-0.235827	-1.60174	0.915201	1.93442	0.926804
UCUAC	-2.26759	-0.6932	2.1447	-0.809675	-2.62033	-0.112494
AGUAC	-1.40441	0.478772	-0.054139	-0.646192	-0.716482	0.568972
CGUAC	-0.803809	-0.0551913	0.215376	0.0525934	-0.288549	0.315812
GGUAC	-0.595554	1.02518	1.36986	1.05348	0.833206	0.714084
UGUAC	0.167219	1.78689	-2.35926	0.0309118	-1.43193	-1.57951
AUUAC	0.217955	-0.18001	1.35246	-0.487171	0.0562239	0.124273
CUUAC	-1.68413	-2.11142	-0.0680935	2.61649	3.29551	2.89174
GUUAC	2.63056	0.25857	-1.59528	0.30775	-0.33785	1.83641
UUUAC	-1.43389	-0.852679	0.421881	3.38054	0.686062	-2.19441
AAACC	-2.60927	-0.784772	-0.455003	0.887103	0.90208	0.16379
CAACC	-1.76219	0.720128	1.46276	-2.06637	-1.38273	-1.3243
GAACC	0.352949	0.384492	-0.321476	-0.4269	0.111846	0.428339
UAACC	-1.05906	-0.213393	-1.15365	1.74836	-0.716044	-0.583823
ACACC	-2.62495	0.494775	0.427632	-2.00177	-0.47344	-1.60114
CCACC	7.843	-0.356326	-1.10792	1.63176	3.23554	0.63287
GCACC	2.12488	1.79347	-2.12122	-0.833915	0.254024	1.188
UCACC	-3.94755	0.0802571	-0.482624	-0.478657	-2.13477	1.93836
AGACC	2.15328	-0.169141	2.38683	0.00829014	0.105027	1.02557
CGACC	-1.67116	0.987458	-1.27769	-1.1853	-1.42366	-0.134931
GGACC	1.94587	0.494625	0.999146	0.289792	-0.391639	-0.325419
UGACC	-0.789782	-0.190458	-1.03053	0.5247	0.83792	0.27824
AUACC	-2.89711	-1.47871	-0.118857	1.18363	0.625285	0.719943
CUACC	-1.14761	0.576585	-0.861357	1.08871	0.546759	-2.02977
GUACC	0.657357	0.502876	-0.139041	-1.05453	-0.756022	-0.519071
UUACC	-1.36154	-1.05522	-0.960722	1.63878	0.199785	0.847917
AACCC	-1.10494	0.0859018	0.148845	-1.9927	0.202469	1.44034
CACCC	-4.60513	-1.52441	0.709781	1.37194	-1.64602	0.407066
GACCC	0.329944	-0.0535224	-0.0230601	0.925092	0.0107003	-0.280573
UACCC	1.19416	-0.710639	-0.588824	0.113688	-0.760798	-0.106804
ACCCC	1.68676	-1.19059	-0.354019	-0.303597	-0.569216	-0.104816
CCCCC	0.962501	-0.0335335	0.088043	1.15319	0.979946	0.474843
GCCCC	2.47226	0.863264	-1.54731	-0.342744	0.0408238	-0.115161
UCCCC	-0.193983	2.4325	-1.26395	1.81384	-0.263734	-0.269097
AGCCC	2.86517	1.33736	-2.28019	-0.102823	-0.336547	0.119002
CGCCC	-1.22534	0.14582	0.630488	-0.235473	-0.87895	0.351491
GGCCC	0.473305	2.17219	-1.3567	0.592843	0.456095	0.0900202
UGCCC	-0.477099	-0.351637	-1.10645	2.17218	-0.795696	0.589397
AUCCC	1.16998	-0.517964	0.468604	0.831908	-0.465683	-0.233169
CUCCC	-1.60115	-1.95844	0.529152	2.82419	-1.64639	-0.675985
GUCCC	0.882078	-1.0844	-0.280586	-0.289347	0.0672165	-0.0550827
UUCCC	-0.347895	-0.41747	0.0949137	-0.212771	1.23384	0.66702
AAGCC	1.25185	0.413974	1.4429	-0.359816	0.971148	0.673905
CAGCC	0.0317604	0.192797	-1.25929	0.201832	0.363649	0.697622
GAGCC	0.263363	1.19571	-1.49297	-0.0488229	-0.0460533	-0.259392
UAGCC	-2.88789	-0.891415	1.12123	2.9717	1.39125	-0.00887233
ACGCC	0.220488	-0.264146	-0.529434	1.91169	1.52442	0.492438
CCGCC	1.73277	-0.634	-0.0859365	0.533525	0.170331	-0.00925078
GCGCC	0.326641	-0.622447	0.365167	-0.10831	-0.0572535	-0.0336564
UCGCC	0.108181	-0.0977228	2.37789	0.635873	2.52316	0.369297
AGGCC	2.85262	-1.06685	-0.213852	-0.446237	0.0335248	0.0303888
CGGCC	0.307905	-0.10102	-0.0883147	-0.535989	-0.824844	0.0493137
GGGCC	1.41659	1.3616	-1.17678	-1.21721	-1.11378	-0.146641
UGGCC	-1.01722	-1.06776	0.0685856	2.56405	0.582782	-0.442852
AUGCC	1.1084	-0.775589	0.0129098	-0.409851	-0.308581	0.049528
CUGCC	2.52468	-0.981823	0.00660123	-0.226353	-0.130799	-0.103599
GUGCC	1.98588	1.90792	-2.20711	0.360787	0.121218	0.166818
UUGCC	-0.5659	0.784848	-2.65134	-0.289964	-1.05271	-1.27581
AAUCC	-1.3908	-0.400632	-0.522753	2.30272	-1.50366	-0.348454
CAUCC	0.00327235	0.971441	-2.32932	-1.29981	0.657706	1.61162
GAUCC	2.86221	0.677774	2.73883	0.312303	-0.968107	1.05231
UAUCC	-0.632608	0.151354	-2.38888	-1.30286	1.61276	-0.44473
ACUCC	-4.84387	-1.71136	0.418728	1.56536	-3.50827	-1.14663
CCUCC	-2.39165	0.0702547	-0.00756768	0.167739	-1.15019	-1.4474
GCUCC	1.75775	0.449313	0.862262	-0.723689	-0.575617	-0.232627
UCUCC	-1.06545	0.0994658	-0.0710257	0.582477	1.33595	0.0268999
AGUCC	-1.53513	-0.841587	1.11026	-0.465575	-0.370633	0.0942058
CGUCC	-0.255621	-0.00300927	1.74506	0.761652	1.62691	1.20961
GGUCC	-1.64259	0.791029	-0.769899	-0.129942	-2.00147	-1.37715
UGUCC	-2.96125	0.657905	-0.792952	-1.2187	-2.49782	0.220042
AUUCC	1.35494	-0.843904	-0.976031	-0.229302	-0.138338	-0.261393
CUUCC	0.578574	1.96724	-2.81136	2.81138	-2.02788	-0.61507
GUUCC	0.457422	-1.1647	-0.536132	0.919222	-0.170956	-0.291396
UUUCC	0.501532	1.57376	1.08891	1.76694	-2.29754	1.62725
AAAGC	-0.502354	0.649034	1.52589	-0.336239	-3.54444	-0.884465
CAAGC	-1.51988	-1.41006	1.69466	0.467945	0.366572	1.93705
GAAGC	0.652306	0.167536	0.0297625	-0.318217	0.665648	-0.0577382
UAAGC	-2.03439	-0.439334	0.577328	0.95494	-0.338455	2.86227
ACAGC	1.56684	-1.30958	-0.552945	-0.195183	-0.385901	-0.261075
CCAGC	1.05582	-0.107929	1.46915	-1.23767	0.379323	0.12466
GCAGC	4.85283	1.95483	0.213864	0.195847	0.191495	0.0676471
UCAGC	-4.28483	-0.732529	0.545348	-0.285807	-0.466958	2.11625
AGAGC	-0.73589	0.682792	1.48223	-0.857544	0.131353	-0.0638228
CGAGC	-4.75251	0.071683	0.519917	0.0605086	-2.63667	-0.522502
GGAGC	4.90291	0.193436	0.262792	0.800795	-0.0754749	-0.0714894
UGAGC	3.35063	2.07034	0.100423	0.204305	0.286995	0.179394
AUAGC	-0.167252	2.40355	0.643142	0.436514	0.24777	0.18264
CUAGC	-3.54722	-0.440157	-0.0545372	1.64723	-0.661832	-0.569172
GUAGC	0.885916	-1.05665	-0.517742	-0.101773	-0.156492	0.0589655
UUAGC	-1.03948	-0.352833	2.77025	0.326088	-0.96986	-0.857945
AACGC	-1.4964	3.42069	-2.8217	0.383456	0.555173	1.00177
CACGC	1.29407	-1.08785	-0.130024	-0.537006	-0.365033	-0.0435693
GACGC	-0.287851	-0.190966	-0.189963	0.278189	0.154504	0.803512
UACGC	0.774202	-0.775635	0.00554156	-0.267648	-0.120561	-0.0591589
ACCGC	-2.07656	-0.98871	0.31264	2.43936	-1.3592	-0.172747
CCCGC	0.415585	-0.466977	-0.212844	0.0909119	-0.170231	0.0964931
GCCGC	2.40371	1.10611	0.750617	0.379584	0.397098	0.0349872
UCCGC	1.25724	-0.688377	-1.09602	0.353933	-0.227587	0.277691
AGCGC	-2.40925	-0.292002	0.184968	1.47559	0.269451	0.0747482
CGCGC	-0.19688	-0.431911	1.77618	0.40992	0.353809	0.116896
GGCGC	-0.525582	0.0698368	-0.962426	1.59502	0.0434763	0.595101
UGCGC	1.0009	-1.01962	-0.0987435	-0.544618	0.0483437	-0.0256137
AUCGC	-0.472684	0.551878	-0.826219	-1.20254	1.40896	-0.190116
CUCGC	-2.5241	0.0639805	-1.73837	0.523849	-2.12831	1.03144
GUCGC	0.804335	-1.28248	0.490217	-0.315295	-0.36336	0.101485
UUCGC	0.185062	-0.210613	0.143432	-0.223002	0.0911357	-0.120119
AAGGC	0.231802	1.90441	-2.24992	-0.471344	-0.20512	-0.297022
CAGGC	1.25128	-1.41929	-0.580007	-0.165271	-0.132689	-0.0234667
GAGGC	0.15137	-0.0537145	0.319151	-0.0636466	-0.0810052	-0.0599561
UAGGC	-3.22085	-0.795036	0.844582	1.42603	-0.351326	-0.571503
ACGGC	-0.564828	0.193751	2.70852	0.189434	-0.597508	0.62275
CCGGC	-2.3681	-0.469496	-1.03745	2.69323	0.321805	0.487768
GCGGC	3.75651	0.604878	-0.384947	-0.470178	-0.656618	0.213069
UCGGC	2.20664	-0.904626	0.0765695	-1.23121	-0.706699	-0.0975985
AGGGC	1.46966	-0.00157915	0.576008	-0.0103737	0.238727	-0.44651
CGGGC	-1.72115	0.0641901	-3.05339	-0.423638	1.09951	-0.0904433
GGGGC	4.27544	1.80472	0.0975172	-0.740002	-0.105264	0.0754907
UGGGC	1.74278	0.974381	-1.09082	-0.154325	0.332377	-0.0616547
AUGGC	0.0823895	-0.90672	1.00954	1.99347	0.215485	0.23688
CUGGC	-2.41084	-0.666164	-0.903054	0.697567	4.01355	-1.39273
GUGGC	6.51755	1.67982	0.768493	0.597071	-0.0841701	0.0156432
UUGGC	1.20605	-1.25695	-0.348474	-0.365544	-0.0929373	-0.0775295
AAUGC	0.351597	-1.07917	2.49428	-0.0603567	-0.489833	-0.100277
CAUGC	0.925598	0.797313	-1.21857	-0.588219	-1.23018	0.230102
GAUGC	-5.04827	-3.26273	1.25867	-1.09984	0.145577	0.207079
UAUGC	-1.27762	0.302534	-0.454771	-0.56522	-0.370449	1.88931
ACUGC	-1.07918	-0.181244	-0.0366298	1.42584	0.818336	1.06771
CCUGC	-0.837425	1.1398	-0.761489	-2.28991	-0.35811	-1.47127
GCUGC	-2.99064	0.366887	0.194393	-1.76311	-1.30861	-2.86513
UCUGC	-0.295713	-0.444332	0.686138	1.66464	-0.0727149	1.19077
AGUGC	-3.26445	-2.21513	2.79539	2.3351	-0.214513	0.566476
CGUGC	0.113673	-1.45937	1.18642	-0.69219	-0.435922	0.112076
GGUGC	-1.97265	-0.179818	-1.34941	0.0278148	3.41324	0.104616
UGUGC	-2.4796	-0.183328	0.359973	0.363672	1.98819	-0.564707
AUUGC	0.151886	0.305085	0.422101	0.705088	0.362603	0.556172
CUUGC	-1.47041	-0.265416	-0.222657	3.216	-3.59826	-0.443296
GUUGC	1.61124	-0.878388	1.06443	0.0421001	0.185674	0.0719777
UUUGC	1.60647	1.0262	-1.4541	-2.09465	0.460641	-0.0854693
AAAUC	-0.0709099	-0.895211	4.18416	0.128012	-1.59083	1.81371
CAAUC	1.43121	-1.11883	-0.54438	0.203877	-0.555872	-0.320387
GAAUC	-3.01975	0.0601993	-0.351248	-1.00501	0.894668	2.04178
UAAUC	0.765153	-0.98195	-0.504217	-0.352413	0.415969	-0.221017
ACAUC	2.28349	-0.419744	1.45639	2.35783	-0.49205	1.95505
CCAUC	-1.50546	0.329194	0.460966	0.511234	-0.235898	-0.00277172
GCAUC	1.05267	-1.15047	-0.201363	-0.143627	0.108216	-0.0623229
UCAUC	0.43562	2.03825	-0.0638834	0.870326	1.10121	0.338991
AGAUC	-2.3581	-0.0460249	0.460033	-0.877945	0.0796397	2.86703
CGAUC	0.670787	0.22384	-1.49318	0.227913	0.299008	-0.0142925
GGAUC	-0.475724	0.320259	-1.62865	0.0559759	0.181891	1.37364
UGAUC	0.797257	-0.519509	0.146542	-0.474754	-0.33501	0.00804644
AUAUC	2.35804	0.61599	-1.55414	-1.51082	-0.618861	0.556047
CUAUC	0.16595	-1.88707	-0.416718	-0.563785	2.63582	0.884389
GUAUC	-5.6128	-1.25479	-1.78209	-1.8605	2.18913	1.89569
UUAUC	-0.830363	-0.709259	0.506727	0.619671	-0.0400183	-0.0312282
AACUC	3.76186	0.851549	0.068693	-2.36686	2.35783	0.285196
CACUC	1.09286	-0.665572	-1.09881	0.0960697	0.0886571	0.0288314
GACUC	0.674564	-0.202187	-0.129831	1.14901	1.2522	-2.141
UACUC	0.324278	0.194776	-0.747309	-0.325868	0.227725	0.262026
ACCUC	-2.17257	-0.452249	0.0949835	0.499514	0.846093	-0.619411
CCCUC	-1.15769	-0.528666	-0.188388	2.40286	0.42672	-0.288484
GCCUC	0.342422	0.227709	0.94582	0.130853	-0.875745	-0.629109
UCCUC	-1.56749	-0.502388	0.617222	-2.65707	0.367873	-0.749717
AGCUC	-0.435594	1.70198	-2.61787	-2.99635	-1.03735	-0.795587
CGCUC	-0.0334752	-0.539719	0.322717	0.41781	-0.394105	-0.0143343
GGCUC	0.976512	0.469261	2.17	-0.36694	0.0812929	0.592569
UGCUC	-4.87083	-0.517733	0.0620352	0.504211	-0.452597	1.51394
AUCUC	0.451864	-0.257677	0.0620345	0.215089	0.801313	0.22324
CUCUC	3.70931	1.47541	-0.499664	-0.788894	-1.25228	-2.26839
GUCUC	1.31258	-1.48685	-0.335426	-0.208591	-0.280296	0.00418946
UUCUC	0.218478	-0.066054	-0.877488	0.980495	0.807327	-2.40605
AAGUC	0.370292	-0.0998748	0.0550849	0.111371	-0.677889	0.177397
CAGUC	-2.15583	0.408292	-0.0752263	-0.20025	0.495348	-1.50701
GAGUC	0.164231	-1.63026	0.362296	-0.0017791	0.199448	0.707443
UAGUC	-2.40741	-1.17828	0.348005	1.3408	3.75348	1.36717
ACGUC	0.311564	0.0467391	1.22393	-0.509023	0.768212	0.36015
CCGUC	-1.31399	1.05424	-1.05654	-4.33292	0.475795	1.52549
GCGUC	0.203368	-0.751283	0.12526	0.286239	-0.0500837	0.181714
UCGUC	0.617996	1.27257	-0.247432	0.897764	0.791827	0.510866
AGGUC	2.57982	0.686369	-1.25457	-1.03282	0.00190964	-0.374482
CGGUC	-2.87002	0.380355	-2.08417	-0.62534	1.83247	-0.748539
GGGUC	0.197016	0.567942	-0.14537	1.2714	-0.120489	-0.218264
UGGUC	0.89788	-1.16151	-0.361217	-0.180205	0.0124199	0.00120426
AUGUC	0.523991	-0.540124	-0.106384	-0.177145	-0.0945253	-0.144106
CUGUC	-1.25396	0.152594	0.8542	0.366478	-1.00853	1.86204
GUGUC	-1.47199	-0.572509	0.427676	0.61457	0.77444	-0.269611
UUGUC	1.25641	-0.479538	-0.684828	-0.763556	-0.217619	-0.0797225
AAUUC	-1.94905	0.064728	0.0810995	0.872308	-1.61545	-2.07558
CAUUC	2.42922	0.168739	2.21014	0.508357	-1.87163	1.83508
GAUUC	-0.772692	0.279837	-0.0102686	0.18992	-0.76471	-2.44667
UAUUC	0.870138	1.06745	-0.507302	-0.687293	0.681035	-1.64978
ACUUC	-0.00269618	0.232009	-1.19997	0.21529	2.72582	0.791603
CCUUC	2.33168	1.53729	0.951562	0.675816	-0.140064	0.0615604
GCUUC	4.03682	-0.213081	-0.536174	-0.119397	0.117708	0.0978349
UCUUC	-0.242866	0.643316	3.7448	-1.79842	-2.46875	0.881977
AGUUC	0.658502	-0.387404	-0.50175	-0.115992	-0.258035	-0.0366137
CGUUC	-2.514	-0.125713	0.520111	1.7111	0.368683	-1.55545
GGUUC	0.100304	0.142228	0.374033	0.758493	0.519724	0.260995
UGUUC	0.223241	-0.104256	0.0264319	0.618134	0.503549	-0.112583
AUUUC	-0.600331	-1.26419	-0.374437	1.83517	-0.507797	0.623889
CUUUC	-0.706981	1.34605	1.98136	-3.02093	0.285579	1.21633
GUUUC	-2.25254	-0.218743	1.04528	-1.61921	2.04321	-2.58037
UUUUC	-1.47008	-0.431751	-0.621567	2.16397	-0.681577	0.456147
AAAAG	-1.21452	-0.760843	0.339477	-0.240316	0.663049	0.122492
CAAAG	-3.45668	-0.288346	-0.097606	0.191289	-0.434789	0.631839
GAAAG	-2.71256	-0.349203	-0.343718	-0.0466346	0.445826	3.70815
UAAAG	-0.432652	-1.7636	2.75847	1.61046	-1.08665	-0.00280874
ACAAG	-3.16468	-1.52034	1.34079	-0.210909	-0.0534005	3.69666
CCAAG	3.83462	1.70937	1.09196	1.06048	0.0955804	0.83756
GCAAG	-2.40515	-0.314067	0.310734	-0.572971	-0.684562	-0.0672942
UCAAG	-0.182029	0.272056	0.319544	1.93165	-0.917816	-0.866256
AGAAG	0.819613	0.918844	-1.58749	-1.01472	0.108589	-0.356626
CGAAG	1.24443	-0.325379	-0.844446	-0.405952	-0.592033	-0.26921
GGAAG	0.655987	0.571726	-0.174221	-3.15383	1.04847	0.179451
UGAAG	-1.70952	-0.0061117	1.41499	0.321674	1.30228	-3.14185
AUAAG	0.385299	-0.657173	-0.37712	-0.0726611	0.727702	-0.147231
CUAAG	-0.601806	-0.963128	-0.714902	2.81765	2.06662	1.60674
GUAAG	0.87464	-1.32274	-0.92263	-0.850468	0.495609	0.272062
UUAAG	-0.150269	1.86644	1.50916	0.0653956	-2.867	0.00337859
AACAG	0.990245	-0.0432323	-0.267952	0.558213	1.87424	1.62864
CACAG	0.310533	0.426817	-0.924013	0.638006	0.284335	0.0572885
GACAG	-1.88313	0.556887	-0.140026	-2.02438	-0.941248	-2.20321
UACAG	1.40202	1.18482	-0.270326	-0.204105	-0.721846	-1.3359
ACCAG	-1.126	0.172621	-0.0426847	-2.0237	1.24464	1.65383
CCCAG	2.2238	0.56776	-0.744314	0.485529	0.211538	-0.211094
GCCAG	3.59102	1.8063	1.15862	0.353542	-0.275687	0.0638379
UCCAG	-1.64442	-0.20064	-0.535963	0.634597	0.482479	2.13155
AGCAG	4.60512	2.73392	0.515066	0.505464	0.358283	0.0510009
CGCAG	-3.24059	-0.0969751	-0.546923	1.35592	0.204054	0.844275
GGCAG	3.97851	-0.274346	0.222074	-1.85338	0.704996	0.201677
UGCAG	-2.46893	-0.20772	-0.388787	1.22544	0.234363	1.44149
AUCAG	-1.67205	0.465032	1.16641	-1.32178	0.413608	-0.217094
CUCAG	1.96507	2.20646	0.385129	-1.32099	-2.91552	-0.351272
GUCAG	-2.85808	-0.0903587	-1.34881	0.512167	-0.158591	0.795912
UUCAG	-0.0864898	1.37605	-0.848387	3.49607	-3.21128	2.32705
AAGAG	0.538331	-0.152951	2.90142	1.76937	-0.181152	-0.0372947
CAGAG	3.28106	1.77185	-3.00684	-1.59803	-2.57922	0.110823
GAGAG	-1.02566	-0.519113	1.43058	0.807068	0.166471	-1.14347
UAGAG	0.229182	0.252738	-0.728145	0.309186	-0.211242	-0.0247696
ACGAG	0.870568	-0.323919	-0.612057	-0.119037	-0.0781333	-0.142467
CCGAG	-7.26754	0.453988	-1.8841	-4.12587	-2.87848	0.680769
GCGAG	1.20033	-1.29331	-0.312108	-0.0017127	0.294041	0.0419935
UCGAG	-0.11714	0.341157	0.76202	-0.357413	0.805458	-0.119242
AGGAG	0.994629	-0.445202	0.142746	-0.2919	-0.576876	-0.341098
CGGAG	-2.17628	0.122428	0.671476	-0.730707	0.863165	-1.11417
GGGAG	2.29423	1.21226	-1.99107	-1.12357	-0.161681	0.175637
UGGAG	0.984201	1.83911	1.35549	-1.47804	0.854252	0.255442
AUGAG	-1.24579	0.182628	-1.86412	0.106234	-0.247812	0.933447
CUGAG	0.974282	1.49727	0.72931	1.43378	-0.507555	0.145267
GUGAG	-0.0252511	0.123993	0.275076	0.0956277	1.29037	0.922163
UUGAG	0.522578	1.92059	-0.715082	-0.286102	0.30457	0.941678
AAUAG	1.48606	0.395235	0.34232	-0.921888	-0.212005	-0.795551
CAUAG	0.315319	0.252361	-0.339047	0.261652	-0.818452	-0.388681
GAUAG	1.39706	2.13158	-0.395735	0.907959	0.927864	0.352772
UAUAG	0.789513	-0.315841	-0.284293	-0.228683	-0.381806	0.108384
ACUAG	-1.94257	-0.646153	1.54588	0.283086	-0.225885	0.616601
CCUAG	-0.169991	0.200876	1.09773	-0.971114	-1.07172	0.00183344
GCUAG	0.541452	-0.970883	-0.136191	-0.283755	0.0871102	-0.0260121
UCUAG	-1.49123	-0.731949	-0.826427	1.9019	1.86888	-0.426647
AGUAG	1.59939	0.867684	-0.707981	-2.27911	1.16697	1.3406
CGUAG	1.14377	-0.930782	-0.13706	-0.531866	-0.239201	-0.0370362
GGUAG	-0.537237	0.0970214	0.607348	-0.0058014	0.0157835	-0.978428
UGUAG	-1.63174	-0.208322	2.57491	1.40975	-1.75759	-0.688602
AUUAG	-0.318121	0.447948	-1.71802	-0.0953593	-0.0390077	1.84996
CUUAG	0.800179	0.34	1.14992	-1.02229	-0.346371	-1.48036
GUUAG	0.656794	-0.08694	0.42812	0.545441	-0.562352	-0.740601
UUUAG	-0.446648	0.744193	0.374864	1.03571	-5.1425	0.265837
AAACG	-0.967244	-0.604573	-0.260898	0.971866	1.43105	-0.185711
CAACG	1.06257	-0.685188	0.139809	-0.579296	-0.0980168	0.431005
GAACG	0.319694	-0.708873	-1.1024	-0.197442	0.850679	0.380816
UAACG	0.857821	-1.12359	0.2657	-0.700796	-0.147673	0.0987269
ACACG	0.614646	-0.152678	1.17147	-0.782263	-0.354242	0.175578
CCACG	0.443057	-0.339007	-1.12323	1.39925	1.83833	0.450939
GCACG	-0.168567	1.1593	-1.55775	0.698243	2.28374	-0.194985
UCACG	0.972481	-0.918435	-0.119473	-0.504908	-0.315406	-0.0483212
AGACG	1.00891	-0.717432	-0.835173	0.469991	-0.413262	-0.532288
CGACG	-0.940042	0.22043	0.83472	0.590384	-0.182789	0.480446
GGACG	-0.126794	-0.559963	-0.726369	0.784889	0.737783	0.263748
UGACG	0.351667	2.9248	-0.381658	0.0558969	-1.5935	0.781559
AUACG	-1.44083	0.431793	-1.79267	0.0417192	-1.44757	-0.695203
CUACG	-1.46191	-1.05584	1.65666	0.803465	1.34372	0.132925
GUACG	-0.809333	2.09307	0.921936	0.126947	1.35312	0.421493
UUACG	-1.33128	0.906215	-1.308	0.946779	-0.274051	0.105414
AACCG	-3.0181	-1.54647	-0.719253	4.20911	1.11489	1.97406
CACCG	-0.138712	0.126346	0.0650544	-0.462804	0.865395	-0.180804
GACCG	-0.700199	0.0261592	0.761939	0.811583	-1.68078	-0.804825
UACCG	-3.18011	-1.4591	-0.77824	-0.570212	1.60315	0.270255
ACCCG	-3.32175	-0.659882	0.890139	1.40746	0.0205505	-1.41881
CCCCG	1.60673	-0.750925	-0.044225	0.0903534	-0.208612	-0.125893
GCCCG	-0.410404	-0.570441	0.778545	0.981681	0.799664	0.615655
UCCCG	1.02749	-0.0100333	-1.12212	-0.503777	0.127086	0.291398
AGCCG	2.01329	-0.915841	0.12915	0.514947	-0.0715835	-0.274829
CGCCG	0.238035	2.09186	0.574342	0.459628	-0.128976	0.134031
GGCCG	-0.863909	0.440233	-0.0943144	0.0902242	-0.971409	0.290533
UGCCG	2.08217	1.61535	0.663942	0.27174	-0.0518479	0.0212573
AUCCG	-1.65537	0.344139	-1.70419	0.86407	-0.114387	0.640965
CUCCG	0.471847	0.142021	0.722776	-0.755607	-0.414214	0.104582
GUCCG	-0.467209	-0.596342	-0.14857	0.244738	1.93095	0.951502
UUCCG	-0.593432	1.14105	-0.612269	-0.148153	0.559923	-0.701738
AAGCG	-1.32332	0.332004	-0.414743	-0.0826833	-0.77709	1.39059
CAGCG	6.80234	1.54874	-0.989462	0.535727	0.37619	0.132586
GAGCG	-2.18995	0.296114	-0.451295	-0.494985	0.617217	0.04917
UAGCG	0.122237	0.062352	-0.26777	-0.0403686	-0.0130043	0.0368763
ACGCG	-3.36579	0.306995	-0.90161	-0.132666	-1.9946	0.0769281
CCGCG	0.583362	-0.852537	-0.0891041	-0.125942	0.0536286	0.0368495
GCGCG	0.717024	-1.21161	0.523106	1.00566	-0.026821	0.0398292
UCGCG	-2.21441	0.367495	1.07507	-0.456167	0.0904951	0.048096
AGGCG	0.946025	-1.04068	-0.549762	-0.165305	-0.143892	-0.0285398
CGGCG	0.391387	0.320746	0.257215	-1.37239	0.501376	0.0612716
GGGCG	0.786574	1.62546	-1.65101	-0.00853618	0.158877	0.201756
UGGCG	-0.517731	2.36493	-0.270987	-1.49474	0.377222	-0.322093
AUGCG	0.0120652	-0.102342	0.144187	-0.319684	0.267805	0.100546
CUGCG	2.12073	-0.941573	0.247016	-0.537734	0.153029	0.0943108
GUGCG	0.608315	-0.718498	-0.186689	-0.356465	0.342618	-0.0134985
UUGCG	-1.4413	0.752506	0.422504	1.68813	-0.92515	-1.48206
AAUCG	-1.10848	1.55598	0.233431	-0.169447	-0.539061	-0.632776
CAUCG	-0.175698	0.902054	2.04756	-0.400741	-2.62439	-0.585328
GAUCG	-0.183201	0.569463	-1.15797	0.395446	-0.403969	-0.326667
UAUCG	-0.0820884	-1.015	0.876894	-0.671917	-0.245451	-0.279424
ACUCG	-3.23405	0.516053	0.736552	-2.23472	0.267907	-0.154675
CCUCG	1.93509	-0.349021	0.487951	0.176548	-0.902703	-0.059795
GCUCG	-2.13933	0.00271075	0.904938	-1.25102	-0.0988566	0.28624
UCUCG	0.576718	1.53062	-0.647222	-0.596488	-0.55701	-0.518956
AGUCG	-1.9188	0.0503919	0.255588	1.3312	0.007948	-0.896889
CGUCG	5.27498	1.9075	-0.842898	0.0761914	0.566537	0.516029
GGUCG	-3.38415	-0.868803	-1.91656	0.856138	2.00542	0.0760713
UGUCG	-0.00394171	-0.106595	-0.381865	0.221311	-0.057145	0.0677601
AUUCG	-2.62715	-0.685155	1.12004	0.380452	-0.403712	-0.137163
CUUCG	0.326883	0.178353	2.93906	-1.57327	1.85646	0.138757
GUUCG	2.38264	0.745307	1.15051	0.0780086	0.174454	0.0544296
UUUCG	-2.57613	0.688179	1.53508	-2.81768	-0.32645	0.150256
AAAGG	1.41365	2.06307	-3.44429	-0.21699	-1.82494	0.294414
CAAGG	-0.308069	-0.627689	0.851656	0.541789	-0.187445	-0.0649696
GAAGG	1.37631	1.05191	-2.21953	-2.37372	0.561641	1.68798
UAAGG	-1.08452	-0.296135	-1.17768	1.18582	-0.870234	-1.42812
ACAGG	-1.53063	-1.018	1.54766	1.27217	1.80265	0.744509
CCAGG	-2.18348	0.195663	-1.86161	-1.15131	-0.288744	-0.863943
GCAGG	3.46688	2.1068	0.019268	0.520043	0.0606797	-0.0489244
UCAGG	1.45209	-0.46629	-0.689592	-0.832504	-0.419981	0.326131
AGAGG	-0.382483	1.01421	-0.237267	-2.94213	0.71793	0.430241
CGAGG	0.214498	0.618829	2.53471	-0.715836	0.0838613	0.58584
GGAGG	0.392827	2.57922	2.11485	-3.94492	-1.30672	-0.523166
UGAGG	1.68756	0.545036	0.855354	-0.714468	-0.653245	0.666137
AUAGG	0.199153	-0.157924	0.19661	0.659919	0.439831	-1.00765
CUAGG	-0.134042	0.351027	-0.90611	-1.45974	-0.48878	0.740939
GUAGG	1.15802	-1.02616	-0.307045	-0.343193	-0.410562	-0.0816395
UUAGG	3.55812	1.62216	-0.907383	2.02463	-0.528003	0.231837
AACGG	-2.19372	-0.437668	1.55376	-0.928451	-0.165117	0.169608
CACGG	-0.462426	0.496234	0.865375	0.0294344	-0.995568	0.221919
GACGG	0.439501	-0.202689	-0.0396224	0.1274	-0.126978	-0.0189972
UACGG	-5.53102	-0.515444	-2.2	0.538694	2.16814	-1.06859
ACCGG	0.312586	-0.624142	0.14251	-0.367536	0.49435	-0.138978
CCCGG	-0.724366	-0.394374	1.14422	0.802318	-0.155537	-0.0398268
GCCGG	6.72444	1.36942	0.401103	0.411245	0.324887	0.0071246
UCCGG	0.155074	1.47752	-0.977709	-1.61519	-0.974766	0.923734
AGCGG	-3.61214	0.247105	-0.658493	-0.999597	-1.56933	0.877784
CGCGG	0.395238	1.03343	-0.572125	0.893579	0.0448976	0.285967
GGCGG	0.994028	-1.01171	-0.400752	-0.158882	-0.229923	-0.0427161
UGCGG	-3.0139	-0.182386	6.05133	-1.55372	0.975831	0.246258
AUCGG	-0.875774	-0.261615	0.767208	0.833321	-0.150343	0.0358702
CUCGG	0.0750437	1.10738	-0.394637	-1.28654	0.752811	-0.530499
GUCGG	-1.21095	0.134105	-1.3386	1.54131	-0.412363	-1.09734
UUCGG	-2.41308	1.32176	-0.515858	-4.28439	-1.21928	-0.497482
AAGGG	-0.11566	0.212149	0.418821	-0.348026	0.449389	-0.182899
CAGGG	1.22334	0.253458	1.25328	-0.958679	-0.760666	1.25446
GAGGG	5.54974	-0.449978	0.749555	0.449399	-0.463608	-0.363711
UAGGG	-0.27223	0.0865326	0.914881	-0.299599	-0.46814	-0.417304
ACGGG	0.86422	0.151187	-0.446563	0.0123665	0.546746	0.274804
CCGGG	3.11388	-0.359742	1.30248	-0.0482664	0.420188	-0.0334811
GCGGG	7.50943	0.491138	-0.581349	0.106766	0.0545603	0.0424979
UCGGG	3.89015	0.990625	-0.492568	-0.795161	-0.781886	-0.415427
AGGGG	-2.17973	-0.379101	0.470502	-0.298883	0.742793	1.83459
CGGGG	2.30418	2.09562	0.803882	0.351848	0.135448	0.0737834
GGGGG	1.81331	1.53669	0.652343	1.16121	0.0729314	0.0316931
UGGGG	2.1626	2.72419	0.139935	0.130657	0.105966	0.00413832
AUGGG	6.17749	0.263222	2.60888	-0.156906	-0.946575	-1.46631
CUGGG	0.351045	-0.30447	-0.297746	-0.144947	0.375905	-0.104528
GUGGG	1.98653	0.835485	-1.48603	1.66516	-0.374523	0.275057
UUGGG	-0.214634	0.0602851	-2.30296	2.01148	1.79103	0.636552
AAUGG	0.0193493	1.42481	-0.579591	1.94458	0.942593	0.264669
CAUGG	5.08284	-1.10721	0.215497	-0.945672	-0.16311	-0.10665
GAUGG	1.2022	-0.613333	1.46134	1.88586	0.454674	0.161708
UAUGG	-0.826993	-0.492231	0.761956	-0.804981	1.67354	0.963251
ACUGG	-2.1694	0.0397893	0.206676	-0.430014	0.14875	0.404143
CCUGG	-3.31008	0.124796	-0.373124	-1.70597	0.426437	-1.05937
GCUGG	1.21252	-1.36065	-0.375988	-0.346668	-0.0107139	-0.0525545
UCUGG	-4.68592	-0.112122	-0.701118	-0.305437	-0.47379	1.85652
AGUGG	1.26818	1.86627	0.5842	0.216658	0.346208	0.225773
CGUGG	-1.73259	0.148235	-2.4435	-1.168	0.446717	0.221729
GGUGG	4.05078	2.00484	-1.22598	0.294791	0.274977	0.0475984
UGUGG	-1.4994	-0.150073	1.69568	0.710756	-0.925769	-2.14562
AUUGG	0.404521	0.204333	1.55227	-1.09897	0.815282	-0.460804
CUUGG	-1.90089	-0.565449	-1.35778	1.23032	1.34339	1.21441
GUUGG	-0.474121	-0.226441	-0.325228	0.43964	2.00121	0.16291
UUUGG	-5.31951	-1.13245	0.614599	-0.145452	0.805509	-0.324048
AAAUG	-0.555873	0.530894	-0.403257	2.73613	-0.940716	1.17901
CAAUG	0.275259	0.303066	3.03434	-0.559916	-0.00888913	-0.345522
GAAUG	-0.754066	-0.279873	0.718317	-0.997809	-0.305819	-0.695707
UAAUG	-0.059617	0.35273	-0.187109	-1.23109	-0.897852	2.29344
ACAUG	-1.48322	0.2095	-0.177356	0.44168	0.62746	-1.32342
CCAUG	0.478722	0.325223	-3.06082	2.00525	-0.426143	1.01164
GCAUG	0.774381	1.35973	-0.717344	-1.12714	-2.21245	-0.219329
UCAUG	0.757147	-0.224981	-0.715286	-0.325197	-0.172119	0.114442
AGAUG	-0.897056	-0.185191	-3.92708	1.39438	0.104471	-0.174062
CGAUG	-1.80487	-0.341888	1.96476	0.652837	2.07532	2.27003
GGAUG	-0.210954	1.86271	-1.77639	-2.3415	0.0856893	-0.570513
UGAUG	0.310632	2.31106	0.983582	1.0569	1.06888	0.391168
AUAUG	-3.3789	-0.953004	0.653709	-1.07881	0.759822	1.38357
CUAUG	-2.11857	-0.904248	0.861162	0.570617	0.834354	-0.103127
GUAUG	0.0652397	0.215721	1.10231	1.52808	-0.0879906	-0.900658
UUAUG	-2.64994	0.0710491	-0.178152	0.301845	-0.809503	0.796348
AACUG	-1.87825	0.0389056	-2.50907	0.470162	0.422804	2.39572
CACUG	-1.37412	-0.297269	0.61096	0.0688056	-0.604923	2.18045
GACUG	-0.706324	0.313427	1.92072	-0.489751	-1.34377	-0.15976
UACUG	0.217357	0.378528	0.503043	0.415496	0.886519	-2.54373
ACCUG	-1.04852	-0.970083	-0.0907585	2.52963	-0.844702	-0.93964
CCCUG	0.684009	-0.204424	2.41577	-1.54353	0.112898	0.298342
GCCUG	0.132886	-0.39811	-0.425205	2.29328	0.363195	-0.579026
UCCUG	2.68831	-0.53095	0.582442	-0.287763	-0.973808	-0.74501
AGCUG	1.09814	1.96942	-1.24634	0.750213	0.311521	0.073746
CGCUG	-1.67398	-0.17698	-0.29117	2.25138	-1.84057	-0.193352
GGCUG	4.00321	-2.18386	0.100369	-0.010514	-0.010345	0.0129549
UGCUG	1.02884	1.41028	-1.1891	-3.1426	1.30871	0.294378
AUCUG	0.274632	-0.389721	0.650272	-0.803073	0.247647	0.0158286
CUCUG	-1.13683	-0.144508	0.231201	-0.634231	0.615723	1.4761
GUCUG	1.9024	0.860864	1.27251	-1.01796	0.252082	0.0210422
UUCUG	1.48355	0.197416	-0.448971	2.72339	-0.0688204	-0.928141
AAGUG	0.969768	-1.09611	-0.18743	-0.299485	-0.289659	-0.0300196
CAGUG	-0.893883	0.0916311	-1.23544	-1.28501	1.95504	0.552441
GAGUG	0.273768	0.567998	-0.198781	-0.814597	-0.592667	0.438681
UAGUG	0.455205	-0.108154	0.0340209	-0.158485	-0.360285	0.00797149
ACGUG	-1.06987	0.744305	-0.58922	0.359223	-2.39508	-0.473263
CCGUG	2.85745	-0.894588	0.335375	0.323755	-0.239983	-0.247237
GCGUG	-3.05799	0.210908	-0.261714	-0.313046	-0.0923176	0.375833
UCGUG	0.854189	-0.849366	-0.220042	0.156278	-0.1584	0.053497
AGGUG	-0.833293	0.203089	-2.27601	-0.312472	1.74641	0.620822
CGGUG	1.28537	-0.941621	0.134443	-0.253648	-0.414747	-0.0848548
GGGUG	2.18161	1.25862	0.667276	-0.711707	0.344801	0.233507
UGGUG	0.782336	3.08242	-0.168144	-0.895316	1.11806	-0.0985014
AUGUG	1.08853	-1.0427	0.119621	-0.669832	-0.189346	-0.210447
CUGUG	1.41778	1.62573	-0.714246	1.72313	-1.40949	0.152247
GUGUG	0.911663	-0.986704	-0.614716	-0.111569	-0.170492	-0.109108
UUGUG	-0.193198	-0.0699901	-0.443574	-0.00671071	-0.0340124	0.743017
AAUUG	0.999458	0.281028	0.489632	-0.401586	-1.9955	-0.0884081
CAUUG	-0.11045	-1.11716	-0.0488144	-0.212816	0.825687	0.520091
GAUUG	2.1338	0.544296	-1.86216	0.273888	-1.57934	-1.07557
UAUUG	-3.6086	1.00411	-2.64125	-2.90226	-2.649	0.908828
ACUUG	3.33428	0.198989	0.593879	2.2316	-0.0801013	-0.997408
CCUUG	-1.08026	-0.0613649	0.649827	0.0602109	-0.870318	0.527672
GCUUG	-1.08811	-1.33983	-0.577363	1.27296	1.26745	0.322718
UCUUG	-0.699674	-1.6454	-1.06994	0.623609	1.42566	1.04287
AGUUG	-3.54596	-1.91599	1.75017	0.216257	2.28542	-0.13444
CGUUG	0.440111	-0.810568	0.172427	-0.201838	0.200666	-0.0195086
GGUUG	-3.69539	-0.889894	0.858244	1.39595	0.757808	1.21827
UGUUG	1.87062	0.981338	0.0379783	-0.716728	-0.859051	-0.313157
AUUUG	4.74367	1.09882	-0.0448124	-1.06601	-1.14211	0.44004
CUUUG	0.458286	0.330963	3.15278	-1.07742	-0.449372	-0.670065
GUUUG	-5.23265	-1.15656	-2.35363	0.97353	0.42528	1.79617
UUUUG	1.71661	-1.59988	-0.498093	-0.588064	-0.548781	-0.137421
AAAAU	1.58966	-0.723439	-0.496033	-0.3828	-0.911589	-0.505864
CAAAU	-0.103877	-0.88293	0.822681	-3.1976	-1.41598	4.55621
GAAAU	-3.88123	-0.207807	0.100982	-0.00386345	-1.57068	1.66522
UAAAU	2.37408	-0.837205	3.20554	-0.386388	-0.193332	2.80119
ACAAU	0.174326	0.49531	-2.36954	0.587415	0.0460654	-0.57247
CCAAU	-3.33155	-0.169229	-0.534653	-1.9595	1.49911	-2.51675
GCAAU	0.806754	0.335475	1.32244	-0.365659	-0.534821	0.141618
UCAAU	0.856088	-0.800602	-0.959295	0.59121	-0.051827	-0.501976
AGAAU	0.585777	2.25321	-0.620084	-2.44125	-0.23055	1.05815
CGAAU	2.05182	-0.850234	0.0365036	-0.512007	-0.434846	-0.0408596
GGAAU	-0.499922	0.42791	1.60361	-2.237	1.14002	0.987048
UGAAU	-1.39791	0.00160222	-0.580669	1.18962	1.12502	-3.42561
AUAAU	0.00532795	-0.77991	0.203074	-0.653382	0.997461	-0.587715
CUAAU	-0.342348	1.12954	3.48503	-1.94824	-1.02915	-0.409622
GUAAU	0.772603	0.720626	-1.55562	-1.35599	-1.59577	0.897859
UUAAU	-1.35716	-0.157343	-0.396366	0.197236	-0.516932	3.78913
AACAU	-0.448765	1.29705	-0.848695	0.724222	-1.86246	-1.09624
CACAU	-4.91241	-0.376078	-0.147312	0.980215	-2.57325	-0.978043
GACAU	1.58473	-0.8662	-0.386612	-0.478206	0.0100948	-0.0170118
UACAU	3.52206	-0.26168	0.293224	-0.368893	-1.24853	0.492881
ACCAU	0.376621	0.386678	-0.209666	0.202511	1.1573	0.431756
CCCAU	-4.9638	-0.245234	-0.434682	0.496735	-0.236533	-0.492028
GCCAU	0.338405	-0.254973	0.314105	0.594909	1.5647	0.156729
UCCAU	-1.38158	-1.6092	1.42362	-1.58096	0.627927	-1.24985
AGCAU	-0.168345	-0.0994373	0.0666741	0.282736	-0.114062	-0.0799758
CGCAU	1.40731	-1.02746	-0.692083	-0.353858	-0.448047	-0.171588
GGCAU	-0.175651	-0.102666	-0.09856	0.39591	1.23022	0.441581
UGCAU	-0.848136	0.0289736	-3.10852	-1.88248	2.03348	-1.55443
AUCAU	-1.26261	-0.30882	-0.566948	3.73934	0.270234	1.65503
CUCAU	-0.228732	-1.30931	0.891042	-0.255725	2.36433	0.295389
GUCAU	0.907146	-1.05251	-0.365781	-0.058811	-0.252057	0.116757
UUCAU	-0.638864	0.634567	-0.556298	1.81835	-2.2575	2.09262
AAGAU	-0.775307	0.154936	-1.27096	0.877449	-0.0325348	0.704455
CAGAU	1.43583	-0.980496	-0.503929	-0.441812	-0.6268	-0.0921458
GAGAU	0.129862	0.164894	-1.23687	1.24595	2.37463	1.17661
UAGAU	-2.92313	0.412195	-0.416621	-5.55306	0.762278	-0.833943
ACGAU	0.613624	-1.15665	-1.49906	0.636532	-0.506086	0.039412
CCGAU	0.555165	-0.941995	-0.576338	-0.114115	0.606594	0.0763533
GCGAU	0.682687	-0.429906	-0.750603	-0.30093	0.147332	-0.0229638
UCGAU	-0.759902	-0.329955	1.46347	0.87916	0.966979	1.16813
AGGAU	-2.04715	-0.597127	3.86733	-2.53487	-0.967581	-0.966665
CGGAU	-0.516947	-0.332931	0.444009	0.00834112	1.28558	0.00993834
GGGAU	1.07175	-0.828235	-0.834787	-0.36948	0.18535	0.143633
UGGAU	-2.66115	-2.05313	1.04865	0.55498	0.601576	-0.0241635
AUGAU	1.32709	-0.960236	-1.28083	-0.174167	1.04627	0.560356
CUGAU	3.54967	-1.35088	1.4272	-0.484362	-1.21734	-0.359638
GUGAU	-2.36801	-0.055219	-0.198399	-1.12183	1.21006	-1.0586
UUGAU	-0.504918	-0.906067	1.10777	-1.13248	0.159425	-0.349101
AAUAU	0.18324	0.115056	0.481293	0.176626	-0.0686843	1.23445
CAUAU	-1.29571	0.486351	-0.395485	-2.40003	4.48824	-1.76132
GAUAU	0.48266	0.421143	-0.86645	0.359614	-0.260993	0.116089
UAUAU	-4.62081	-3.06158	0.0785062	0.123008	0.981199	0.932742
ACUAU	-3.13915	-0.0323478	-0.270947	0.450028	-0.70127	0.496596
CCUAU	-5.48185	0.445401	-1.69088	-1.15085	-2.67224	-1.06362
GCUAU	-0.343414	-0.176894	1.64526	-0.700578	-0.112565	-0.515995
UCUAU	-0.961591	-0.171512	0.575139	1.67056	0.258683	4.0256
AGUAU	-0.153392	-0.581145	-0.0154169	1.07833	1.88032	-0.591366
CGUAU	0.818281	0.516565	0.195428	0.127057	-0.79659	0.0697303
GGUAU	1.02161	0.701721	2.32536	0.710365	0.128405	-0.178191
UGUAU	2.03198	1.2835	1.21331	-0.311572	-1.02484	-1.86361
AUUAU	2.83652	-0.1696	2.56616	1.08567	2.76095	0.804523
CUUAU	-0.652374	-1.49811	0.294388	0.845391	0.764214	0.450643
GUUAU	-0.284193	-0.565979	0.369308	2.42627	0.398346	0.694386
UUUAU	0.888316	-0.65783	-0.490415	-0.316555	-0.372458	-0.0827812
AAACU	-0.956063	0.0973053	-0.128624	-0.394466	-0.536508	1.59432
CAACU	0.0792451	0.430244	-0.15559	0.283461	-0.133124	-1.53273
GAACU	0.259505	-0.845896	0.256281	2.32667	0.603987	0.860747
UAACU	-2.23431	0.0992627	-1.92501	-0.666775	-2.61041	-0.96197
ACACU	-1.25736	1.43501	-0.592795	0.876955	-2.73186	-1.50813
CCACU	-0.395876	-0.0725574	0.699809	0.318054	2.34877	-0.889628
GCACU	1.02656	-1.36308	-0.492252	-0.255733	-0.0696859	-0.00685181
UCACU	0.102949	-0.754684	-0.104722	0.425563	0.561979	0.923118
AGACU	-0.550794	-0.0984099	2.13649	-0.375395	-0.885015	0.262061
CGACU	-0.526296	0.624961	1.33729	0.0880082	0.808288	-0.191107
GGACU	1.8298	-1.64216	-0.00253786	-0.0200474	-0.0765741	0.0267463
UGACU	-1.47509	-0.154275	0.796196	1.06275	-1.82044	-1.45197
AUACU	-4.60446	-0.0610742	-0.348147	-0.00232773	-2.8458	3.18344
CUACU	-0.484021	-0.207191	-0.211791	4.75558	-0.652431	-0.958032
GUACU	0.238931	0.193441	-0.809665	-0.193998	-1.1373	0.254884
UUACU	0.558443	-1.21486	-0.47382	0.474468	-0.378049	0.140446
AACCU	0.554484	2.54289	-1.24177	1.01448	-0.962767	-0.578836
CACCU	0.143601	0.714887	2.2607	-1.58759	0.653378	-1.30975
GACCU	0.262355	-0.360014	1.63192	2.95241	-2.65974	0.933853
UACCU	0.489666	-0.575521	0.367639	1.0981	-1.12313	-0.352298
ACCCU	-0.717405	-0.0684054	0.0214605	1.287	-1.22564	2.13115
CCCCU	3.28341	-0.71334	-0.0846111	-0.5541	-0.685398	-0.0607526
GCCCU	1.47698	-0.00442763	0.825935	1.148	0.965336	-0.0341559
UCCCU	1.36166	-1.17342	-0.540018	-0.183018	-0.426069	-0.184886
AGCCU	1.25912	-1.26567	-0.321555	-0.178249	-0.265069	-0.0631574
CGCCU	0.576429	0.227629	-0.454686	-1.13424	-0.648906	-0.0421782
GGCCU	1.36832	0.305178	1.85712	0.725352	-0.280665	-0.404872
UGCCU	1.04952	-1.15046	-0.419974	-0.227844	-0.268475	-0.126184
AUCCU	-2.04559	0.0571282	-0.723878	0.359739	-0.786746	1.06448
CUCCU	-1.46293	-0.281726	-0.389149	-1.2155	1.20486	-0.457372
GUCCU	-4.58155	-1.33007	0.738381	1.09256	-1.98419	0.38583
UUCCU	-0.869585	-1.39102	1.6457	0.633259	-1.642	-0.193097
AAGCU	-2.5811	-1.96976	0.306265	-0.718892	0.72731	-0.00810695
CAGCU	0.77391	-0.347661	-0.459728	-0.0566274	-0.175123	-0.235803
GAGCU	1.82444	0.248798	1.50405	-0.522253	-0.0268396	-0.319717
UAGCU	0.911934	-0.0232523	-0.533366	-0.524078	-0.95379	0.722141
ACGCU	0.529362	-1.06728	0.458567	-0.0570855	-0.197715	0.0409696
CCGCU	1.79144	-0.320113	-0.665709	-0.345217	-0.632398	0.176394
GCGCU	-1.81673	0.241477	-2.34127	-2.53381	0.942927	-0.417173
UCGCU	0.310746	0.391596	-0.708516	0.869888	0.0394332	0.284034
AGGCU	-1.95878	-0.338618	0.102545	2.22014	-0.893125	-1.26441
CGGCU	-2.29664	0.985461	-1.67463	-2.57481	-1.96677	0.93217
GGGCU	0.374028	0.294363	0.0451674	0.661985	0.988849	-0.754974
UGGCU	-2.36412	-0.225135	0.49277	0.0264601	0.833579	0.287621
AUGCU	0.927406	1.32856	-0.543503	-0.668937	-2.72391	-0.701332
CUGCU	0.428183	-0.308624	-0.459635	0.407466	-0.466069	0.264694
GUGCU	1.19665	0.843675	0.818175	0.995319	-2.77843	-0.334409
UUGCU	-0.191681	-0.376007	-0.077756	-0.569548	0.86596	0.348159
AAUCU	-1.06665	-0.535485	-0.225475	1.17596	0.878662	0.604591
CAUCU	4.16882	-1.1951	-0.702071	-0.169091	-0.381741	0.12632
GAUCU	0.455844	0.425894	-0.0252392	-0.953897	-0.0194043	0.279052
UAUCU	-1.70229	-1.10038	0.575093	-0.237666	1.24662	0.295228
ACUCU	-0.829999	-0.0252457	-0.728772	-1.1349	1.73756	-0.186712
CCUCU	-0.191714	-0.597341	0.0148294	-0.0651324	0.429097	0.402222
GCUCU	3.01242	-0.858756	0.435745	-1.04889	-0.660304	-0.458448
UCUCU	0.227572	1.5655	-2.13284	-0.528817	-1.68642	-1.16998
AGUCU	-0.370201	-0.130661	0.508148	1.29756	-0.293131	3.00396
CGUCU	0.645118	-0.448435	-0.403817	-0.21692	-0.0437776	0.0757353
GGUCU	0.935387	-1.09923	-0.174111	-0.314182	-0.0302095	-0.00247942
UGUCU	0.106846	0.83703	-1.63787	0.428824	-0.720615	-0.621285
AUUCU	-1.88449	-1.54957	0.781503	0.165936	1.24316	-0.480516
CUUCU	3.02184	2.41884	1.69375	-0.361943	-1.83014	1.18612
GUUCU	0.957961	-0.962466	-0.310617	-0.300234	-0.0857352	-0.0121774
UUUCU	1.04706	-0.344492	-0.770773	1.90188	1.16746	-0.891679
AAAGU	1.10254	-0.698649	-0.689048	-0.334983	-0.314261	0.0240814
CAAGU	0.106737	0.53669	-1.13657	-0.520261	0.911695	0.598816
GAAGU	1.03038	-0.51855	-0.591948	2.6124	-1.17389	-0.10872
UAAGU	1.23688	-0.896618	-0.339635	-0.307194	-0.367416	-0.281411
ACAGU	0.987223	-0.958264	0.12878	-0.471924	-0.212849	-0.225178
CCAGU	0.984491	-0.105314	2.34326	-0.177089	1.32139	0.862942
GCAGU	1.59417	0.227408	-0.0502334	0.0223344	3.07942	-0.0178188
UCAGU	0.566965	-0.0884582	-0.945902	0.315846	-0.175567	-0.112482
AGAGU	-0.526973	1.14913	-0.425186	-1.00722	-0.335214	-0.280218
CGAGU	-1.00575	0.362827	-0.429049	-0.665903	1.59686	-0.181991
GGAGU	-2.17691	0.447908	-0.461493	-2.50084	-0.801366	5.56047
UGAGU	-3.17198	-0.689426	0.937871	0.38263	-0.265071	-0.0165834
AUAGU	0.635321	-0.272085	0.03771	1.40694	0.478633	0.528911
CUAGU	1.18667	0.560463	-0.277369	1.66959	0.387402	0.0711733
GUAGU	-1.10912	0.868017	-2.85086	-0.620422	1.05993	-1.01321
UUAGU	-0.0501461	2.08771	-1.11544	0.353873	-1.9402	-0.927388
AACGU	0.200046	-0.23891	0.312963	0.135922	-0.621431	-0.0213722
CACGU	0.16031	-0.612208	-0.454507	-1.52515	-0.94447	0.160898
GACGU	-0.0733298	0.00804793	0.0849383	0.386034	-0.527482	0.0449562
UACGU	-1.01422	-0.233895	-0.163232	0.359191	1.00785	0.0665128
ACCGU	-1.20455	-0.119088	0.040546	0.0103567	0.86735	0.642972
CCCGU	-0.875609	-0.33691	-0.310939	3.90469	-1.95754	-0.922474
GCCGU	-2.49712	0.442768	2.83284	-2.04878	-0.202172	-3.24202
UCCGU	-4.40634	-0.676651	-2.73983	-0.0101864	1.89059	1.2223
AGCGU	-0.302206	-0.448343	0.0450911	0.269172	-0.106018	0.645022
CGCGU	-0.00811866	-0.284705	0.324815	0.0150738	-0.0849766	-0.0286815
GGCGU	-2.19886	0.11986	-1.46573	0.239862	1.42587	-0.00127147
UGCGU	0.420209	-0.566872	-0.0902205	-0.00232772	-0.049549	-0.032675
AUCGU	-0.068313	0.488394	0.250694	0.335307	-0.188587	-0.0264246
CUCGU	3.92644	0.749254	0.942182	0.274254	0.114398	0.386172
GUCGU	-1.44599	1.4534	-3.55705	0.337796	1.31879	0.369744
UUCGU	-3.61532	-1.83146	1.27082	0.983296	-1.03553	-0.0389099
AAGGU	-1.11122	0.200112	0.618572	0.258912	-0.988396	1.02925
CAGGU	1.09763	0.380428	0.574061	0.453738	-1.06433	-0.630588
GAGGU	1.22273	-1.11796	-0.645445	-0.503802	0.0463102	0.0426858
UAGGU	0.264346	-0.529495	0.705356	0.0581276	-0.24171	-0.000663303
ACGGU	-1.98597	-0.274865	1.47669	-0.355691	-0.718334	-0.159602
CCGGU	-1.92147	-0.076819	1.31507	0.687688	-0.101588	-0.376751
GCGGU	0.504178	0.275591	-0.21466	-0.34982	-0.4133	-0.163858
UCGGU	0.8147	-0.996484	-0.368532	0.110184	-0.177242	-0.340055
AGGGU	0.11158	0.485627	0.0601357	0.204212	-0.17142	-1.61802
CGGGU	1.02372	0.465979	1.05749	-0.538008	0.245902	-0.11385
GGGGU	-2.80058	-1.74354	0.518519	2.10187	1.1237	0.628709
UGGGU	-0.183943	0.0881054	1.75157	-0.0597587	0.7587	-0.194218
AUGGU	-0.22502	-1.91192	0.829314	3.28384	1.65303	-0.0138743
CUGGU	0.106967	1.4461	-0.724826	-1.5035	-2.06074	0.878884
GUGGU	0.286278	0.220201	1.52955	-2.72736	0.881534	-0.081697
UUGGU	-0.149987	-0.427996	1.04834	-0.751287	0.2771	0.179487
AAUGU	1.08501	-1.11344	-0.198432	-0.233785	-0.156548	-0.175713
CAUGU	-0.134247	-0.716453	0.531297	0.0610205	-0.0887975	0.0934553
GAUGU	0.567798	0.0998186	0.645356	1.24361	-1.02244	-1.09947
UAUGU	-0.324204	1.19573	-1.29057	-1.66007	-2.88268	-1.30874
ACUGU	-0.79682	-1.32811	-0.959465	-0.381258	-1.12459	-0.0459261
CCUGU	-0.327053	-1.06764	0.285373	0.725539	-0.0712984	0.266803
GCUGU	4.05456	-0.504245	0.74757	-0.910746	-0.299373	0.538879
UCUGU	1.23085	-1.59196	-0.0474751	-0.351695	-0.129892	-0.117402
AGUGU	0.81424	-0.974335	-0.0288262	-0.185253	-0.140288	-0.0089447
CGUGU	-0.21358	0.541968	-1.44847	0.607374	0.852035	-0.0537427
GGUGU	1.72684	0.0446487	0.175743	-0.6232	-0.809477	-0.108774
UGUGU	0.583303	-0.519451	-0.35596	-0.0365508	0.0473202	-0.0560666
AUUGU	0.621749	-0.412101	-2.61145	3.80039	-1.53304	-1.09213
CUUGU	-2.2502	0.0183113	-0.339136	-1.25204	3.09334	-1.50733
GUUGU	-0.104341	-0.294567	0.547253	-0.753037	0.0968644	0.346967
UUUGU	2.34495	-2.27392	-0.489412	-0.851254	-0.698111	-0.208816
AAAUU	0.647126	0.689792	-0.831104	-0.898375	2.6058	-0.624867
CAAUU	-0.156337	-0.313867	-1.44638	-0.432194	3.78187	0.189679
GAAUU	0.102035	-0.460989	-0.321794	-0.364117	2.58461	2.74982
UAAUU	-1.05814	-0.900449	-1.16358	1.15287	-0.415031	-0.29577
ACAUU	0.980398	0.65115	1.14147	-0.66416	-1.96095	0.730351
CCAUU	-3.9298	-0.0153828	0.0981491	-0.276432	-2.93308	1.24893
GCAUU	0.648875	0.249754	0.889615	-1.33528	0.822151	-0.620267
UCAUU	-0.101038	0.240064	0.000215538	-0.273549	0.51433	-0.348966
AGAUU	0.128987	0.56086	-0.474215	1.50641	-1.52127	-0.320226
CGAUU	-0.553384	0.94774	-0.501159	-0.138711	0.126394	-0.196364
GGAUU	-0.478391	0.764063	-2.06265	-1.55932	0.787018	3.64109
UGAUU	-0.560699	0.0858814	2.23358	0.961374	0.66114	-2.01649
AUAUU	4.59595	-1.4044	-0.784086	0.00820058	0.0172339	0.322065
CUAUU	-2.34869	-2.76873	0.694462	0.376399	1.65539	4.82227
GUAUU	1.50419	-0.666105	-0.664358	-0.47467	-0.479148	-0.0853626
UUAUU	1.8908	0.152969	0.018027	0.101635	0.934313	0.768497
AACUU	0.95237	0.718122	-0.119236	0.432761	1.44759	-1.54892
CACUU	0.0854345	-0.16584	-0.276803	0.100372	2.29612	-2.79502
GACUU	1.03126	-1.05356	-0.236691	-0.30504	-0.257689	-0.135908
UACUU	1.84417	-0.852192	-0.200199	-0.262165	-1.52202	0.979711
ACCUU	1.24447	-0.243505	-1.76376	0.108511	0.926094	-1.03576
CCCUU	1.32265	0.406046	1.85085	-2.64334	-1.64551	0.424124
GCCUU	0.950542	-0.871682	-0.440785	-0.23331	-0.126437	0.000291945
UCCUU	0.572803	1.40161	2.15299	-1.73846	-2.63849	-0.0186345
AGCUU	-2.20717	-0.0925615	0.849407	-0.721683	0.543475	0.440526
CGCUU	-4.01474	-2.0796	1.43165	-1.09213	-0.151397	-0.153609
GGCUU	0.700181	-0.741043	-1.51088	2.3448	-1.54686	1.06555
UGCUU	-0.931689	0.156155	-0.896006	0.540191	-0.556668	0.847385
AUCUU	-0.924528	0.0998842	-1.5324	-0.0790921	1.89991	0.918068
CUCUU	1.2254	0.390694	2.74521	-0.289167	0.685678	2.9067
GUCUU	0.299837	-0.458929	-1.49162	2.65696	0.580507	-0.100298
UUCUU	-1.44021	0.347658	-0.550477	-0.570107	-0.273591	0.192686
AAGUU	1.62037	1.96471	-2.49981	-0.292625	-1.72803	-0.861567
CAGUU	0.749049	-0.121349	1.75987	0.883241	1.81419	1.55485
GAGUU	0.222057	-0.470187	-0.703621	-0.381277	0.720989	0.0464435
UAGUU	-3.24961	-0.405952	0.19727	-0.932097	0.915609	-1.69831
ACGUU	0.473519	-0.880661	-0.095378	0.365814	-0.334192	-0.0569267
CCGUU	0.944546	-0.940365	-0.180678	-0.493542	0.219004	-0.0680981
GCGUU	0.803759	-0.851166	-0.000975052	-0.310174	-0.0646097	-0.0147173
UCGUU	-1.58042	1.1746	1.04732	-0.505349	0.542473	0.0988262
AGGUU	0.505642	-0.439267	-0.365004	-0.300145	0.172038	-0.0175723
CGGUU	0.663261	-0.557617	0.534953	-0.0520826	0.275596	0.144974
GGGUU	-1.04222	-0.340908	0.177409	1.58937	1.40079	0.724382
UGGUU	0.464933	-0.896118	0.158338	-0.190079	0.177077	-0.0108109
AUGUU	-0.284785	-0.296965	2.62253	0.730269	1.32914	2.27763
CUGUU	0.0339211	2.62797	-2.12124	-2.52019	-1.10412	-0.498202
GUGUU	0.32118	-0.20388	0.385067	2.23812	-0.662944	-0.191025
UUGUU	1.66109	-1.67058	-0.359444	-0.489258	-0.39598	-0.159778
AAUUU	-0.417584	0.367005	0.375933	-1.31833	0.0044542	0.439768
CAUUU	-0.119102	-0.408696	0.19577	0.307362	0.46818	-0.913916
GAUUU	2.35814	-1.15677	-1.23852	-0.721795	0.0518093	-0.316278
UAUUU	-0.535733	0.905998	0.252792	-1.16406	-0.548304	-1.18637
ACUUU	1.56385	-0.891978	-1.69567	-0.50521	2.34628	-0.0213734
CCUUU	1.20216	-0.38089	-0.514423	-0.646764	-0.45738	-0.100847
GCUUU	-1.31029	-1.18172	2.91536	0.459102	-1.16013	3.84455
UCUUU	1.48525	-1.00047	-0.308016	-0.737031	-0.668267	-0.315848
AGUUU	-0.383683	-0.624898	1.81804	-0.330841	0.278325	-0.25638
CGUUU	-0.0693664	-0.245063	0.781715	-0.364764	1.46369	0.822854
GGUUU	-0.656554	0.333701	-0.352623	-1.76721	0.267604	0.704021
UGUUU	1.61365	-1.59681	-0.465677	-0.537026	-0.319347	-0.134732
AUUUU	2.11304	-1.07102	-0.807456	-0.475912	-1.10957	-0.228604
CUUUU	0.188892	0.112805	3.41034	-0.15814	4.78133	-0.976107
GUUUU	-0.130102	0.366334	-0.483137	-0.0626051	0.490628	1.03889
UUUUU	4.48668	-1.61204	-1.00433	-0.971121	-3.57257	-1.05895

Relative affinities to the structural contexts 
P	0.182175
H	0.00977046
I	1
M	1.92331e-08
E	0.0277902

